<?xml version="1.0" encoding="utf-8"?>
<COLLADA xmlns="http://www.collada.org/2005/11/COLLADASchema" version="1.4.1">
  <asset>
    <contributor>
      <author>Mixamo</author>
      <authoring_tool>COLLADA Mixamo exporter</authoring_tool>
      <comments/>
    </contributor>
    <created>2026-01-24T18:27:00Z</created>
    <modified>2026-01-24T18:27:00Z</modified>
    <revision/>
    <title/>
    <unit meter="0.010000"/>
    <up_axis>Y_UP</up_axis>
  </asset>
  <library_animations>
    <animation id="mixamorig_Hips-anim" name="mixamorig_Hips">
      <source id="mixamorig_Hips-Matrix-animation-input">
        <float_array id="mixamorig_Hips-Matrix-animation-input-array" count="96">

0.000000 0.033333 0.066667 0.100000 0.133333 0.166667 0.200000 0.233333 0.266667 0.300000 0.333333 0.366667 0.400000 0.433333 0.466667 0.500000
0.533333 0.566667 0.600000 0.633333 0.666667 0.700000 0.733333 0.766667 0.800000 0.833333 0.866667 0.900000 0.933333 0.966667 1.000000 1.033333
1.066667 1.100000 1.133333 1.166667 1.200000 1.233333 1.266667 1.300000 1.333333 1.366667 1.400000 1.433333 1.466667 1.500000 1.533333 1.566667
1.600000 1.633333 1.666667 1.700000 1.733333 1.766667 1.800000 1.833333 1.866667 1.900000 1.933333 1.966667 2.000000 2.033333 2.066667 2.100000
2.133333 2.166667 2.200000 2.233333 2.266667 2.300000 2.333333 2.366667 2.400000 2.433333 2.466667 2.500000 2.533333 2.566667 2.600000 2.633333
2.666667 2.700000 2.733333 2.766667 2.800000 2.833333 2.866667 2.900000 2.933333 2.966667 3.000000 3.033333 3.066667 3.100000 3.133333 3.166667</float_array>
        <technique_common>
          <accessor source="#mixamorig_Hips-Matrix-animation-input-array" count="96">
            <param name="TIME" type="float"/>
          </accessor>
        </technique_common>
      </source>
      <source id="mixamorig_Hips-Matrix-animation-output-transform">
        <float_array id="mixamorig_Hips-Matrix-animation-output-transform-array" count="1536">

0.999959 0.008443 -0.003276 -9.066184 -0.008541 0.999480 -0.031080 111.494537 0.003012 0.031107 0.999512 7.595445 0.000000 0.000000 0.000000 1.000000
0.999953 0.009393 -0.002502 -9.057343 -0.009462 0.999533 -0.029057 111.436821 0.002228 0.029079 0.999575 7.671683 0.000000 0.000000 0.000000 1.000000
0.999942 0.010624 -0.001605 -9.055499 -0.010663 0.999591 -0.026543 111.368217 0.001323 0.026559 0.999646 7.760635 0.000000 0.000000 0.000000 1.000000
0.999929 0.011910 -0.000768 -9.061971 -0.011925 0.999650 -0.023635 111.290184 0.000486 0.023643 0.999720 7.864154 0.000000 0.000000 0.000000 1.000000
0.999916 0.012995 -0.000063 -9.078137 -0.012994 0.999709 -0.020319 111.201118 -0.000201 0.020318 0.999794 7.978513 0.000000 0.000000 0.000000 1.000000
0.999906 0.013683 0.000230 -9.106778 -0.013677 0.999776 -0.016122 111.091522 -0.000450 0.016117 0.999870 8.087634 0.000000 0.000000 0.000000 1.000000
0.999907 0.013613 -0.000200 -9.153779 -0.013614 0.999853 -0.010418 110.954338 0.000058 0.010420 0.999946 8.173242 0.000000 0.000000 0.000000 1.000000
0.999921 0.012515 -0.001244 -9.228603 -0.012520 0.999915 -0.003721 110.812897 0.001197 0.003736 0.999992 8.242041 0.000000 0.000000 0.000000 1.000000
0.999938 0.010914 -0.002107 -9.340496 -0.010910 0.999939 0.001705 110.717819 0.002126 -0.001682 0.999996 8.335257 0.000000 0.000000 0.000000 1.000000
0.999951 0.009809 -0.001606 -9.487763 -0.009803 0.999946 0.003522 110.714737 0.001641 -0.003506 0.999993 8.497599 0.000000 0.000000 0.000000 1.000000
0.999954 0.009581 0.001055 -9.659714 -0.009583 0.999953 0.001293 110.810860 -0.001043 -0.001303 0.999999 8.741410 0.000000 0.000000 0.000000 1.000000
0.999937 0.009632 0.005797 -9.849738 -0.009610 0.999947 -0.003805 110.985527 -0.005834 0.003750 0.999976 9.043750 0.000000 0.000000 0.000000 1.000000
0.999893 0.009126 0.011422 -10.059149 -0.009005 0.999903 -0.010604 111.202881 -0.011518 0.010500 0.999879 9.362901 0.000000 0.000000 0.000000 1.000000
0.999840 0.007818 0.016066 -10.291055 -0.007520 0.999799 -0.018569 111.432945 -0.016208 0.018446 0.999698 9.662914 0.000000 0.000000 0.000000 1.000000
0.999808 0.006090 0.018609 -10.539919 -0.005581 0.999612 -0.027289 111.662788 -0.018768 0.027180 0.999454 9.935368 0.000000 0.000000 0.000000 1.000000
0.999795 0.005083 0.019622 -10.786710 -0.004371 0.999336 -0.036161 111.859131 -0.019793 0.036067 0.999153 10.199877 0.000000 0.000000 0.000000 1.000000
0.999782 0.004988 0.020274 -11.007305 -0.004076 0.998989 -0.044775 112.022446 -0.020477 0.044682 0.998791 10.478098 0.000000 0.000000 0.000000 1.000000
0.999784 0.004463 0.020296 -11.210051 -0.003380 0.998584 -0.053082 112.163681 -0.020504 0.053002 0.998384 10.799699 0.000000 0.000000 0.000000 1.000000
0.999833 0.003159 0.017985 -11.398552 -0.002059 0.998142 -0.060895 112.280693 -0.018144 0.060847 0.997982 11.174171 0.000000 0.000000 0.000000 1.000000
0.999916 0.001737 0.012855 -11.568836 -0.000866 0.997717 -0.067522 112.374275 -0.012943 0.067505 0.997635 11.603400 0.000000 0.000000 0.000000 1.000000
0.999977 0.000602 0.006824 -11.720369 -0.000108 0.997389 -0.072219 112.431892 -0.006850 0.072216 0.997365 12.069983 0.000000 0.000000 0.000000 1.000000
0.999998 -0.000914 0.001656 -11.858390 0.001035 0.997194 -0.074848 112.439293 -0.001583 0.074850 0.997194 12.532758 0.000000 0.000000 0.000000 1.000000
0.999991 -0.003198 -0.002640 -11.981409 0.002989 0.997121 -0.075766 112.396729 0.002874 0.075758 0.997122 12.930107 0.000000 0.000000 0.000000 1.000000
0.999971 -0.005439 -0.005354 -12.089050 0.005019 0.997133 -0.075499 112.338753 0.005749 0.075470 0.997131 13.209750 0.000000 0.000000 0.000000 1.000000
0.999970 -0.007104 -0.003188 -12.198714 0.006845 0.997155 -0.075074 112.315643 0.003713 0.075050 0.997173 13.348881 0.000000 0.000000 0.000000 1.000000
0.999937 -0.008618 0.007250 -12.338799 0.009145 0.997055 -0.076138 112.356537 -0.006573 0.076200 0.997071 13.363145 0.000000 0.000000 0.000000 1.000000
0.999613 -0.010364 0.025827 -12.520421 0.012400 0.996719 -0.079979 112.439972 -0.024913 0.080268 0.996462 13.309188 0.000000 0.000000 0.000000 1.000000
0.998762 -0.011801 0.048320 -12.727915 0.015947 0.996138 -0.086336 112.521721 -0.047114 0.087000 0.995094 13.273968 0.000000 0.000000 0.000000 1.000000
0.997550 -0.012216 0.068887 -12.947387 0.018607 0.995500 -0.092921 112.571892 -0.067442 0.093975 0.993288 13.332178 0.000000 0.000000 0.000000 1.000000
0.996436 -0.011637 0.083545 -13.180420 0.019656 0.995206 -0.095805 112.588165 -0.082029 0.097106 0.991888 13.498141 0.000000 0.000000 0.000000 1.000000
0.995683 -0.011291 0.092133 -13.423888 0.019711 0.995655 -0.091004 112.567062 -0.090705 0.092427 0.991579 13.718728 0.000000 0.000000 0.000000 1.000000
0.995230 -0.012502 0.096751 -13.653047 0.020011 0.996827 -0.077040 112.489937 -0.095481 0.078609 0.992323 13.907800 0.000000 0.000000 0.000000 1.000000
0.995027 -0.015021 0.098470 -13.828564 0.020737 0.998142 -0.057292 112.351250 -0.097427 0.059049 0.993489 13.997725 0.000000 0.000000 0.000000 1.000000
0.995193 -0.017803 0.096299 -13.931718 0.021717 0.998974 -0.039751 112.193001 -0.095493 0.041651 0.994558 13.987103 0.000000 0.000000 0.000000 1.000000
0.995786 -0.019942 0.089514 -13.964626 0.022897 0.999222 -0.032098 112.036972 -0.088804 0.034012 0.995468 13.935495 0.000000 0.000000 0.000000 1.000000
0.996577 -0.021557 0.079807 -13.950160 0.024418 0.999087 -0.035047 111.888695 -0.078979 0.036876 0.996194 13.898617 0.000000 0.000000 0.000000 1.000000
0.997237 -0.023217 0.070561 -13.917193 0.026195 0.998792 -0.041571 111.757889 -0.069511 0.043305 0.996641 13.864595 0.000000 0.000000 0.000000 1.000000
0.997578 -0.025720 0.064622 -13.904040 0.028624 0.998603 -0.044409 111.679482 -0.063390 0.046152 0.996921 13.762592 0.000000 0.000000 0.000000 1.000000
0.997571 -0.029373 0.063162 -13.944847 0.032164 0.998530 -0.043626 111.673706 -0.061788 0.045551 0.997049 13.549214 0.000000 0.000000 0.000000 1.000000
0.997276 -0.032771 0.066086 -14.027983 0.035772 0.998358 -0.044751 111.722359 -0.064511 0.046993 0.996810 13.276801 0.000000 0.000000 0.000000 1.000000
0.996789 -0.034225 0.072387 -14.104388 0.037930 0.998007 -0.050435 111.793900 -0.070517 0.053019 0.996101 13.041698 0.000000 0.000000 0.000000 1.000000
0.996198 -0.034090 0.080177 -14.148608 0.038781 0.997581 -0.057697 111.864197 -0.078016 0.060587 0.995109 12.887390 0.000000 0.000000 0.000000 1.000000
0.995603 -0.033684 0.087409 -14.177914 0.039298 0.997219 -0.063323 111.918213 -0.085033 0.066479 0.994158 12.799043 0.000000 0.000000 0.000000 1.000000
0.995090 -0.033529 0.093122 -14.215927 0.039886 0.996938 -0.067260 111.943665 -0.090582 0.070644 0.993380 12.761171 0.000000 0.000000 0.000000 1.000000
0.994641 -0.034005 0.097638 -14.267045 0.040857 0.996775 -0.069067 111.919716 -0.094974 0.072687 0.992823 12.764285 0.000000 0.000000 0.000000 1.000000
0.994244 -0.035606 0.101050 -14.322129 0.042379 0.996940 -0.065690 111.829865 -0.098402 0.069595 0.992710 12.763058 0.000000 0.000000 0.000000 1.000000
0.994027 -0.038008 0.102304 -14.370708 0.043962 0.997429 -0.056589 111.702209 -0.099890 0.060748 0.993142 12.700370 0.000000 0.000000 0.000000 1.000000
0.994116 -0.040028 0.100657 -14.401258 0.045053 0.997823 -0.048154 111.591766 -0.098510 0.052406 0.993755 12.598482 0.000000 0.000000 0.000000 1.000000
0.994435 -0.040760 0.097142 -14.406579 0.045597 0.997801 -0.048105 111.529274 -0.094968 0.052266 0.994107 12.556620 0.000000 0.000000 0.000000 1.000000
0.994805 -0.040722 0.093296 -14.398033 0.046067 0.997375 -0.055873 111.534790 -0.090776 0.059880 0.994069 12.613677 0.000000 0.000000 0.000000 1.000000
0.995131 -0.041523 0.089383 -14.396319 0.047336 0.996831 -0.063927 111.623322 -0.086445 0.067846 0.993944 12.679825 0.000000 0.000000 0.000000 1.000000
0.995392 -0.044577 0.084893 -14.422855 0.050479 0.996360 -0.068694 111.807198 -0.081521 0.072663 0.994019 12.657909 0.000000 0.000000 0.000000 1.000000
0.995622 -0.049088 0.079549 -14.465963 0.055007 0.995740 -0.073998 112.046310 -0.075578 0.078050 0.994081 12.564672 0.000000 0.000000 0.000000 1.000000
0.995898 -0.053236 0.073158 -14.493715 0.059300 0.994751 -0.083389 112.293755 -0.068335 0.087386 0.993828 12.488080 0.000000 0.000000 0.000000 1.000000
0.996267 -0.056119 0.065588 -14.488739 0.062212 0.993542 -0.094889 112.520233 -0.059840 0.098615 0.993325 12.480949 0.000000 0.000000 0.000000 1.000000
0.996652 -0.057896 0.057733 -14.468414 0.063695 0.992508 -0.104261 112.700867 -0.051264 0.107589 0.992873 12.530165 0.000000 0.000000 0.000000 1.000000
0.996942 -0.058824 0.051440 -14.465000 0.064183 0.991900 -0.109615 112.813278 -0.044575 0.112582 0.992642 12.601754 0.000000 0.000000 0.000000 1.000000
0.997091 -0.059461 0.047693 -14.490961 0.064456 0.991713 -0.111135 112.841347 -0.040689 0.113886 0.992660 12.663781 0.000000 0.000000 0.000000 1.000000
0.997153 -0.060158 0.045464 -14.531076 0.064805 0.991948 -0.108810 112.796951 -0.038553 0.111446 0.993022 12.676419 0.000000 0.000000 0.000000 1.000000
0.997246 -0.060393 0.043051 -14.569880 0.064551 0.992602 -0.102831 112.718414 -0.036522 0.105327 0.993767 12.603979 0.000000 0.000000 0.000000 1.000000
0.997412 -0.059637 0.040164 -14.611045 0.063235 0.993443 -0.095250 112.640686 -0.034220 0.097544 0.994643 12.452656 0.000000 0.000000 0.000000 1.000000
0.997589 -0.058201 0.037792 -14.662363 0.061378 0.994119 -0.089218 112.585678 -0.032377 0.091323 0.995295 12.269781 0.000000 0.000000 0.000000 1.000000
0.997721 -0.056882 0.036300 -14.713387 0.059842 0.994455 -0.086472 112.557808 -0.031180 0.088447 0.995593 12.091993 0.000000 0.000000 0.000000 1.000000
0.997837 -0.055799 0.034742 -14.739269 0.058621 0.994538 -0.086354 112.553101 -0.029734 0.088204 0.995659 11.917379 0.000000 0.000000 0.000000 1.000000
0.997982 -0.054710 0.032232 -14.728711 0.057332 0.994557 -0.087002 112.556503 -0.027297 0.088674 0.995687 11.722573 0.000000 0.000000 0.000000 1.000000
0.998137 -0.053557 0.029218 -14.690482 0.055917 0.994637 -0.087012 112.556229 -0.024401 0.088484 0.995779 11.495278 0.000000 0.000000 0.000000 1.000000
0.998259 -0.052506 0.026871 -14.635592 0.054641 0.994787 -0.086104 112.546265 -0.022210 0.087422 0.995924 11.245517 0.000000 0.000000 0.000000 1.000000
0.998342 -0.051526 0.025657 -14.562993 0.053528 0.994968 -0.084694 112.523895 -0.021164 0.085927 0.996077 10.994328 0.000000 0.000000 0.000000 1.000000
0.998417 -0.050363 0.025043 -14.468081 0.052288 0.995152 -0.083300 112.489052 -0.020726 0.084477 0.996210 10.757348 0.000000 0.000000 0.000000 1.000000
0.998516 -0.048820 0.024145 -14.352442 0.050651 0.995331 -0.082159 112.446190 -0.020021 0.083260 0.996327 10.537279 0.000000 0.000000 0.000000 1.000000
0.998653 -0.046897 0.022208 -14.221133 0.048553 0.995524 -0.081082 112.404236 -0.018306 0.082051 0.996460 10.330839 0.000000 0.000000 0.000000 1.000000
0.998814 -0.044869 0.018916 -14.082881 0.046241 0.995744 -0.079728 112.367889 -0.015258 0.080509 0.996637 10.140957 0.000000 0.000000 0.000000 1.000000
0.998971 -0.042963 0.014519 -13.946050 0.043968 0.995981 -0.078028 112.329025 -0.011108 0.078586 0.996845 9.973121 0.000000 0.000000 0.000000 1.000000
0.999126 -0.040734 0.009426 -13.811671 0.041336 0.996230 -0.076268 112.270676 -0.006284 0.076591 0.997043 9.826052 0.000000 0.000000 0.000000 1.000000
0.999297 -0.037252 0.004204 -13.669489 0.037462 0.996492 -0.074831 112.182976 -0.001402 0.074936 0.997187 9.695470 0.000000 0.000000 0.000000 1.000000
0.999486 -0.032058 -0.000026 -13.508817 0.031970 0.996772 -0.073641 112.073647 0.002387 0.073602 0.997285 9.586846 0.000000 0.000000 0.000000 1.000000
0.999664 -0.025829 -0.002318 -13.327122 0.025595 0.997064 -0.072171 111.964462 0.004175 0.072088 0.997390 9.510389 0.000000 0.000000 0.000000 1.000000
0.999795 -0.019999 -0.003107 -13.126518 0.019731 0.997336 -0.070228 111.876991 0.004504 0.070153 0.997526 9.463368 0.000000 0.000000 0.000000 1.000000
0.999870 -0.015670 -0.003827 -12.908261 0.015374 0.997563 -0.068055 111.819107 0.004884 0.067987 0.997674 9.428515 0.000000 0.000000 0.000000 1.000000
0.999902 -0.012917 -0.005416 -12.672689 0.012534 0.997760 -0.065717 111.781784 0.006253 0.065643 0.997824 9.389703 0.000000 0.000000 0.000000 1.000000
0.999910 -0.011060 -0.007656 -12.417402 0.010556 0.997961 -0.062945 111.747330 0.008337 0.062859 0.997988 9.339581 0.000000 0.000000 0.000000 1.000000
0.999909 -0.009258 -0.009771 -12.137223 0.008660 0.998186 -0.059572 111.697372 0.010305 0.059482 0.998176 9.274374 0.000000 0.000000 0.000000 1.000000
0.999910 -0.007211 -0.011328 -11.835283 0.006568 0.998416 -0.055871 111.628006 0.011713 0.055792 0.998374 9.191871 0.000000 0.000000 0.000000 1.000000
0.999913 -0.004815 -0.012270 -11.522713 0.004167 0.998622 -0.052310 111.541435 0.012505 0.052255 0.998555 9.089766 0.000000 0.000000 0.000000 1.000000
0.999920 -0.002811 -0.012328 -11.222538 0.002203 0.998794 -0.049057 111.464668 0.012451 0.049026 0.998720 8.972185 0.000000 0.000000 0.000000 1.000000
0.999938 -0.001537 -0.011034 -10.944373 0.001028 0.998943 -0.045951 111.412361 0.011093 0.045937 0.998883 8.842653 0.000000 0.000000 0.000000 1.000000
0.999963 -0.000879 -0.008587 -10.690998 0.000509 0.999073 -0.043036 111.391388 0.008616 0.043030 0.999037 8.707267 0.000000 0.000000 0.000000 1.000000
0.999981 -0.000557 -0.006164 -10.458357 0.000306 0.999173 -0.040653 111.395996 0.006181 0.040650 0.999154 8.575467 0.000000 0.000000 0.000000 1.000000
0.999988 0.000014 -0.004973 -10.242298 -0.000208 0.999241 -0.038951 111.411140 0.004969 0.038952 0.999229 8.450751 0.000000 0.000000 0.000000 1.000000
0.999986 0.001181 -0.005220 -10.042070 -0.001376 0.999290 -0.037656 111.423706 0.005172 0.037663 0.999277 8.327946 0.000000 0.000000 0.000000 1.000000
0.999977 0.002841 -0.006195 -9.857774 -0.003064 0.999333 -0.036401 111.431961 0.006088 0.036420 0.999318 8.200589 0.000000 0.000000 0.000000 1.000000
0.999964 0.004669 -0.007036 -9.685734 -0.004914 0.999371 -0.035114 111.442116 0.006868 0.035148 0.999359 8.068729 0.000000 0.000000 0.000000 1.000000
0.999954 0.006294 -0.007229 -9.520567 -0.006536 0.999401 -0.033993 111.457993 0.007011 0.034038 0.999396 7.938543 0.000000 0.000000 0.000000 1.000000
0.999951 0.007415 -0.006570 -9.362304 -0.007628 0.999422 -0.033135 111.476578 0.006321 0.033184 0.999429 7.815070 0.000000 0.000000 0.000000 1.000000
0.999955 0.008014 -0.005102 -9.211262 -0.008175 0.999445 -0.032300 111.489952 0.004840 0.032340 0.999465 7.700530 0.000000 0.000000 0.000000 1.000000
0.999959 0.008443 -0.003276 -9.066184 -0.008541 0.999480 -0.031080 111.494537 0.003012 0.031107 0.999512 7.595446 0.000000 0.000000 0.000000 1.000000</float_array>
        <technique_common>
          <accessor source="#mixamorig_Hips-Matrix-animation-output-transform-array" count="96" stride="16">
            <param type="float4x4"/>
          </accessor>
        </technique_common>
      </source>
      <source id="mixamorig_Hips-Interpolations">
        <Name_array id="mixamorig_Hips-Interpolations-array" count="96">
 LINEAR LINEAR LINEAR LINEAR LINEAR LINEAR LINEAR LINEAR LINEAR LINEAR LINEAR
LINEAR LINEAR LINEAR LINEAR LINEAR LINEAR LINEAR LINEAR LINEAR LINEAR LINEAR LINEAR
LINEAR LINEAR LINEAR LINEAR LINEAR LINEAR LINEAR LINEAR LINEAR LINEAR LINEAR LINEAR
LINEAR LINEAR LINEAR LINEAR LINEAR LINEAR LINEAR LINEAR LINEAR LINEAR LINEAR LINEAR
LINEAR LINEAR LINEAR LINEAR LINEAR LINEAR LINEAR LINEAR LINEAR LINEAR LINEAR LINEAR
LINEAR LINEAR LINEAR LINEAR LINEAR LINEAR LINEAR LINEAR LINEAR LINEAR LINEAR LINEAR
LINEAR LINEAR LINEAR LINEAR LINEAR LINEAR LINEAR LINEAR LINEAR LINEAR LINEAR LINEAR
LINEAR LINEAR LINEAR LINEAR LINEAR LINEAR LINEAR LINEAR LINEAR LINEAR LINEAR LINEAR
LINEAR</Name_array>
        <technique_common>
          <accessor source="#mixamorig_Hips-Interpolations-array" count="96">
            <param type="name"/>
          </accessor>
        </technique_common>
      </source>
      <sampler id="mixamorig_Hips-Matrix-animation-transform">
        <input semantic="INPUT" source="#mixamorig_Hips-Matrix-animation-input"/>
        <input semantic="OUTPUT" source="#mixamorig_Hips-Matrix-animation-output-transform"/>
        <input semantic="INTERPOLATION" source="#mixamorig_Hips-Interpolations"/>
      </sampler>
      <channel source="#mixamorig_Hips-Matrix-animation-transform" target="mixamorig_Hips/matrix"/>
    </animation>
    <animation id="mixamorig_Spine-anim" name="mixamorig_Spine">
      <source id="mixamorig_Spine-Matrix-animation-input">
        <float_array id="mixamorig_Spine-Matrix-animation-input-array" count="96">

0.000000 0.033333 0.066667 0.100000 0.133333 0.166667 0.200000 0.233333 0.266667 0.300000 0.333333 0.366667 0.400000 0.433333 0.466667 0.500000
0.533333 0.566667 0.600000 0.633333 0.666667 0.700000 0.733333 0.766667 0.800000 0.833333 0.866667 0.900000 0.933333 0.966667 1.000000 1.033333
1.066667 1.100000 1.133333 1.166667 1.200000 1.233333 1.266667 1.300000 1.333333 1.366667 1.400000 1.433333 1.466667 1.500000 1.533333 1.566667
1.600000 1.633333 1.666667 1.700000 1.733333 1.766667 1.800000 1.833333 1.866667 1.900000 1.933333 1.966667 2.000000 2.033333 2.066667 2.100000
2.133333 2.166667 2.200000 2.233333 2.266667 2.300000 2.333333 2.366667 2.400000 2.433333 2.466667 2.500000 2.533333 2.566667 2.600000 2.633333
2.666667 2.700000 2.733333 2.766667 2.800000 2.833333 2.866667 2.900000 2.933333 2.966667 3.000000 3.033333 3.066667 3.100000 3.133333 3.166667</float_array>
        <technique_common>
          <accessor source="#mixamorig_Spine-Matrix-animation-input-array" count="96">
            <param name="TIME" type="float"/>
          </accessor>
        </technique_common>
      </source>
      <source id="mixamorig_Spine-Matrix-animation-output-transform">
        <float_array id="mixamorig_Spine-Matrix-animation-output-transform-array" count="1536">

0.999980 -0.005476 0.003259 0.000400 0.005458 0.999970 0.005560 10.664600 -0.003289 -0.005542 0.999979 -0.060300 0.000000 0.000000 0.000000 1.000000
0.999980 -0.005493 0.003266 0.000400 0.005474 0.999968 0.005750 10.664600 -0.003297 -0.005732 0.999978 -0.060300 0.000000 0.000000 0.000000 1.000000
0.999979 -0.005619 0.003301 0.000400 0.005600 0.999966 0.005993 10.664600 -0.003335 -0.005975 0.999977 -0.060300 0.000000 0.000000 0.000000 1.000000
0.999978 -0.005825 0.003314 0.000400 0.005804 0.999964 0.006235 10.664600 -0.003351 -0.006215 0.999975 -0.060300 0.000000 0.000000 0.000000 1.000000
0.999977 -0.005979 0.003257 0.000400 0.005959 0.999963 0.006271 10.664600 -0.003294 -0.006251 0.999975 -0.060300 0.000000 0.000000 0.000000 1.000000
0.999978 -0.005811 0.003188 0.000400 0.005792 0.999966 0.005874 10.664600 -0.003222 -0.005856 0.999978 -0.060300 0.000000 0.000000 0.000000 1.000000
0.999982 -0.005033 0.003321 0.000400 0.005016 0.999974 0.005156 10.664600 -0.003347 -0.005139 0.999981 -0.060300 0.000000 0.000000 0.000000 1.000000
0.999986 -0.003648 0.003827 0.000400 0.003630 0.999982 0.004801 10.664600 -0.003844 -0.004787 0.999981 -0.060300 0.000000 0.000000 0.000000 1.000000
0.999987 -0.002075 0.004580 0.000400 0.002049 0.999981 0.005758 10.664600 -0.004592 -0.005749 0.999973 -0.060300 0.000000 0.000000 0.000000 1.000000
0.999986 -0.000823 0.005173 0.000400 0.000779 0.999964 0.008501 10.664600 -0.005180 -0.008497 0.999950 -0.060300 0.000000 0.000000 0.000000 1.000000
0.999987 -0.000006 0.005182 0.000400 -0.000059 0.999921 0.012544 10.664600 -0.005182 -0.012544 0.999908 -0.060300 0.000000 0.000000 0.000000 1.000000
0.999990 0.000672 0.004389 0.000400 -0.000745 0.999860 0.016741 10.664600 -0.004377 -0.016744 0.999850 -0.060300 0.000000 0.000000 0.000000 1.000000
0.999995 0.001551 0.002924 0.000400 -0.001609 0.999798 0.020058 10.664600 -0.002893 -0.020063 0.999795 -0.060300 0.000000 0.000000 0.000000 1.000000
0.999995 0.002731 0.001308 0.000400 -0.002759 0.999751 0.022124 10.664600 -0.001248 -0.022128 0.999754 -0.060300 0.000000 0.000000 0.000000 1.000000
0.999991 0.004173 0.000161 0.000400 -0.004176 0.999723 0.023163 10.664600 -0.000064 -0.023164 0.999732 -0.060300 0.000000 0.000000 0.000000 1.000000
0.999986 0.005212 -0.000345 0.000400 -0.005202 0.999705 0.023704 10.664600 0.000469 -0.023702 0.999719 -0.060300 0.000000 0.000000 0.000000 1.000000
0.999984 0.005618 -0.000526 0.000400 -0.005603 0.999687 0.024369 10.664600 0.000663 -0.024365 0.999703 -0.060300 0.000000 0.000000 0.000000 1.000000
0.999983 0.005857 -0.000645 0.000400 -0.005839 0.999654 0.025648 10.664600 0.000795 -0.025643 0.999671 -0.060300 0.000000 0.000000 0.000000 1.000000
0.999983 0.005862 -0.000556 0.000400 -0.005845 0.999600 0.027663 10.664600 0.000718 -0.027659 0.999617 -0.060300 0.000000 0.000000 0.000000 1.000000
0.999984 0.005571 -0.000022 0.000400 -0.005568 0.999530 0.030145 10.664600 0.000190 -0.030145 0.999546 -0.060300 0.000000 0.000000 0.000000 1.000000
0.999987 0.004973 0.000796 0.000400 -0.004996 0.999455 0.032645 10.664600 -0.000633 -0.032648 0.999467 -0.060300 0.000000 0.000000 0.000000 1.000000
0.999990 0.004166 0.001643 0.000400 -0.004221 0.999386 0.034782 10.664600 -0.001497 -0.034788 0.999394 -0.060300 0.000000 0.000000 0.000000 1.000000
0.999991 0.003334 0.002715 0.000400 -0.003430 0.999335 0.036292 10.664600 -0.002592 -0.036301 0.999338 -0.060300 0.000000 0.000000 0.000000 1.000000
0.999987 0.002720 0.004374 0.000400 -0.002880 0.999313 0.036962 10.664600 -0.004271 -0.036974 0.999307 -0.060300 0.000000 0.000000 0.000000 1.000000
0.999976 0.002638 0.006339 0.000400 -0.002869 0.999321 0.036732 10.664600 -0.006238 -0.036749 0.999305 -0.060300 0.000000 0.000000 0.000000 1.000000
0.999965 0.003278 0.007682 0.000400 -0.003552 0.999349 0.035897 10.664600 -0.007560 -0.035923 0.999326 -0.060300 0.000000 0.000000 0.000000 1.000000
0.999959 0.004574 0.007807 0.000400 -0.004845 0.999370 0.035147 10.664600 -0.007642 -0.035184 0.999352 -0.060300 0.000000 0.000000 0.000000 1.000000
0.999956 0.006132 0.007132 0.000400 -0.006380 0.999358 0.035249 10.664600 -0.006911 -0.035293 0.999353 -0.060300 0.000000 0.000000 0.000000 1.000000
0.999950 0.007557 0.006594 0.000400 -0.007793 0.999303 0.036496 10.664600 -0.006314 -0.036546 0.999312 -0.060300 0.000000 0.000000 0.000000 1.000000
0.999940 0.008786 0.006555 0.000400 -0.009031 0.999226 0.038288 10.664600 -0.006214 -0.038345 0.999245 -0.060300 0.000000 0.000000 0.000000 1.000000
0.999929 0.009999 0.006425 0.000400 -0.010244 0.999171 0.039394 10.664600 -0.006026 -0.039457 0.999203 -0.060300 0.000000 0.000000 0.000000 1.000000
0.999922 0.011160 0.005525 0.000400 -0.011366 0.999179 0.038883 10.664600 -0.005086 -0.038943 0.999228 -0.060300 0.000000 0.000000 0.000000 1.000000
0.999921 0.011891 0.004090 0.000400 -0.012034 0.999243 0.036999 10.664600 -0.003646 -0.037045 0.999307 -0.060300 0.000000 0.000000 0.000000 1.000000
0.999924 0.011908 0.003060 0.000400 -0.012009 0.999311 0.035109 10.664600 -0.002640 -0.035143 0.999379 -0.060300 0.000000 0.000000 0.000000 1.000000
0.999934 0.011109 0.002896 0.000400 -0.011203 0.999337 0.034634 10.664600 -0.002509 -0.034664 0.999396 -0.060300 0.000000 0.000000 0.000000 1.000000
0.999946 0.009929 0.003118 0.000400 -0.010034 0.999309 0.035776 10.664600 -0.002760 -0.035806 0.999355 -0.060300 0.000000 0.000000 0.000000 1.000000
0.999955 0.008977 0.002979 0.000400 -0.009082 0.999263 0.037290 10.664600 -0.002642 -0.037316 0.999300 -0.060300 0.000000 0.000000 0.000000 1.000000
0.999959 0.008778 0.002307 0.000400 -0.008858 0.999251 0.037664 10.664600 -0.001975 -0.037683 0.999288 -0.060300 0.000000 0.000000 0.000000 1.000000
0.999954 0.009439 0.001585 0.000400 -0.009491 0.999288 0.036529 10.664600 -0.001239 -0.036543 0.999331 -0.060300 0.000000 0.000000 0.000000 1.000000
0.999945 0.010397 0.001340 0.000400 -0.010437 0.999344 0.034680 10.664600 -0.000978 -0.034692 0.999398 -0.060300 0.000000 0.000000 0.000000 1.000000
0.999939 0.010909 0.001654 0.000400 -0.010958 0.999396 0.032974 10.664600 -0.001293 -0.032990 0.999455 -0.060300 0.000000 0.000000 0.000000 1.000000
0.999939 0.010830 0.002291 0.000400 -0.010898 0.999437 0.031726 10.664600 -0.001946 -0.031749 0.999494 -0.060300 0.000000 0.000000 0.000000 1.000000
0.999940 0.010565 0.003012 0.000400 -0.010654 0.999460 0.031086 10.664600 -0.002682 -0.031116 0.999512 -0.060300 0.000000 0.000000 0.000000 1.000000
0.999939 0.010472 0.003561 0.000400 -0.010578 0.999457 0.031209 10.664600 -0.003233 -0.031244 0.999507 -0.060300 0.000000 0.000000 0.000000 1.000000
0.999937 0.010605 0.003547 0.000400 -0.010712 0.999439 0.031719 10.664600 -0.003209 -0.031755 0.999491 -0.060300 0.000000 0.000000 0.000000 1.000000
0.999938 0.010824 0.002773 0.000400 -0.010906 0.999439 0.031662 10.664600 -0.002429 -0.031690 0.999495 -0.060300 0.000000 0.000000 0.000000 1.000000
0.999939 0.010925 0.001675 0.000400 -0.010971 0.999470 0.030637 10.664600 -0.001339 -0.030653 0.999529 -0.060300 0.000000 0.000000 0.000000 1.000000
0.999942 0.010705 0.001002 0.000400 -0.010730 0.999505 0.029589 10.664600 -0.000685 -0.029598 0.999562 -0.060300 0.000000 0.000000 0.000000 1.000000
0.999949 0.010093 0.001026 0.000400 -0.010119 0.999506 0.029741 10.664600 -0.000725 -0.029750 0.999557 -0.060300 0.000000 0.000000 0.000000 1.000000
0.999956 0.009316 0.001377 0.000400 -0.009354 0.999480 0.030874 10.664600 -0.001089 -0.030886 0.999522 -0.060300 0.000000 0.000000 0.000000 1.000000
0.999961 0.008735 0.001567 0.000400 -0.008780 0.999465 0.031506 10.664600 -0.001291 -0.031519 0.999502 -0.060300 0.000000 0.000000 0.000000 1.000000
0.999962 0.008588 0.001419 0.000400 -0.008628 0.999488 0.030814 10.664600 -0.001154 -0.030825 0.999524 -0.060300 0.000000 0.000000 0.000000 1.000000
0.999962 0.008677 0.001119 0.000400 -0.008706 0.999524 0.029582 10.664600 -0.000862 -0.029590 0.999562 -0.060300 0.000000 0.000000 0.000000 1.000000
0.999962 0.008633 0.001088 0.000400 -0.008661 0.999542 0.029009 10.664600 -0.000837 -0.029017 0.999579 -0.060300 0.000000 0.000000 0.000000 1.000000
0.999964 0.008352 0.001733 0.000400 -0.008400 0.999534 0.029339 10.664600 -0.001487 -0.029353 0.999568 -0.060300 0.000000 0.000000 0.000000 1.000000
0.999962 0.008172 0.003099 0.000400 -0.008261 0.999515 0.030010 10.664600 -0.002852 -0.030034 0.999545 -0.060300 0.000000 0.000000 0.000000 1.000000
0.999954 0.008407 0.004690 0.000400 -0.008547 0.999495 0.030596 10.664600 -0.004430 -0.030635 0.999521 -0.060300 0.000000 0.000000 0.000000 1.000000
0.999943 0.009014 0.005755 0.000400 -0.009188 0.999476 0.031025 10.664600 -0.005473 -0.031076 0.999502 -0.060300 0.000000 0.000000 0.000000 1.000000
0.999936 0.009624 0.005895 0.000400 -0.009803 0.999469 0.031075 10.664600 -0.005593 -0.031131 0.999500 -0.060300 0.000000 0.000000 0.000000 1.000000
0.999937 0.009884 0.005364 0.000400 -0.010042 0.999490 0.030304 10.664600 -0.005062 -0.030356 0.999526 -0.060300 0.000000 0.000000 0.000000 1.000000
0.999941 0.009764 0.004704 0.000400 -0.009895 0.999541 0.028633 10.664600 -0.004422 -0.028678 0.999579 -0.060300 0.000000 0.000000 0.000000 1.000000
0.999946 0.009481 0.004220 0.000400 -0.009591 0.999598 0.026681 10.664600 -0.003965 -0.026720 0.999635 -0.060300 0.000000 0.000000 0.000000 1.000000
0.999949 0.009247 0.003965 0.000400 -0.009344 0.999638 0.025250 10.664600 -0.003730 -0.025286 0.999673 -0.060300 0.000000 0.000000 0.000000 1.000000
0.999951 0.009040 0.004022 0.000400 -0.009137 0.999655 0.024640 10.664600 -0.003798 -0.024675 0.999688 -0.060300 0.000000 0.000000 0.000000 1.000000
0.999951 0.008776 0.004507 0.000400 -0.008884 0.999659 0.024554 10.664600 -0.004290 -0.024593 0.999688 -0.060300 0.000000 0.000000 0.000000 1.000000
0.999951 0.008395 0.005281 0.000400 -0.008522 0.999662 0.024559 10.664600 -0.005073 -0.024602 0.999684 -0.060300 0.000000 0.000000 0.000000 1.000000
0.999952 0.007879 0.005907 0.000400 -0.008021 0.999668 0.024467 10.664600 -0.005712 -0.024513 0.999683 -0.060300 0.000000 0.000000 0.000000 1.000000
0.999956 0.007213 0.006014 0.000400 -0.007357 0.999677 0.024335 10.664600 -0.005836 -0.024378 0.999686 -0.060300 0.000000 0.000000 0.000000 1.000000
0.999964 0.006364 0.005631 0.000400 -0.006499 0.999685 0.024249 10.664600 -0.005475 -0.024285 0.999690 -0.060300 0.000000 0.000000 0.000000 1.000000
0.999973 0.005302 0.005074 0.000400 -0.005423 0.999692 0.024220 10.664600 -0.004944 -0.024246 0.999694 -0.060300 0.000000 0.000000 0.000000 1.000000
0.999981 0.004043 0.004559 0.000400 -0.004152 0.999698 0.024212 10.664600 -0.004460 -0.024230 0.999696 -0.060300 0.000000 0.000000 0.000000 1.000000
0.999988 0.002707 0.004036 0.000400 -0.002803 0.999704 0.024168 10.664600 -0.003970 -0.024179 0.999700 -0.060300 0.000000 0.000000 0.000000 1.000000
0.999993 0.001442 0.003416 0.000400 -0.001524 0.999712 0.023954 10.664600 -0.003380 -0.023959 0.999707 -0.060300 0.000000 0.000000 0.000000 1.000000
0.999996 0.000228 0.002839 0.000400 -0.000294 0.999727 0.023365 10.664600 -0.002833 -0.023365 0.999723 -0.060300 0.000000 0.000000 0.000000 1.000000
0.999996 -0.001168 0.002534 0.000400 0.001112 0.999751 0.022268 10.664600 -0.002559 -0.022266 0.999749 -0.060300 0.000000 0.000000 0.000000 1.000000
0.999993 -0.002910 0.002483 0.000400 0.002858 0.999782 0.020698 10.664600 -0.002543 -0.020691 0.999783 -0.060300 0.000000 0.000000 0.000000 1.000000
0.999985 -0.004802 0.002448 0.000400 0.004755 0.999812 0.018811 10.664600 -0.002538 -0.018799 0.999820 -0.060300 0.000000 0.000000 0.000000 1.000000
0.999977 -0.006383 0.002306 0.000400 0.006343 0.999839 0.016812 10.664600 -0.002413 -0.016797 0.999856 -0.060300 0.000000 0.000000 0.000000 1.000000
0.999971 -0.007312 0.002194 0.000400 0.007278 0.999863 0.014892 10.664600 -0.002303 -0.014876 0.999887 -0.060300 0.000000 0.000000 0.000000 1.000000
0.999969 -0.007596 0.002287 0.000400 0.007565 0.999885 0.013165 10.664600 -0.002387 -0.013147 0.999911 -0.060300 0.000000 0.000000 0.000000 1.000000
0.999969 -0.007481 0.002599 0.000400 0.007450 0.999904 0.011655 10.664600 -0.002686 -0.011635 0.999929 -0.060300 0.000000 0.000000 0.000000 1.000000
0.999969 -0.007316 0.003007 0.000400 0.007285 0.999920 0.010339 10.664600 -0.003083 -0.010317 0.999942 -0.060300 0.000000 0.000000 0.000000 1.000000
0.999969 -0.007164 0.003392 0.000400 0.007133 0.999932 0.009211 10.664600 -0.003457 -0.009186 0.999952 -0.060300 0.000000 0.000000 0.000000 1.000000
0.999967 -0.007286 0.003655 0.000400 0.007256 0.999939 0.008279 10.664600 -0.003715 -0.008252 0.999959 -0.060300 0.000000 0.000000 0.000000 1.000000
0.999966 -0.007313 0.003698 0.000400 0.007285 0.999945 0.007548 10.664600 -0.003753 -0.007521 0.999965 -0.060300 0.000000 0.000000 0.000000 1.000000
0.999969 -0.007146 0.003429 0.000400 0.007122 0.999950 0.006977 10.664600 -0.003479 -0.006952 0.999970 -0.060300 0.000000 0.000000 0.000000 1.000000
0.999972 -0.006869 0.002923 0.000400 0.006849 0.999955 0.006526 10.664600 -0.002968 -0.006506 0.999974 -0.060300 0.000000 0.000000 0.000000 1.000000
0.999976 -0.006496 0.002460 0.000400 0.006481 0.999960 0.006190 10.664600 -0.002500 -0.006174 0.999978 -0.060300 0.000000 0.000000 0.000000 1.000000
0.999978 -0.006209 0.002335 0.000400 0.006195 0.999963 0.005956 10.664600 -0.002372 -0.005941 0.999980 -0.060300 0.000000 0.000000 0.000000 1.000000
0.999978 -0.006112 0.002604 0.000400 0.006097 0.999965 0.005782 10.664600 -0.002639 -0.005766 0.999980 -0.060300 0.000000 0.000000 0.000000 1.000000
0.999976 -0.006163 0.003075 0.000400 0.006145 0.999965 0.005633 10.664600 -0.003110 -0.005614 0.999979 -0.060300 0.000000 0.000000 0.000000 1.000000
0.999974 -0.006260 0.003508 0.000400 0.006241 0.999965 0.005517 10.664600 -0.003542 -0.005495 0.999979 -0.060300 0.000000 0.000000 0.000000 1.000000
0.999973 -0.006281 0.003742 0.000400 0.006260 0.999965 0.005469 10.664600 -0.003776 -0.005446 0.999978 -0.060300 0.000000 0.000000 0.000000 1.000000
0.999974 -0.006160 0.003745 0.000400 0.006139 0.999966 0.005495 10.664600 -0.003779 -0.005472 0.999978 -0.060300 0.000000 0.000000 0.000000 1.000000
0.999976 -0.005873 0.003557 0.000400 0.005854 0.999967 0.005547 10.664600 -0.003590 -0.005526 0.999978 -0.060300 0.000000 0.000000 0.000000 1.000000
0.999980 -0.005476 0.003259 0.000400 0.005458 0.999970 0.005560 10.664600 -0.003289 -0.005542 0.999979 -0.060300 0.000000 0.000000 0.000000 1.000000</float_array>
        <technique_common>
          <accessor source="#mixamorig_Spine-Matrix-animation-output-transform-array" count="96" stride="16">
            <param type="float4x4"/>
          </accessor>
        </technique_common>
      </source>
      <source id="mixamorig_Spine-Interpolations">
        <Name_array id="mixamorig_Spine-Interpolations-array" count="96">
 LINEAR LINEAR LINEAR LINEAR LINEAR LINEAR LINEAR LINEAR LINEAR LINEAR LINEAR
LINEAR LINEAR LINEAR LINEAR LINEAR LINEAR LINEAR LINEAR LINEAR LINEAR LINEAR LINEAR
LINEAR LINEAR LINEAR LINEAR LINEAR LINEAR LINEAR LINEAR LINEAR LINEAR LINEAR LINEAR
LINEAR LINEAR LINEAR LINEAR LINEAR LINEAR LINEAR LINEAR LINEAR LINEAR LINEAR LINEAR
LINEAR LINEAR LINEAR LINEAR LINEAR LINEAR LINEAR LINEAR LINEAR LINEAR LINEAR LINEAR
LINEAR LINEAR LINEAR LINEAR LINEAR LINEAR LINEAR LINEAR LINEAR LINEAR LINEAR LINEAR
LINEAR LINEAR LINEAR LINEAR LINEAR LINEAR LINEAR LINEAR LINEAR LINEAR LINEAR LINEAR
LINEAR LINEAR LINEAR LINEAR LINEAR LINEAR LINEAR LINEAR LINEAR LINEAR LINEAR LINEAR
LINEAR</Name_array>
        <technique_common>
          <accessor source="#mixamorig_Spine-Interpolations-array" count="96">
            <param type="name"/>
          </accessor>
        </technique_common>
      </source>
      <sampler id="mixamorig_Spine-Matrix-animation-transform">
        <input semantic="INPUT" source="#mixamorig_Spine-Matrix-animation-input"/>
        <input semantic="OUTPUT" source="#mixamorig_Spine-Matrix-animation-output-transform"/>
        <input semantic="INTERPOLATION" source="#mixamorig_Spine-Interpolations"/>
      </sampler>
      <channel source="#mixamorig_Spine-Matrix-animation-transform" target="mixamorig_Spine/matrix"/>
    </animation>
    <animation id="mixamorig_Spine1-anim" name="mixamorig_Spine1">
      <source id="mixamorig_Spine1-Matrix-animation-input">
        <float_array id="mixamorig_Spine1-Matrix-animation-input-array" count="96">

0.000000 0.033333 0.066667 0.100000 0.133333 0.166667 0.200000 0.233333 0.266667 0.300000 0.333333 0.366667 0.400000 0.433333 0.466667 0.500000
0.533333 0.566667 0.600000 0.633333 0.666667 0.700000 0.733333 0.766667 0.800000 0.833333 0.866667 0.900000 0.933333 0.966667 1.000000 1.033333
1.066667 1.100000 1.133333 1.166667 1.200000 1.233333 1.266667 1.300000 1.333333 1.366667 1.400000 1.433333 1.466667 1.500000 1.533333 1.566667
1.600000 1.633333 1.666667 1.700000 1.733333 1.766667 1.800000 1.833333 1.866667 1.900000 1.933333 1.966667 2.000000 2.033333 2.066667 2.100000
2.133333 2.166667 2.200000 2.233333 2.266667 2.300000 2.333333 2.366667 2.400000 2.433333 2.466667 2.500000 2.533333 2.566667 2.600000 2.633333
2.666667 2.700000 2.733333 2.766667 2.800000 2.833333 2.866667 2.900000 2.933333 2.966667 3.000000 3.033333 3.066667 3.100000 3.133333 3.166667</float_array>
        <technique_common>
          <accessor source="#mixamorig_Spine1-Matrix-animation-input-array" count="96">
            <param name="TIME" type="float"/>
          </accessor>
        </technique_common>
      </source>
      <source id="mixamorig_Spine1-Matrix-animation-output-transform">
        <float_array id="mixamorig_Spine1-Matrix-animation-output-transform-array" count="1536">

0.999938 -0.010326 0.004263 0.000000 0.009018 0.971353 0.237470 11.673000 -0.006593 -0.237417 0.971385 -0.000000 0.000000 0.000000 0.000000 1.000000
0.999940 -0.010098 0.004347 0.000000 0.008775 0.971263 0.237846 11.673000 -0.006623 -0.237793 0.971293 0.000000 0.000000 0.000000 0.000000 1.000000
0.999940 -0.010039 0.004454 0.000000 0.008689 0.971146 0.238327 11.673000 -0.006718 -0.238274 0.971175 0.000000 0.000000 0.000000 0.000000 1.000000
0.999939 -0.010109 0.004489 -0.000000 0.008745 0.971029 0.238804 11.673000 -0.006773 -0.238750 0.971058 -0.000000 0.000000 0.000000 0.000000 1.000000
0.999939 -0.010087 0.004405 0.000000 0.008743 0.971010 0.238881 11.673000 -0.006687 -0.238828 0.971039 0.000000 0.000000 0.000000 0.000000 1.000000
0.999945 -0.009508 0.004442 0.000000 0.008177 0.971202 0.238116 11.673000 -0.006578 -0.238066 0.971227 0.000000 0.000000 0.000000 0.000000 1.000000
0.999955 -0.008007 0.005119 0.000000 0.006568 0.971555 0.236722 11.673000 -0.006868 -0.236677 0.971564 0.000000 0.000000 0.000000 0.000000 1.000000
0.999961 -0.005763 0.006734 0.000000 0.004011 0.971739 0.236025 11.673000 -0.007904 -0.235989 0.971724 0.000000 0.000000 0.000000 0.000000 1.000000
0.999955 -0.003461 0.008856 0.000000 0.001255 0.971296 0.237872 11.673000 -0.009425 -0.237850 0.971256 0.000000 0.000000 0.000000 0.000000 1.000000
0.999943 -0.001686 0.010510 -0.000000 -0.000921 0.969980 0.243183 11.673000 -0.010605 -0.243179 0.969924 0.000000 0.000000 0.000000 0.000000 1.000000
0.999941 -0.000368 0.010840 0.000000 -0.002365 0.967982 0.251009 11.673000 -0.010586 -0.251020 0.967924 0.000000 0.000000 0.000000 0.000000 1.000000
0.999954 0.001057 0.009534 0.000000 -0.003491 0.965839 0.259120 11.673000 -0.008934 -0.259141 0.965798 0.000000 0.000000 0.000000 0.000000 1.000000
0.999971 0.002996 0.006951 0.000000 -0.004734 0.964095 0.265514 11.673000 -0.005906 -0.265539 0.964082 -0.000000 0.000000 0.000000 0.000000 1.000000
0.999978 0.005285 0.004121 0.000000 -0.006200 0.962986 0.269480 11.673000 -0.002544 -0.269499 0.962997 0.000000 0.000000 0.000000 0.000000 1.000000
0.999970 0.007414 0.002190 -0.000000 -0.007730 0.962422 0.271449 11.673000 -0.000095 -0.271458 0.962450 0.000000 0.000000 0.000000 0.000000 1.000000
0.999958 0.009035 0.001510 -0.000000 -0.009105 0.962121 0.272471 11.673000 0.001009 -0.272474 0.962163 0.000000 0.000000 0.000000 0.000000 1.000000
0.999948 0.010112 0.001425 0.000000 -0.010115 0.961746 0.273755 11.673000 0.001398 -0.273755 0.961798 0.000000 0.000000 0.000000 0.000000 1.000000
0.999942 0.010723 0.001346 -0.000000 -0.010677 0.961036 0.276217 11.673000 0.001669 -0.276215 0.961094 0.000000 0.000000 0.000000 0.000000 1.000000
