<?xml version="1.0" encoding="utf-8"?>
<COLLADA xmlns="http://www.collada.org/2005/11/COLLADASchema" version="1.4.1">
  <asset>
    <contributor>
      <author>Mixamo</author>
      <authoring_tool>COLLADA Mixamo exporter</authoring_tool>
      <comments/>
    </contributor>
    <created>2026-01-24T18:27:15Z</created>
    <modified>2026-01-24T18:27:15Z</modified>
    <revision/>
    <title/>
    <unit meter="0.010000"/>
    <up_axis>Y_UP</up_axis>
  </asset>
  <library_animations>
    <animation id="mixamorig_Hips-anim" name="mixamorig_Hips">
      <source id="mixamorig_Hips-Matrix-animation-input">
        <float_array id="mixamorig_Hips-Matrix-animation-input-array" count="143">

0.000000 0.033333 0.066667 0.100000 0.133333 0.166667 0.200000 0.233333 0.266667 0.300000 0.333333 0.366667 0.400000 0.433333 0.466667 0.500000
0.533333 0.566667 0.600000 0.633333 0.666667 0.700000 0.733333 0.766667 0.800000 0.833333 0.866667 0.900000 0.933333 0.966667 1.000000 1.033333
1.066667 1.100000 1.133333 1.166667 1.200000 1.233333 1.266667 1.300000 1.333333 1.366667 1.400000 1.433333 1.466667 1.500000 1.533333 1.566667
1.600000 1.633333 1.666667 1.700000 1.733333 1.766667 1.800000 1.833333 1.866667 1.900000 1.933333 1.966667 2.000000 2.033333 2.066667 2.100000
2.133333 2.166667 2.200000 2.233333 2.266667 2.300000 2.333333 2.366667 2.400000 2.433333 2.466667 2.500000 2.533333 2.566667 2.600000 2.633333
2.666667 2.700000 2.733333 2.766667 2.800000 2.833333 2.866667 2.900000 2.933333 2.966667 3.000000 3.033333 3.066667 3.100000 3.133333 3.166667
3.200000 3.233333 3.266667 3.300000 3.333333 3.366667 3.400000 3.433333 3.466667 3.500000 3.533333 3.566667 3.600000 3.633333 3.666667 3.700000
3.733333 3.766667 3.800000 3.833333 3.866667 3.900000 3.933333 3.966667 4.000000 4.033333 4.066667 4.100000 4.133333 4.166667 4.200000 4.233333
4.266667 4.300000 4.333333 4.366667 4.400000 4.433333 4.466667 4.500000 4.533333 4.566667 4.600000 4.633333 4.666667 4.700000 4.733333</float_array>
        <technique_common>
          <accessor source="#mixamorig_Hips-Matrix-animation-input-array" count="143">
            <param name="TIME" type="float"/>
          </accessor>
        </technique_common>
      </source>
      <source id="mixamorig_Hips-Matrix-animation-output-transform">
        <float_array id="mixamorig_Hips-Matrix-animation-output-transform-array" count="2288">

0.999966 0.000984 0.008241 0.066465 -0.001379 0.998843 0.048072 112.414421 -0.008185 -0.048082 0.998810 1.176025 0.000000 0.000000 0.000000 1.000000
0.999970 0.001025 0.007731 0.069791 -0.001399 0.998820 0.048542 112.416428 -0.007672 -0.048552 0.998791 1.207203 0.000000 0.000000 0.000000 1.000000
0.999975 0.001076 0.007048 0.066776 -0.001420 0.998798 0.048996 112.416695 -0.006987 -0.049004 0.998774 1.236047 0.000000 0.000000 0.000000 1.000000
0.999979 0.001108 0.006450 0.065705 -0.001423 0.998800 0.048954 112.417206 -0.006388 -0.048962 0.998780 1.256746 0.000000 0.000000 0.000000 1.000000
0.999982 0.001083 0.005901 0.056976 -0.001369 0.998810 0.048750 112.417336 -0.005841 -0.048758 0.998794 1.271894 0.000000 0.000000 0.000000 1.000000
0.999984 0.000823 0.005588 0.056165 -0.001095 0.998801 0.048937 112.418800 -0.005542 -0.048942 0.998786 1.291040 0.000000 0.000000 0.000000 1.000000
0.999987 0.000705 0.005102 0.053334 -0.000955 0.998795 0.049072 112.421143 -0.005061 -0.049076 0.998782 1.317354 0.000000 0.000000 0.000000 1.000000
0.999988 0.000690 0.004834 0.045148 -0.000926 0.998805 0.048868 112.419617 -0.004794 -0.048872 0.998794 1.341106 0.000000 0.000000 0.000000 1.000000
0.999989 0.000168 0.004726 0.036275 -0.000398 0.998810 0.048779 112.417519 -0.004713 -0.048780 0.998798 1.359938 0.000000 0.000000 0.000000 1.000000
0.999991 -0.000240 0.004132 0.022452 0.000039 0.998819 0.048595 112.416382 -0.004139 -0.048594 0.998810 1.382444 0.000000 0.000000 0.000000 1.000000
0.999991 -0.000750 0.004072 -0.002602 0.000554 0.998853 0.047871 112.415154 -0.004104 -0.047869 0.998845 1.414353 0.000000 0.000000 0.000000 1.000000
0.999986 -0.001098 0.005089 -0.030868 0.000859 0.998905 0.046779 112.415421 -0.005135 -0.046774 0.998892 1.456023 0.000000 0.000000 0.000000 1.000000
0.999983 -0.001520 0.005568 -0.045242 0.001264 0.998961 0.045562 112.418327 -0.005632 -0.045554 0.998946 1.495695 0.000000 0.000000 0.000000 1.000000
0.999989 -0.001567 0.004407 -0.044569 0.001371 0.999026 0.044109 112.422874 -0.004472 -0.044103 0.999017 1.542532 0.000000 0.000000 0.000000 1.000000
0.999997 -0.000897 0.002418 -0.029684 0.000792 0.999064 0.043246 112.422218 -0.002454 -0.043244 0.999062 1.593853 0.000000 0.000000 0.000000 1.000000
0.999999 -0.000518 -0.001197 0.033813 0.000570 0.999036 0.043890 112.422653 0.001173 -0.043891 0.999036 1.648260 0.000000 0.000000 0.000000 1.000000
0.999984 -0.000190 -0.005692 0.119460 0.000444 0.999003 0.044632 112.423378 0.005678 -0.044634 0.998987 1.689972 0.000000 0.000000 0.000000 1.000000
0.999957 0.000345 -0.009271 0.212391 0.000080 0.998951 0.045786 112.425774 0.009277 -0.045785 0.998908 1.713788 0.000000 0.000000 0.000000 1.000000
0.999933 0.000676 -0.011581 0.310413 -0.000129 0.998888 0.047143 112.426056 0.011600 -0.047138 0.998821 1.727116 0.000000 0.000000 0.000000 1.000000
0.999919 0.000987 -0.012689 0.391370 -0.000368 0.998814 0.048696 112.424583 0.012722 -0.048687 0.998733 1.741712 0.000000 0.000000 0.000000 1.000000
0.999909 0.001421 -0.013389 0.444307 -0.000745 0.998731 0.050350 112.423264 0.013443 -0.050336 0.998642 1.760627 0.000000 0.000000 0.000000 1.000000
0.999908 0.001567 -0.013473 0.468559 -0.000861 0.998636 0.052204 112.426064 0.013536 -0.052187 0.998546 1.781762 0.000000 0.000000 0.000000 1.000000
0.999906 0.001649 -0.013647 0.469324 -0.000913 0.998551 0.053814 112.431221 0.013716 -0.053797 0.998458 1.802981 0.000000 0.000000 0.000000 1.000000
0.999896 0.001736 -0.014308 0.444636 -0.000950 0.998499 0.054757 112.444702 0.014381 -0.054738 0.998397 1.831452 0.000000 0.000000 0.000000 1.000000
0.999872 0.001153 -0.015969 0.393764 -0.000274 0.998487 0.054992 112.459122 0.016008 -0.054981 0.998359 1.869293 0.000000 0.000000 0.000000 1.000000
0.999838 0.000401 -0.017994 0.309235 0.000602 0.998449 0.055674 112.474030 0.017989 -0.055676 0.998287 1.941410 0.000000 0.000000 0.000000 1.000000
0.999787 0.000396 -0.020636 0.203552 0.000765 0.998417 0.056235 112.484283 0.020626 -0.056239 0.998204 2.032996 0.000000 0.000000 0.000000 1.000000
0.999692 0.001538 -0.024770 0.081498 -0.000129 0.998386 0.056796 112.487526 0.024817 -0.056775 0.998079 2.132445 0.000000 0.000000 0.000000 1.000000
0.999501 0.002874 -0.031459 -0.027217 -0.001085 0.998388 0.056747 112.486794 0.031572 -0.056685 0.997893 2.224670 0.000000 0.000000 0.000000 1.000000
0.999298 0.003559 -0.037304 -0.110292 -0.001428 0.998374 0.056982 112.480858 0.037447 -0.056889 0.997678 2.320524 0.000000 0.000000 0.000000 1.000000
0.999140 0.004521 -0.041221 -0.187951 -0.002131 0.998324 0.057838 112.480957 0.041413 -0.057701 0.997475 2.419571 0.000000 0.000000 0.000000 1.000000
0.999067 0.005427 -0.042855 -0.246229 -0.002919 0.998290 0.058376 112.474449 0.043098 -0.058196 0.997374 2.492036 0.000000 0.000000 0.000000 1.000000
0.999082 0.006812 -0.042304 -0.281442 -0.004320 0.998265 0.058725 112.464096 0.042631 -0.058489 0.997377 2.541423 0.000000 0.000000 0.000000 1.000000
0.999371 0.008558 -0.034404 -0.302116 -0.006589 0.998356 0.056942 112.447548 0.034835 -0.056679 0.997785 2.588184 0.000000 0.000000 0.000000 1.000000
0.999744 0.009074 -0.020709 -0.280099 -0.007958 0.998546 0.053325 112.438148 0.021163 -0.053146 0.998362 2.619896 0.000000 0.000000 0.000000 1.000000
0.999960 0.007659 -0.004625 -0.215458 -0.007419 0.998731 0.049816 112.444443 0.005001 -0.049780 0.998748 2.652545 0.000000 0.000000 0.000000 1.000000
0.999930 0.005287 0.010576 -0.118722 -0.005775 0.998896 0.046616 112.448799 -0.010318 -0.046674 0.998857 2.682135 0.000000 0.000000 0.000000 1.000000
0.999747 0.002027 0.022394 0.004018 -0.003043 0.998963 0.045418 112.454369 -0.022279 -0.045475 0.998717 2.734231 0.000000 0.000000 0.000000 1.000000
0.999510 -0.000194 0.031296 0.116363 -0.001223 0.998976 0.045229 112.452995 -0.031273 -0.045245 0.998486 2.780493 0.000000 0.000000 0.000000 1.000000
0.999278 -0.000379 0.038000 0.192222 -0.001304 0.999020 0.044243 112.439056 -0.037979 -0.044261 0.998298 2.826848 0.000000 0.000000 0.000000 1.000000
0.999238 0.000087 0.039019 0.273541 -0.001824 0.999009 0.044478 112.425644 -0.038976 -0.044515 0.998248 2.904037 0.000000 0.000000 0.000000 1.000000
0.999309 0.001429 0.037141 0.338574 -0.003129 0.998948 0.045758 112.418182 -0.037036 -0.045843 0.998262 2.977416 0.000000 0.000000 0.000000 1.000000
0.999440 0.001861 0.033407 0.402805 -0.003372 0.998970 0.045241 112.415909 -0.033288 -0.045328 0.998417 3.028217 0.000000 0.000000 0.000000 1.000000
0.999587 0.000612 0.028730 0.451576 -0.001890 0.999010 0.044449 112.422424 -0.028674 -0.044485 0.998598 3.063769 0.000000 0.000000 0.000000 1.000000
0.999818 -0.000029 0.019069 0.508875 -0.000802 0.999050 0.043574 112.419594 -0.019052 -0.043581 0.998868 3.099960 0.000000 0.000000 0.000000 1.000000
0.999999 0.001282 0.000654 0.578616 -0.001309 0.999025 0.044139 112.405281 -0.000597 -0.044140 0.999025 3.105954 0.000000 0.000000 0.000000 1.000000
0.999747 0.002948 -0.022312 0.676422 -0.001921 0.998943 0.045927 112.404419 0.022424 -0.045872 0.998696 3.114151 0.000000 0.000000 0.000000 1.000000
0.998903 0.004868 -0.046567 0.752273 -0.002741 0.998955 0.045626 112.400436 0.046741 -0.045448 0.997873 3.094656 0.000000 0.000000 0.000000 1.000000
0.997650 0.007251 -0.068139 0.789049 -0.004265 0.999028 0.043864 112.408836 0.068390 -0.043471 0.996711 3.072722 0.000000 0.000000 0.000000 1.000000
0.996389 0.008926 -0.084440 0.795869 -0.005385 0.999100 0.042073 112.424568 0.084739 -0.041466 0.995540 3.054651 0.000000 0.000000 0.000000 1.000000
0.995185 0.011038 -0.097388 0.800380 -0.007115 0.999152 0.040545 112.425644 0.097753 -0.039657 0.994420 3.049516 0.000000 0.000000 0.000000 1.000000
0.994296 0.013442 -0.105809 0.781555 -0.009318 0.999181 0.039373 112.415955 0.106251 -0.038163 0.993607 3.062989 0.000000 0.000000 0.000000 1.000000
0.993824 0.015464 -0.109883 0.755605 -0.011263 0.999185 0.038749 112.409119 0.110393 -0.037272 0.993189 3.093796 0.000000 0.000000 0.000000 1.000000
0.993723 0.017265 -0.110533 0.722804 -0.013082 0.999175 0.038452 112.403709 0.111106 -0.036764 0.993128 3.127465 0.000000 0.000000 0.000000 1.000000
0.994097 0.018182 -0.106960 0.719870 -0.014165 0.999170 0.038195 112.402939 0.107566 -0.036455 0.993529 3.186645 0.000000 0.000000 0.000000 1.000000
0.994821 0.019352 -0.099787 0.720637 -0.015710 0.999186 0.037164 112.392799 0.100425 -0.035404 0.994315 3.236813 0.000000 0.000000 0.000000 1.000000
0.995722 0.020382 -0.090126 0.757076 -0.017146 0.999185 0.036536 112.375618 0.090798 -0.034835 0.995260 3.293102 0.000000 0.000000 0.000000 1.000000
0.996604 0.020373 -0.079785 0.820264 -0.017488 0.999174 0.036693 112.370514 0.080467 -0.035173 0.996137 3.356000 0.000000 0.000000 0.000000 1.000000
0.997339 0.019111 -0.070355 0.893425 -0.016517 0.999169 0.037273 112.375397 0.071009 -0.036012 0.996825 3.433566 0.000000 0.000000 0.000000 1.000000
0.998119 0.017335 -0.058810 0.945535 -0.015061 0.999130 0.038888 112.381714 0.059433 -0.037929 0.997511 3.489372 0.000000 0.000000 0.000000 1.000000
0.998840 0.016029 -0.045412 0.974885 -0.014185 0.999074 0.040629 112.386444 0.046022 -0.039937 0.998142 3.508656 0.000000 0.000000 0.000000 1.000000
0.999404 0.015489 -0.030855 0.960234 -0.014196 0.999030 0.041690 112.381645 0.031471 -0.041227 0.998654 3.503764 0.000000 0.000000 0.000000 1.000000
0.999723 0.015158 -0.018005 0.934781 -0.014386 0.999004 0.042235 112.369705 0.018627 -0.041964 0.998945 3.473270 0.000000 0.000000 0.000000 1.000000
0.999852 0.014968 -0.008427 0.900400 -0.014610 0.999049 0.041072 112.359352 0.009033 -0.040943 0.999121 3.409364 0.000000 0.000000 0.000000 1.000000
0.999903 0.013846 0.001367 0.847490 -0.013888 0.999146 0.038904 112.370804 -0.000827 -0.038919 0.999242 3.344654 0.000000 0.000000 0.000000 1.000000
0.999879 0.013044 0.008530 0.789140 -0.013350 0.999235 0.036768 112.381187 -0.008044 -0.036877 0.999287 3.295463 0.000000 0.000000 0.000000 1.000000
0.999837 0.012165 0.013375 0.721296 -0.012623 0.999317 0.034724 112.390518 -0.012943 -0.034887 0.999307 3.236506 0.000000 0.000000 0.000000 1.000000
0.999816 0.011413 0.015426 0.646599 -0.011919 0.999381 0.033103 112.399246 -0.015039 -0.033281 0.999333 3.172895 0.000000 0.000000 0.000000 1.000000
0.999888 0.010122 0.011022 0.589050 -0.010473 0.999426 0.032230 112.402275 -0.010689 -0.032341 0.999420 3.082284 0.000000 0.000000 0.000000 1.000000
0.999960 0.008929 0.000273 0.546670 -0.008933 0.999410 0.033170 112.400711 0.000023 -0.033171 0.999450 2.984365 0.000000 0.000000 0.000000 1.000000
0.999878 0.007873 -0.013513 0.505461 -0.007396 0.999361 0.034982 112.405960 0.013780 -0.034878 0.999297 2.878415 0.000000 0.000000 0.000000 1.000000
0.999605 0.006810 -0.027267 0.451611 -0.005814 0.999320 0.036413 112.419174 0.027496 -0.036240 0.998965 2.758533 0.000000 0.000000 0.000000 1.000000
0.999276 0.006385 -0.037512 0.367036 -0.005029 0.999334 0.036131 112.430908 0.037718 -0.035916 0.998643 2.623238 0.000000 0.000000 0.000000 1.000000
0.999105 0.006310 -0.041828 0.253436 -0.004840 0.999371 0.035140 112.444954 0.042023 -0.034906 0.998507 2.481837 0.000000 0.000000 0.000000 1.000000
0.999142 0.006226 -0.040944 0.082298 -0.004801 0.999383 0.034804 112.447617 0.041136 -0.034578 0.998555 2.356115 0.000000 0.000000 0.000000 1.000000
0.999241 0.006408 -0.038426 -0.110871 -0.005055 0.999368 0.035197 112.441864 0.038627 -0.034976 0.998641 2.237748 0.000000 0.000000 0.000000 1.000000
0.999321 0.004790 -0.036536 -0.263721 -0.003393 0.999265 0.038195 112.445961 0.036692 -0.038045 0.998602 2.144618 0.000000 0.000000 0.000000 1.000000
0.999363 0.004930 -0.035355 -0.457094 -0.003525 0.999206 0.039689 112.438667 0.035523 -0.039539 0.998586 2.036252 0.000000 0.000000 0.000000 1.000000
0.999426 0.005181 -0.033479 -0.648147 -0.003802 0.999147 0.041124 112.422928 0.033664 -0.040973 0.998593 1.914076 0.000000 0.000000 0.000000 1.000000
0.999530 0.005620 -0.030148 -0.826290 -0.004337 0.999089 0.042454 112.413116 0.030359 -0.042303 0.998643 1.799648 0.000000 0.000000 0.000000 1.000000
0.999704 0.004899 -0.023824 -0.987971 -0.003869 0.999065 0.043067 112.406754 0.024013 -0.042963 0.998788 1.669556 0.000000 0.000000 0.000000 1.000000
0.999880 0.002977 -0.015230 -1.109446 -0.002314 0.999058 0.043342 112.406891 0.015345 -0.043302 0.998944 1.558706 0.000000 0.000000 0.000000 1.000000
0.999975 0.000598 -0.007045 -1.211182 -0.000298 0.999092 0.042598 112.405029 0.007064 -0.042595 0.999067 1.434400 0.000000 0.000000 0.000000 1.000000
0.999999 -0.000726 0.001210 -1.300119 0.000673 0.999054 0.043486 112.406410 -0.001241 -0.043485 0.999053 1.333176 0.000000 0.000000 0.000000 1.000000
0.999952 -0.003046 0.009330 -1.360791 0.002639 0.999055 0.043386 112.397438 -0.009454 -0.043359 0.999015 1.224251 0.000000 0.000000 0.000000 1.000000
0.999836 -0.005104 0.017352 -1.423657 0.004362 0.999086 0.042524 112.389488 -0.017553 -0.042441 0.998945 1.127341 0.000000 0.000000 0.000000 1.000000
0.999698 -0.006757 0.023637 -1.498501 0.005748 0.999080 0.042510 112.382736 -0.023903 -0.042361 0.998816 1.033916 0.000000 0.000000 0.000000 1.000000
0.999620 -0.007119 0.026632 -1.584241 0.005990 0.999089 0.042254 112.372009 -0.026909 -0.042078 0.998752 0.942374 0.000000 0.000000 0.000000 1.000000
0.999620 -0.007959 0.026387 -1.621131 0.006840 0.999085 0.042225 112.357224 -0.026698 -0.042028 0.998760 0.837689 0.000000 0.000000 0.000000 1.000000
0.999733 -0.008748 0.021384 -1.650371 0.007799 0.999000 0.044034 112.347282 -0.021748 -0.043855 0.998801 0.732677 0.000000 0.000000 0.000000 1.000000
0.999888 -0.007521 0.012932 -1.689157 0.006884 0.998792 0.048649 112.344490 -0.013283 -0.048554 0.998732 0.674668 0.000000 0.000000 0.000000 1.000000
0.999977 -0.006217 0.002835 -1.717625 0.006061 0.998625 0.052078 112.337799 -0.003154 -0.052060 0.998639 0.620154 0.000000 0.000000 0.000000 1.000000
0.999956 -0.005805 -0.007395 -1.749308 0.006192 0.998557 0.053339 112.323959 0.007075 -0.053383 0.998549 0.531448 0.000000 0.000000 0.000000 1.000000
0.999857 -0.005671 -0.015962 -1.791965 0.006519 0.998542 0.053590 112.314514 0.015634 -0.053687 0.998435 0.442072 0.000000 0.000000 0.000000 1.000000
0.999705 -0.005649 -0.023638 -1.832672 0.006914 0.998530 0.053768 112.307236 0.023300 -0.053916 0.998274 0.346121 0.000000 0.000000 0.000000 1.000000
0.999548 -0.005495 -0.029541 -1.893715 0.007098 0.998492 0.054445 112.302917 0.029197 -0.054630 0.998080 0.272299 0.000000 0.000000 0.000000 1.000000
0.999422 -0.005623 -0.033526 -1.943078 0.007468 0.998449 0.055169 112.299240 0.033164 -0.055388 0.997914 0.203822 0.000000 0.000000 0.000000 1.000000
0.999319 -0.005792 -0.036433 -1.997486 0.007827 0.998402 0.055963 112.291489 0.036051 -0.056210 0.997768 0.159615 0.000000 0.000000 0.000000 1.000000
0.999198 -0.005785 -0.039634 -2.051229 0.008021 0.998372 0.056476 112.281410 0.039242 -0.056749 0.997617 0.107888 0.000000 0.000000 0.000000 1.000000
0.999060 -0.006257 -0.042891 -2.090910 0.008713 0.998318 0.057325 112.279335 0.042460 -0.057644 0.997434 0.045983 0.000000 0.000000 0.000000 1.000000
0.998900 -0.005914 -0.046527 -2.144000 0.008596 0.998300 0.057651 112.290573 0.046107 -0.057987 0.997252 -0.015959 0.000000 0.000000 0.000000 1.000000
0.998799 -0.004785 -0.048757 -2.211750 0.007616 0.998285 0.058044 112.319794 0.048395 -0.058345 0.997123 -0.084958 0.000000 0.000000 0.000000 1.000000
0.998755 -0.003936 -0.049730 -2.276990 0.006863 0.998244 0.058830 112.352646 0.049411 -0.059098 0.997029 -0.139583 0.000000 0.000000 0.000000 1.000000
0.998645 -0.003316 -0.051938 -2.336052 0.006491 0.998111 0.061086 112.367165 0.051638 -0.061340 0.996780 -0.190540 0.000000 0.000000 0.000000 1.000000
0.998573 -0.003179 -0.053311 -2.371546 0.006525 0.998011 0.062697 112.361549 0.053006 -0.062956 0.996608 -0.222837 0.000000 0.000000 0.000000 1.000000
0.998567 -0.003242 -0.053410 -2.382033 0.006622 0.997977 0.063234 112.353180 0.053096 -0.063497 0.996569 -0.238001 0.000000 0.000000 0.000000 1.000000
0.998598 -0.003392 -0.052834 -2.377215 0.006728 0.997986 0.063079 112.352982 0.052514 -0.063346 0.996609 -0.236899 0.000000 0.000000 0.000000 1.000000
0.998707 -0.003829 -0.050693 -2.340105 0.007001 0.998018 0.062546 112.364548 0.050353 -0.062820 0.996754 -0.209346 0.000000 0.000000 0.000000 1.000000
0.998821 -0.004875 -0.048309 -2.258108 0.007868 0.998048 0.061959 112.382332 0.047913 -0.062266 0.996909 -0.149919 0.000000 0.000000 0.000000 1.000000
0.998966 -0.005368 -0.045152 -2.162485 0.008131 0.998091 0.061224 112.399414 0.044737 -0.061528 0.997102 -0.080478 0.000000 0.000000 0.000000 1.000000
0.999167 -0.006192 -0.040328 -2.056011 0.008640 0.998112 0.060803 112.407349 0.039875 -0.061101 0.997335 -0.004780 0.000000 0.000000 0.000000 1.000000
0.999346 -0.006878 -0.035514 -1.921752 0.009020 0.998127 0.060509 112.401009 0.035031 -0.060790 0.997536 0.083767 0.000000 0.000000 0.000000 1.000000
0.999529 -0.007159 -0.029846 -1.801252 0.008946 0.998147 0.060186 112.394478 0.029360 -0.060425 0.997741 0.185176 0.000000 0.000000 0.000000 1.000000
0.999657 -0.006911 -0.025268 -1.683707 0.008404 0.998194 0.059485 112.390572 0.024812 -0.059677 0.997909 0.272469 0.000000 0.000000 0.000000 1.000000
0.999773 -0.006312 -0.020326 -1.577102 0.007491 0.998261 0.058469 112.396950 0.019921 -0.058608 0.998082 0.373535 0.000000 0.000000 0.000000 1.000000
0.999861 -0.006226 -0.015457 -1.479446 0.007095 0.998359 0.056816 112.397278 0.015078 -0.056918 0.998265 0.452496 0.000000 0.000000 0.000000 1.000000
0.999927 -0.005987 -0.010494 -1.392655 0.006571 0.998379 0.056533 112.394768 0.010139 -0.056598 0.998346 0.538036 0.000000 0.000000 0.000000 1.000000
0.999962 -0.005963 -0.006307 -1.307432 0.006312 0.998363 0.056855 112.389282 0.005957 -0.056892 0.998363 0.608424 0.000000 0.000000 0.000000 1.000000
0.999980 -0.004978 -0.003775 -1.221393 0.005184 0.998376 0.056726 112.384079 0.003487 -0.056744 0.998383 0.664630 0.000000 0.000000 0.000000 1.000000
0.999990 -0.004005 -0.001918 -1.115377 0.004108 0.998335 0.057538 112.386436 0.001684 -0.057545 0.998341 0.725239 0.000000 0.000000 0.000000 1.000000
0.999993 -0.003514 -0.001346 -0.995673 0.003585 0.998392 0.056576 112.390450 0.001145 -0.056580 0.998397 0.763632 0.000000 0.000000 0.000000 1.000000
0.999995 -0.003054 -0.000507 -0.869052 0.003077 0.998507 0.054530 112.398666 0.000340 -0.054531 0.998512 0.808073 0.000000 0.000000 0.000000 1.000000
0.999995 -0.003081 0.000692 -0.736953 0.003041 0.998661 0.051648 112.404808 -0.000850 -0.051645 0.998665 0.841566 0.000000 0.000000 0.000000 1.000000
0.999993 -0.003349 0.001874 -0.602309 0.003252 0.998762 0.049641 112.409790 -0.002038 -0.049635 0.998765 0.883404 0.000000 0.000000 0.000000 1.000000
0.999989 -0.003133 0.003397 -0.477002 0.002963 0.998805 0.048780 112.413261 -0.003546 -0.048770 0.998804 0.936487 0.000000 0.000000 0.000000 1.000000
0.999981 -0.003213 0.005347 -0.355053 0.002950 0.998822 0.048428 112.414604 -0.005496 -0.048411 0.998812 0.974764 0.000000 0.000000 0.000000 1.000000
0.999968 -0.003273 0.007350 -0.247538 0.002913 0.998824 0.048396 112.415985 -0.007499 -0.048373 0.998801 0.998731 0.000000 0.000000 0.000000 1.000000
0.999958 -0.003297 0.008525 -0.149316 0.002883 0.998833 0.048204 112.414314 -0.008674 -0.048177 0.998801 1.013048 0.000000 0.000000 0.000000 1.000000
0.999943 -0.003643 0.009993 -0.060373 0.003156 0.998828 0.048288 112.415047 -0.010157 -0.048253 0.998783 1.024367 0.000000 0.000000 0.000000 1.000000
0.999926 -0.003553 0.011599 0.010458 0.002992 0.998840 0.048055 112.417679 -0.011757 -0.048017 0.998777 1.037680 0.000000 0.000000 0.000000 1.000000
0.999893 -0.003780 0.014100 0.061667 0.003105 0.998861 0.047606 112.418922 -0.014264 -0.047557 0.998767 1.046923 0.000000 0.000000 0.000000 1.000000
0.999863 -0.003695 0.016152 0.101727 0.002916 0.998844 0.047988 112.418137 -0.016311 -0.047934 0.998717 1.057860 0.000000 0.000000 0.000000 1.000000
0.999835 -0.003421 0.017839 0.136764 0.002550 0.998813 0.048639 112.417908 -0.017984 -0.048586 0.998657 1.061209 0.000000 0.000000 0.000000 1.000000
0.999825 -0.003053 0.018440 0.162577 0.002148 0.998801 0.048904 112.415787 -0.018567 -0.048856 0.998633 1.060007 0.000000 0.000000 0.000000 1.000000
0.999826 -0.002851 0.018461 0.182145 0.001943 0.998796 0.049013 112.412918 -0.018579 -0.048968 0.998628 1.060968 0.000000 0.000000 0.000000 1.000000
0.999835 -0.002766 0.017971 0.191985 0.001888 0.998814 0.048658 112.410950 -0.018084 -0.048616 0.998654 1.060692 0.000000 0.000000 0.000000 1.000000
0.999854 -0.002649 0.016902 0.195899 0.001836 0.998848 0.047949 112.410385 -0.017010 -0.047911 0.998707 1.064387 0.000000 0.000000 0.000000 1.000000
0.999875 -0.002286 0.015662 0.193986 0.001542 0.998875 0.047398 112.412621 -0.015753 -0.047368 0.998753 1.074147 0.000000 0.000000 0.000000 1.000000
0.999895 -0.001659 0.014385 0.181186 0.000975 0.998872 0.047469 112.415504 -0.014448 -0.047450 0.998769 1.089215 0.000000 0.000000 0.000000 1.000000
0.999914 -0.000864 0.013072 0.163562 0.000242 0.998872 0.047474 112.416229 -0.013098 -0.047467 0.998787 1.109117 0.000000 0.000000 0.000000 1.000000
0.999933 -0.000351 0.011581 0.135634 -0.000199 0.998870 0.047529 112.412964 -0.011584 -0.047529 0.998803 1.125709 0.000000 0.000000 0.000000 1.000000
0.999950 0.000158 0.009959 0.101452 -0.000631 0.998869 0.047552 112.411392 -0.009940 -0.047556 0.998819 1.143567 0.000000 0.000000 0.000000 1.000000
0.999966 0.000983 0.008241 0.066460 -0.001378 0.998843 0.048072 112.414474 -0.008185 -0.048082 0.998810 1.176026 0.000000 0.000000 0.000000 1.000000</float_array>
        <technique_common>
          <accessor source="#mixamorig_Hips-Matrix-animation-output-transform-array" count="143" stride="16">
            <param type="float4x4"/>
          </accessor>
        </technique_common>
      </source>
      <source id="mixamorig_Hips-Interpolations">
        <Name_array id="mixamorig_Hips-Interpolations-array" count="143">
 LINEAR LINEAR LINEAR LINEAR LINEAR LINEAR LINEAR LINEAR LINEAR LINEAR LINEAR
LINEAR LINEAR LINEAR LINEAR LINEAR LINEAR LINEAR LINEAR LINEAR LINEAR LINEAR LINEAR
LINEAR LINEAR LINEAR LINEAR LINEAR LINEAR LINEAR LINEAR LINEAR LINEAR LINEAR LINEAR
LINEAR LINEAR LINEAR LINEAR LINEAR LINEAR LINEAR LINEAR LINEAR LINEAR LINEAR LINEAR
LINEAR LINEAR LINEAR LINEAR LINEAR LINEAR LINEAR LINEAR LINEAR LINEAR LINEAR LINEAR
LINEAR LINEAR LINEAR LINEAR LINEAR LINEAR LINEAR LINEAR LINEAR LINEAR LINEAR LINEAR
LINEAR LINEAR LINEAR LINEAR LINEAR LINEAR LINEAR LINEAR LINEAR LINEAR LINEAR LINEAR
LINEAR LINEAR LINEAR LINEAR LINEAR LINEAR LINEAR LINEAR LINEAR LINEAR LINEAR LINEAR
LINEAR LINEAR LINEAR LINEAR LINEAR LINEAR LINEAR LINEAR LINEAR LINEAR LINEAR LINEAR
LINEAR LINEAR LINEAR LINEAR LINEAR LINEAR LINEAR LINEAR LINEAR LINEAR LINEAR LINEAR
LINEAR LINEAR LINEAR LINEAR LINEAR LINEAR LINEAR LINEAR LINEAR LINEAR LINEAR LINEAR
LINEAR LINEAR LINEAR LINEAR LINEAR LINEAR LINEAR LINEAR LINEAR LINEAR LINEAR LINEAR</Name_array>
        <technique_common>
          <accessor source="#mixamorig_Hips-Interpolations-array" count="143">
            <param type="name"/>
          </accessor>
        </technique_common>
      </source>
      <sampler id="mixamorig_Hips-Matrix-animation-transform">
        <input semantic="INPUT" source="#mixamorig_Hips-Matrix-animation-input"/>
        <input semantic="OUTPUT" source="#mixamorig_Hips-Matrix-animation-output-transform"/>
        <input semantic="INTERPOLATION" source="#mixamorig_Hips-Interpolations"/>
      </sampler>
      <channel source="#mixamorig_Hips-Matrix-animation-transform" target="mixamorig_Hips/matrix"/>
    </animation>
    <animation id="mixamorig_Spine-anim" name="mixamorig_Spine">
      <source id="mixamorig_Spine-Matrix-animation-input">
        <float_array id="mixamorig_Spine-Matrix-animation-input-array" count="143">

0.000000 0.033333 0.066667 0.100000 0.133333 0.166667 0.200000 0.233333 0.266667 0.300000 0.333333 0.366667 0.400000 0.433333 0.466667 0.500000
0.533333 0.566667 0.600000 0.633333 0.666667 0.700000 0.733333 0.766667 0.800000 0.833333 0.866667 0.900000 0.933333 0.966667 1.000000 1.033333
1.066667 1.100000 1.133333 1.166667 1.200000 1.233333 1.266667 1.300000 1.333333 1.366667 1.400000 1.433333 1.466667 1.500000 1.533333 1.566667
1.600000 1.633333 1.666667 1.700000 1.733333 1.766667 1.800000 1.833333 1.866667 1.900000 1.933333 1.966667 2.000000 2.033333 2.066667 2.100000
2.133333 2.166667 2.200000 2.233333 2.266667 2.300000 2.333333 2.366667 2.400000 2.433333 2.466667 2.500000 2.533333 2.566667 2.600000 2.633333
2.666667 2.700000 2.733333 2.766667 2.800000 2.833333 2.866667 2.900000 2.933333 2.966667 3.000000 3.033333 3.066667 3.100000 3.133333 3.166667
3.200000 3.233333 3.266667 3.300000 3.333333 3.366667 3.400000 3.433333 3.466667 3.500000 3.533333 3.566667 3.600000 3.633333 3.666667 3.700000
3.733333 3.766667 3.800000 3.833333 3.866667 3.900000 3.933333 3.966667 4.000000 4.033333 4.066667 4.100000 4.133333 4.166667 4.200000 4.233333
4.266667 4.300000 4.333333 4.366667 4.400000 4.433333 4.466667 4.500000 4.533333 4.566667 4.600000 4.633333 4.666667 4.700000 4.733333</float_array>
        <technique_common>
          <accessor source="#mixamorig_Spine-Matrix-animation-input-array" count="143">
            <param name="TIME" type="float"/>
          </accessor>
        </technique_common>
      </source>
      <source id="mixamorig_Spine-Matrix-animation-output-transform">
        <float_array id="mixamorig_Spine-Matrix-animation-output-transform-array" count="2288">

0.999923 0.012331 -0.001519 0.000400 -0.012340 0.999902 -0.006608 10.664600 0.001437 0.006626 0.999977 -0.060300 0.000000 0.000000 0.000000 1.000000
0.999923 0.012318 -0.001512 0.000400 -0.012328 0.999901 -0.006711 10.664600 0.001429 0.006729 0.999976 -0.060300 0.000000 0.000000 0.000000 1.000000
0.999924 0.012276 -0.001498 0.000400 -0.012286 0.999901 -0.006841 10.664600 0.001414 0.006859 0.999975 -0.060300 0.000000 0.000000 0.000000 1.000000
0.999926 0.012049 -0.001473 0.000400 -0.012059 0.999904 -0.006886 10.664600 0.001390 0.006903 0.999975 -0.060300 0.000000 0.000000 0.000000 1.000000
0.999928 0.011928 -0.001415 0.000400 -0.011937 0.999905 -0.006924 10.664600 0.001333 0.006941 0.999975 -0.060300 0.000000 0.000000 0.000000 1.000000
0.999925 0.012144 -0.001324 0.000400 -0.012153 0.999902 -0.007020 10.664600 0.001239 0.007035 0.999974 -0.060300 0.000000 0.000000 0.000000 1.000000
0.999922 0.012447 -0.001256 0.000400 -0.012456 0.999897 -0.007117 10.664600 0.001168 0.007132 0.999974 -0.060300 0.000000 0.000000 0.000000 1.000000
0.999922 0.012419 -0.001356 0.000400 -0.012429 0.999897 -0.007219 10.664600 0.001266 0.007236 0.999973 -0.060300 0.000000 0.000000 0.000000 1.000000
0.999924 0.012224 -0.001556 0.000400 -0.012235 0.999898 -0.007307 10.664600 0.001467 0.007325 0.999972 -0.060300 0.000000 0.000000 0.000000 1.000000
0.999927 0.011976 -0.001620 0.000400 -0.011987 0.999901 -0.007337 10.664600 0.001532 0.007356 0.999972 -0.060300 0.000000 0.000000 0.000000 1.000000
0.999928 0.011892 -0.001668 0.000400 -0.011904 0.999902 -0.007332 10.664600 0.001581 0.007351 0.999972 -0.060300 0.000000 0.000000 0.000000 1.000000
0.999929 0.011735 -0.001942 0.000400 -0.011749 0.999904 -0.007292 10.664600 0.001856 0.007315 0.999972 -0.060300 0.000000 0.000000 0.000000 1.000000
0.999929 0.011697 -0.002259 0.000400 -0.011713 0.999906 -0.007102 10.664600 0.002176 0.007128 0.999972 -0.060300 0.000000 0.000000 0.000000 1.000000
0.999926 0.011893 -0.002386 0.000400 -0.011909 0.999905 -0.006885 10.664600 0.002304 0.006913 0.999973 -0.060300 0.000000 0.000000 0.000000 1.000000
0.999922 0.012148 -0.003000 0.000400 -0.012167 0.999904 -0.006569 10.664600 0.002920 0.006605 0.999974 -0.060300 0.000000 0.000000 0.000000 1.000000
0.999916 0.012469 -0.003674 0.000400 -0.012492 0.999903 -0.006222 10.664600 0.003596 0.006268 0.999974 -0.060300 0.000000 0.000000 0.000000 1.000000
0.999904 0.013181 -0.004235 0.000400 -0.013205 0.999897 -0.005682 10.664600 0.004160 0.005738 0.999975 -0.060300 0.000000 0.000000 0.000000 1.000000
0.999896 0.013342 -0.005426 0.000400 -0.013369 0.999897 -0.005135 10.664600 0.005357 0.005207 0.999972 -0.060300 0.000000 0.000000 0.000000 1.000000
0.999889 0.013243 -0.006818 0.000400 -0.013275 0.999901 -0.004619 10.664600 0.006757 0.004709 0.999966 -0.060300 0.000000 0.000000 0.000000 1.000000
0.999876 0.013661 -0.007856 0.000400 -0.013693 0.999898 -0.004056 10.664600 0.007800 0.004163 0.999961 -0.060300 0.000000 0.000000 0.000000 1.000000
0.999862 0.014305 -0.008434 0.000400 -0.014337 0.999890 -0.003728 10.664600 0.008379 0.003849 0.999957 -0.060300 0.000000 0.000000 0.000000 1.000000
0.999853 0.014702 -0.008831 0.000400 -0.014735 0.999884 -0.003745 10.664600 0.008775 0.003874 0.999954 -0.060300 0.000000 0.000000 0.000000 1.000000
0.999843 0.015222 -0.009089 0.000400 -0.015255 0.999877 -0.003607 10.664600 0.009033 0.003745 0.999952 -0.060300 0.000000 0.000000 0.000000 1.000000
0.999830 0.015913 -0.009271 0.000400 -0.015945 0.999867 -0.003368 10.664600 0.009216 0.003516 0.999951 -0.060300 0.000000 0.000000 0.000000 1.000000
0.999821 0.016509 -0.009251 0.000400 -0.016538 0.999859 -0.003025 10.664600 0.009200 0.003177 0.999953 -0.060300 0.000000 0.000000 0.000000 1.000000
0.999815 0.016892 -0.009176 0.000400 -0.016918 0.999853 -0.002794 10.664600 0.009127 0.002949 0.999954 -0.060300 0.000000 0.000000 0.000000 1.000000
0.999813 0.017140 -0.008982 0.000400 -0.017164 0.999849 -0.002572 10.664600 0.008937 0.002725 0.999956 -0.060300 0.000000 0.000000 0.000000 1.000000
0.999815 0.017241 -0.008504 0.000400 -0.017262 0.999848 -0.002343 10.664600 0.008462 0.002490 0.999961 -0.060300 0.000000 0.000000 0.000000 1.000000
0.999821 0.017481 -0.007247 0.000400 -0.017495 0.999845 -0.001816 10.664600 0.007214 0.001943 0.999972 -0.060300 0.000000 0.000000 0.000000 1.000000
0.999825 0.017771 -0.005810 0.000400 -0.017778 0.999841 -0.001288 10.664600 0.005786 0.001391 0.999982 -0.060300 0.000000 0.000000 0.000000 1.000000
0.999830 0.017891 -0.004538 0.000400 -0.017896 0.999839 -0.001095 10.664600 0.004518 0.001176 0.999989 -0.060300 0.000000 0.000000 0.000000 1.000000
0.999834 0.017862 -0.003461 0.000400 -0.017866 0.999840 -0.001123 10.664600 0.003440 0.001184 0.999993 -0.060300 0.000000 0.000000 0.000000 1.000000
0.999846 0.017448 -0.001759 0.000400 -0.017450 0.999847 -0.000960 10.664600 0.001742 0.000991 0.999998 -0.060300 0.000000 0.000000 0.000000 1.000000
0.999845 0.017601 -0.000787 0.000400 -0.017601 0.999845 -0.000445 10.664600 0.000779 0.000459 1.000000 -0.060300 0.000000 0.000000 0.000000 1.000000
0.999845 0.017582 -0.001311 0.000400 -0.017581 0.999845 0.000234 10.664600 0.001315 -0.000211 0.999999 -0.060300 0.000000 0.000000 0.000000 1.000000
0.999837 0.017808 -0.002965 0.000400 -0.017805 0.999841 0.000951 10.664600 0.002981 -0.000898 0.999995 -0.060300 0.000000 0.000000 0.000000 1.000000
0.999831 0.017570 -0.005321 0.000400 -0.017563 0.999845 0.001266 10.664600 0.005343 -0.001172 0.999985 -0.060300 0.000000 0.000000 0.000000 1.000000
0.999827 0.017405 -0.006545 0.000400 -0.017395 0.999847 0.001662 10.664600 0.006573 -0.001548 0.999977 -0.060300 0.000000 0.000000 0.000000 1.000000
0.999821 0.017499 -0.007213 0.000400 -0.017486 0.999845 0.001816 10.664600 0.007244 -0.001690 0.999972 -0.060300 0.000000 0.000000 0.000000 1.000000
0.999828 0.016655 -0.008113 0.000400 -0.016638 0.999859 0.002126 10.664600 0.008147 -0.001991 0.999965 -0.060300 0.000000 0.000000 0.000000 1.000000
0.999837 0.015918 -0.008496 0.000400 -0.015899 0.999871 0.002273 10.664600 0.008531 -0.002138 0.999961 -0.060300 0.000000 0.000000 0.000000 1.000000
0.999847 0.015093 -0.008814 0.000400 -0.015074 0.999884 0.002244 10.664600 0.008847 -0.002111 0.999959 -0.060300 0.000000 0.000000 0.000000 1.000000
0.999858 0.014310 -0.008918 0.000400 -0.014288 0.999895 0.002485 10.664600 0.008952 -0.002357 0.999957 -0.060300 0.000000 0.000000 0.000000 1.000000
0.999866 0.013679 -0.008963 0.000400 -0.013653 0.999903 0.002867 10.664600 0.009002 -0.002745 0.999956 -0.060300 0.000000 0.000000 0.000000 1.000000
0.999876 0.012739 -0.009248 0.000400 -0.012714 0.999915 0.002824 10.664600 0.009284 -0.002706 0.999953 -0.060300 0.000000 0.000000 0.000000 1.000000
0.999899 0.011186 -0.008810 0.000400 -0.011168 0.999936 0.002047 10.664600 0.008832 -0.001949 0.999959 -0.060300 0.000000 0.000000 0.000000 1.000000
0.999922 0.009872 -0.007663 0.000400 -0.009863 0.999951 0.001182 10.664600 0.007674 -0.001106 0.999970 -0.060300 0.000000 0.000000 0.000000 1.000000
0.999941 0.009115 -0.005864 0.000400 -0.009108 0.999958 0.001110 10.664600 0.005873 -0.001056 0.999982 -0.060300 0.000000 0.000000 0.000000 1.000000
0.999952 0.008900 -0.004049 0.000400 -0.008894 0.999959 0.001733 10.664600 0.004064 -0.001697 0.999990 -0.060300 0.000000 0.000000 0.000000 1.000000
0.999955 0.009136 -0.002743 0.000400 -0.009130 0.999956 0.002361 10.664600 0.002765 -0.002336 0.999993 -0.060300 0.000000 0.000000 0.000000 1.000000
0.999951 0.009792 -0.001423 0.000400 -0.009788 0.999948 0.002821 10.664600 0.001450 -0.002807 0.999995 -0.060300 0.000000 0.000000 0.000000 1.000000
0.999948 0.010229 -0.000570 0.000400 -0.010227 0.999943 0.003074 10.664600 0.000601 -0.003068 0.999995 -0.060300 0.000000 0.000000 0.000000 1.000000
0.999938 0.011090 0.000241 0.000400 -0.011091 0.999934 0.003111 10.664600 -0.000206 -0.003113 0.999995 -0.060300 0.000000 0.000000 0.000000 1.000000
0.999921 0.012450 0.001537 0.000400 -0.012454 0.999918 0.003108 10.664600 -0.001498 -0.003127 0.999994 -0.060300 0.000000 0.000000 0.000000 1.000000
0.999909 0.013319 0.001998 0.000400 -0.013326 0.999906 0.003207 10.664600 -0.001955 -0.003233 0.999993 -0.060300 0.000000 0.000000 0.000000 1.000000
0.999905 0.013717 0.001633 0.000400 -0.013723 0.999899 0.003592 10.664600 -0.001584 -0.003614 0.999992 -0.060300 0.000000 0.000000 0.000000 1.000000
0.999899 0.014230 0.000580 0.000400 -0.014232 0.999891 0.003857 10.664600 -0.000525 -0.003865 0.999992 -0.060300 0.000000 0.000000 0.000000 1.000000
0.999893 0.014575 -0.001178 0.000400 -0.014570 0.999885 0.004163 10.664600 0.001239 -0.004145 0.999991 -0.060300 0.000000 0.000000 0.000000 1.000000
0.999884 0.015055 -0.002473 0.000400 -0.015044 0.999877 0.004544 10.664600 0.002542 -0.004506 0.999987 -0.060300 0.000000 0.000000 0.000000 1.000000
0.999871 0.015690 -0.003417 0.000400 -0.015674 0.999866 0.004669 10.664600 0.003490 -0.004615 0.999983 -0.060300 0.000000 0.000000 0.000000 1.000000
0.999857 0.016330 -0.004405 0.000400 -0.016310 0.999857 0.004435 10.664600 0.004477 -0.004363 0.999980 -0.060300 0.000000 0.000000 0.000000 1.000000
0.999840 0.017012 -0.005582 0.000400 -0.016988 0.999847 0.004219 10.664600 0.005653 -0.004124 0.999976 -0.060300 0.000000 0.000000 0.000000 1.000000
0.999832 0.017061 -0.006719 0.000400 -0.017035 0.999847 0.003902 10.664600 0.006784 -0.003786 0.999970 -0.060300 0.000000 0.000000 0.000000 1.000000
0.999833 0.016859 -0.007043 0.000400 -0.016829 0.999849 0.004226 10.664600 0.007114 -0.004107 0.999966 -0.060300 0.000000 0.000000 0.000000 1.000000
0.999824 0.017268 -0.007302 0.000400 -0.017233 0.999840 0.004827 10.664600 0.007384 -0.004700 0.999962 -0.060300 0.000000 0.000000 0.000000 1.000000
0.999816 0.017730 -0.007343 0.000400 -0.017692 0.999830 0.005235 10.664600 0.007434 -0.005104 0.999959 -0.060300 0.000000 0.000000 0.000000 1.000000
0.999821 0.017473 -0.007320 0.000400 -0.017432 0.999833 0.005564 10.664600 0.007416 -0.005435 0.999958 -0.060300 0.000000 0.000000 0.000000 1.000000
0.999842 0.016001 -0.007768 0.000400 -0.015957 0.999856 0.005711 10.664600 0.007858 -0.005586 0.999954 -0.060300 0.000000 0.000000 0.000000 1.000000
0.999862 0.014460 -0.008210 0.000400 -0.014419 0.999883 0.005078 10.664600 0.008282 -0.004959 0.999953 -0.060300 0.000000 0.000000 0.000000 1.000000
0.999885 0.012926 -0.007907 0.000400 -0.012892 0.999908 0.004334 10.664600 0.007962 -0.004231 0.999959 -0.060300 0.000000 0.000000 0.000000 1.000000
0.999913 0.011288 -0.006841 0.000400 -0.011265 0.999931 0.003448 10.664600 0.006879 -0.003371 0.999971 -0.060300 0.000000 0.000000 0.000000 1.000000
0.999935 0.010203 -0.005065 0.000400 -0.010189 0.999944 0.002849 10.664600 0.005093 -0.002797 0.999983 -0.060300 0.000000 0.000000 0.000000 1.000000
0.999954 0.009017 -0.003417 0.000400 -0.009008 0.999956 0.002702 10.664600 0.003441 -0.002672 0.999991 -0.060300 0.000000 0.000000 0.000000 1.000000
0.999963 0.008300 -0.002437 0.000400 -0.008293 0.999962 0.002730 10.664600 0.002459 -0.002710 0.999993 -0.060300 0.000000 0.000000 0.000000 1.000000
0.999964 0.008165 -0.002486 0.000400 -0.008159 0.999964 0.002304 10.664600 0.002505 -0.002284 0.999994 -0.060300 0.000000 0.000000 0.000000 1.000000
0.999961 0.008411 -0.002665 0.000400 -0.008406 0.999963 0.001751 10.664600 0.002680 -0.001729 0.999995 -0.060300 0.000000 0.000000 0.000000 1.000000
0.999957 0.008848 -0.002655 0.000400 -0.008847 0.999961 0.000617 10.664600 0.002660 -0.000594 0.999996 -0.060300 0.000000 0.000000 0.000000 1.000000
0.999956 0.009187 -0.002136 0.000400 -0.009188 0.999958 -0.000340 10.664600 0.002133 0.000360 0.999998 -0.060300 0.000000 0.000000 0.000000 1.000000
0.999955 0.009374 -0.001385 0.000400 -0.009376 0.999955 -0.001240 10.664600 0.001374 0.001253 0.999998 -0.060300 0.000000 0.000000 0.000000 1.000000
0.999950 0.010017 -0.000697 0.000400 -0.010018 0.999947 -0.002166 10.664600 0.000675 0.002173 0.999997 -0.060300 0.000000 0.000000 0.000000 1.000000
0.999944 0.010614 -0.000440 0.000400 -0.010615 0.999939 -0.003169 10.664600 0.000406 0.003174 0.999995 -0.060300 0.000000 0.000000 0.000000 1.000000
0.999934 0.011503 -0.000584 0.000400 -0.011506 0.999924 -0.004412 10.664600 0.000533 0.004419 0.999990 -0.060300 0.000000 0.000000 0.000000 1.000000
