<?xml version="1.0" encoding="utf-8"?>
<COLLADA xmlns="http://www.collada.org/2005/11/COLLADASchema" version="1.4.1">
  <asset>
    <contributor>
      <author>Mixamo</author>
      <authoring_tool>COLLADA Mixamo exporter</authoring_tool>
      <comments/>
    </contributor>
    <created>2026-01-24T18:30:36Z</created>
    <modified>2026-01-24T18:30:36Z</modified>
    <revision/>
    <title/>
    <unit meter="0.010000"/>
    <up_axis>Y_UP</up_axis>
  </asset>
  <library_animations>
    <animation id="mixamorig_Hips-anim" name="mixamorig_Hips">
      <source id="mixamorig_Hips-Matrix-animation-input">
        <float_array id="mixamorig_Hips-Matrix-animation-input-array" count="56">

0.000000 0.033333 0.066667 0.100000 0.133333 0.166667 0.200000 0.233333 0.266667 0.300000 0.333333 0.366667 0.400000 0.433333 0.466667 0.500000
0.533333 0.566667 0.600000 0.633333 0.666667 0.700000 0.733333 0.766667 0.800000 0.833333 0.866667 0.900000 0.933333 0.966667 1.000000 1.033333
1.066667 1.100000 1.133333 1.166667 1.200000 1.233333 1.266667 1.300000 1.333333 1.366667 1.400000 1.433333 1.466667 1.500000 1.533333 1.566667
1.600000 1.633333 1.666667 1.700000 1.733333 1.766667 1.800000 1.833333</float_array>
        <technique_common>
          <accessor source="#mixamorig_Hips-Matrix-animation-input-array" count="56">
            <param name="TIME" type="float"/>
          </accessor>
        </technique_common>
      </source>
      <source id="mixamorig_Hips-Matrix-animation-output-transform">
        <float_array id="mixamorig_Hips-Matrix-animation-output-transform-array" count="896">

0.984475 -0.148069 -0.094260 -0.114742 0.161498 0.974469 0.155974 109.735489 0.068759 -0.168776 0.983253 -0.218417 0.000000 0.000000 0.000000 1.000000
0.984837 -0.145200 -0.094935 -0.189496 0.158833 0.974770 0.156830 109.734810 0.069768 -0.169530 0.983052 -0.163847 0.000000 0.000000 0.000000 1.000000
0.985067 -0.141986 -0.097377 -0.426367 0.156277 0.974726 0.159646 109.709946 0.072249 -0.172480 0.982360 -0.121718 0.000000 0.000000 0.000000 1.000000
0.985055 -0.137473 -0.103771 -0.719101 0.153656 0.973600 0.168800 109.627068 0.077826 -0.182222 0.980173 -0.205400 0.000000 0.000000 0.000000 1.000000
0.984494 -0.132883 -0.114517 -1.031949 0.152023 0.972032 0.179006 109.502487 0.087527 -0.193640 0.977160 -0.347086 0.000000 0.000000 0.000000 1.000000
0.982517 -0.129669 -0.133588 -1.272621 0.153270 0.970703 0.185049 109.324493 0.105679 -0.202289 0.973607 -0.581273 0.000000 0.000000 0.000000 1.000000
0.978868 -0.128360 -0.159190 -1.409679 0.157680 0.969452 0.187883 109.162178 0.130211 -0.209013 0.969205 -0.655515 0.000000 0.000000 0.000000 1.000000
0.973552 -0.128771 -0.188719 -1.567881 0.165206 0.967351 0.192193 109.029518 0.157808 -0.218288 0.963040 -0.559848 0.000000 0.000000 0.000000 1.000000
0.965200 -0.127946 -0.228077 -1.776824 0.175198 0.963856 0.200718 108.787109 0.194153 -0.233691 0.952729 -0.354328 0.000000 0.000000 0.000000 1.000000
0.951034 -0.123625 -0.283286 -1.971449 0.189712 0.957050 0.219237 108.284851 0.244015 -0.262245 0.933640 -0.082779 0.000000 0.000000 0.000000 1.000000
0.933210 -0.110757 -0.341837 -2.136132 0.205823 0.944550 0.255856 107.530624 0.294544 -0.309125 0.904260 0.291082 0.000000 0.000000 0.000000 1.000000
0.917310 -0.088022 -0.388322 -2.391799 0.217026 0.928186 0.302275 106.549477 0.333829 -0.361556 0.870538 0.775753 0.000000 0.000000 0.000000 1.000000
0.907492 -0.068143 -0.414506 -2.846247 0.226384 0.910536 0.345941 105.271767 0.353849 -0.407776 0.841730 1.288949 0.000000 0.000000 0.000000 1.000000
0.907176 -0.057603 -0.416789 -3.394624 0.235183 0.890809 0.388779 103.639526 0.348884 -0.450713 0.821668 1.818923 0.000000 0.000000 0.000000 1.000000
0.909372 -0.055793 -0.412224 -3.943799 0.248104 0.868159 0.429819 101.771538 0.333896 -0.493140 0.803322 2.479156 0.000000 0.000000 0.000000 1.000000
0.911799 -0.056188 -0.406774 -4.425292 0.260298 0.845234 0.466716 100.041618 0.317595 -0.531434 0.785310 3.277831 0.000000 0.000000 0.000000 1.000000
0.912091 -0.056737 -0.406043 -4.731931 0.269713 0.828934 0.490025 98.793701 0.308780 -0.556462 0.771366 4.065133 0.000000 0.000000 0.000000 1.000000
0.909557 -0.059837 -0.411248 -4.830474 0.279294 0.820796 0.498287 97.992332 0.307735 -0.568079 0.763273 4.777872 0.000000 0.000000 0.000000 1.000000
0.906052 -0.063880 -0.418317 -4.752904 0.289536 0.814507 0.502739 97.475609 0.308607 -0.576626 0.756482 5.454070 0.000000 0.000000 0.000000 1.000000
0.906145 -0.070290 -0.417086 -4.560323 0.295974 0.809821 0.506546 97.194710 0.302160 -0.582451 0.754619 5.923535 0.000000 0.000000 0.000000 1.000000
0.910422 -0.079862 -0.405898 -4.319128 0.297512 0.808153 0.508306 97.060028 0.287434 -0.583532 0.759521 6.042443 0.000000 0.000000 0.000000 1.000000
0.916003 -0.089580 -0.391042 -4.039881 0.295842 0.809190 0.507631 97.023598 0.270953 -0.580678 0.767722 6.046311 0.000000 0.000000 0.000000 1.000000
0.922333 -0.098816 -0.373546 -3.755003 0.291697 0.812076 0.505416 97.083992 0.253405 -0.575124 0.777829 5.933845 0.000000 0.000000 0.000000 1.000000
0.928699 -0.107874 -0.354797 -3.507527 0.285969 0.817447 0.500001 97.233856 0.236091 -0.565812 0.790012 5.789817 0.000000 0.000000 0.000000 1.000000
0.934356 -0.115233 -0.337194 -3.306874 0.280249 0.822081 0.495625 97.441628 0.220088 -0.557588 0.800410 5.628311 0.000000 0.000000 0.000000 1.000000
0.938744 -0.119853 -0.323101 -3.164851 0.275277 0.824840 0.493824 97.699509 0.207320 -0.552516 0.807307 5.435718 0.000000 0.000000 0.000000 1.000000
0.942849 -0.123111 -0.309645 -3.053402 0.269857 0.827243 0.492794 98.045586 0.195483 -0.548190 0.813187 5.172710 0.000000 0.000000 0.000000 1.000000
0.947528 -0.125199 -0.294137 -2.950868 0.261561 0.832623 0.488184 98.600861 0.183785 -0.539503 0.821681 4.845490 0.000000 0.000000 0.000000 1.000000
0.951769 -0.126248 -0.279636 -2.856797 0.251711 0.842434 0.476389 99.472900 0.175432 -0.523800 0.833581 4.551811 0.000000 0.000000 0.000000 1.000000
0.954099 -0.126390 -0.271516 -2.799930 0.243084 0.856380 0.455547 100.724152 0.174945 -0.500638 0.847795 4.343769 0.000000 0.000000 0.000000 1.000000
0.954368 -0.126475 -0.270528 -2.778259 0.236047 0.874388 0.423942 102.295959 0.182929 -0.468454 0.864343 4.178047 0.000000 0.000000 0.000000 1.000000
0.953780 -0.126960 -0.272369 -2.808441 0.228751 0.894516 0.384076 103.978745 0.194876 -0.428629 0.882213 4.019429 0.000000 0.000000 0.000000 1.000000
0.953467 -0.124798 -0.274457 -2.991834 0.217536 0.915054 0.339638 105.673355 0.208757 -0.383537 0.899622 3.862857 0.000000 0.000000 0.000000 1.000000
0.954874 -0.119284 -0.272005 -3.351908 0.201010 0.933747 0.296161 106.895325 0.218657 -0.337472 0.915588 3.689827 0.000000 0.000000 0.000000 1.000000
0.958976 -0.112718 -0.260114 -3.779622 0.181932 0.948378 0.259769 107.286140 0.217406 -0.296435 0.929979 3.510250 0.000000 0.000000 0.000000 1.000000
0.965148 -0.106084 -0.239239 -4.223269 0.162033 0.960095 0.227953 107.633026 0.205510 -0.258773 0.943823 3.318363 0.000000 0.000000 0.000000 1.000000
0.972020 -0.103193 -0.211016 -4.632372 0.145803 0.969386 0.197568 107.938316 0.184168 -0.222806 0.957308 3.090166 0.000000 0.000000 0.000000 1.000000
0.977789 -0.104792 -0.181513 -4.901349 0.136608 0.975448 0.172740 108.198997 0.158955 -0.193700 0.968098 2.822465 0.000000 0.000000 0.000000 1.000000
0.981817 -0.110158 -0.154597 -4.988921 0.134507 0.978382 0.157086 108.418442 0.133951 -0.175024 0.975410 2.476449 0.000000 0.000000 0.000000 1.000000
0.984131 -0.117936 -0.132578 -4.885618 0.137864 0.978584 0.152860 108.600784 0.111711 -0.168713 0.979314 2.017845 0.000000 0.000000 0.000000 1.000000
0.984260 -0.131281 -0.118313 -4.612689 0.148468 0.977380 0.150615 108.752312 0.095864 -0.165810 0.981487 1.485718 0.000000 0.000000 0.000000 1.000000
0.982424 -0.149625 -0.111600 -4.305838 0.165539 0.974649 0.150520 108.875298 0.086249 -0.166349 0.982288 0.995926 0.000000 0.000000 0.000000 1.000000
0.980445 -0.165517 -0.106453 -3.975971 0.180719 0.971388 0.154099 108.979523 0.077902 -0.170324 0.982304 0.673899 0.000000 0.000000 0.000000 1.000000
0.979672 -0.174730 -0.098550 -3.619936 0.188655 0.969501 0.156453 109.076302 0.068207 -0.171865 0.982756 0.506118 0.000000 0.000000 0.000000 1.000000
0.979297 -0.178668 -0.095159 -3.228621 0.192068 0.968574 0.158036 109.163879 0.063932 -0.173041 0.982838 0.423301 0.000000 0.000000 0.000000 1.000000
0.979007 -0.178875 -0.097718 -2.825702 0.192753 0.968354 0.158547 109.241096 0.066265 -0.174054 0.982504 0.365958 0.000000 0.000000 0.000000 1.000000
0.978684 -0.176606 -0.104826 -2.433053 0.191633 0.968851 0.156860 109.314278 0.073859 -0.173605 0.982042 0.301627 0.000000 0.000000 0.000000 1.000000
0.978975 -0.171476 -0.110468 -2.006038 0.187652 0.969414 0.158188 109.386940 0.079964 -0.175592 0.981210 0.226852 0.000000 0.000000 0.000000 1.000000
0.979869 -0.165101 -0.112239 -1.599821 0.181973 0.969864 0.162015 109.456284 0.082107 -0.179178 0.980384 0.141297 0.000000 0.000000 0.000000 1.000000
0.980732 -0.160133 -0.111903 -1.233790 0.177185 0.970372 0.164270 109.520523 0.082283 -0.180932 0.980048 0.066908 0.000000 0.000000 0.000000 1.000000
0.981277 -0.157785 -0.110447 -0.913321 0.174636 0.970752 0.164752 109.577209 0.081221 -0.180955 0.980132 0.029748 0.000000 0.000000 0.000000 1.000000
0.981984 -0.155716 -0.107051 -0.643332 0.171818 0.971577 0.162841 109.628586 0.078652 -0.178301 0.980828 0.002919 0.000000 0.000000 0.000000 1.000000
0.982786 -0.153433 -0.102902 -0.426736 0.168639 0.972516 0.160541 109.672058 0.075442 -0.175131 0.981651 -0.041768 0.000000 0.000000 0.000000 1.000000
0.983421 -0.151697 -0.099357 -0.256703 0.166238 0.973062 0.159736 109.703926 0.072449 -0.173604 0.982147 -0.096012 0.000000 0.000000 0.000000 1.000000
0.983966 -0.149905 -0.096635 -0.147401 0.163923 0.973607 0.158802 109.725052 0.070279 -0.172097 0.982570 -0.154205 0.000000 0.000000 0.000000 1.000000
0.984475 -0.148070 -0.094260 -0.114743 0.161499 0.974469 0.155974 109.735497 0.068759 -0.168776 0.983253 -0.218416 0.000000 0.000000 0.000000 1.000000</float_array>
        <technique_common>
          <accessor source="#mixamorig_Hips-Matrix-animation-output-transform-array" count="56" stride="16">
            <param type="float4x4"/>
          </accessor>
        </technique_common>
      </source>
      <source id="mixamorig_Hips-Interpolations">
        <Name_array id="mixamorig_Hips-Interpolations-array" count="56">
 LINEAR LINEAR LINEAR LINEAR LINEAR LINEAR LINEAR LINEAR LINEAR LINEAR LINEAR
LINEAR LINEAR LINEAR LINEAR LINEAR LINEAR LINEAR LINEAR LINEAR LINEAR LINEAR LINEAR
LINEAR LINEAR LINEAR LINEAR LINEAR LINEAR LINEAR LINEAR LINEAR LINEAR LINEAR LINEAR
LINEAR LINEAR LINEAR LINEAR LINEAR LINEAR LINEAR LINEAR LINEAR LINEAR LINEAR LINEAR
LINEAR LINEAR LINEAR LINEAR LINEAR LINEAR LINEAR LINEAR LINEAR</Name_array>
        <technique_common>
          <accessor source="#mixamorig_Hips-Interpolations-array" count="56">
            <param type="name"/>
          </accessor>
        </technique_common>
      </source>
      <sampler id="mixamorig_Hips-Matrix-animation-transform">
        <input semantic="INPUT" source="#mixamorig_Hips-Matrix-animation-input"/>
        <input semantic="OUTPUT" source="#mixamorig_Hips-Matrix-animation-output-transform"/>
        <input semantic="INTERPOLATION" source="#mixamorig_Hips-Interpolations"/>
      </sampler>
      <channel source="#mixamorig_Hips-Matrix-animation-transform" target="mixamorig_Hips/matrix"/>
    </animation>
    <animation id="mixamorig_Spine-anim" name="mixamorig_Spine">
      <source id="mixamorig_Spine-Matrix-animation-input">
        <float_array id="mixamorig_Spine-Matrix-animation-input-array" count="56">

0.000000 0.033333 0.066667 0.100000 0.133333 0.166667 0.200000 0.233333 0.266667 0.300000 0.333333 0.366667 0.400000 0.433333 0.466667 0.500000
0.533333 0.566667 0.600000 0.633333 0.666667 0.700000 0.733333 0.766667 0.800000 0.833333 0.866667 0.900000 0.933333 0.966667 1.000000 1.033333
1.066667 1.100000 1.133333 1.166667 1.200000 1.233333 1.266667 1.300000 1.333333 1.366667 1.400000 1.433333 1.466667 1.500000 1.533333 1.566667
1.600000 1.633333 1.666667 1.700000 1.733333 1.766667 1.800000 1.833333</float_array>
        <technique_common>
          <accessor source="#mixamorig_Spine-Matrix-animation-input-array" count="56">
            <param name="TIME" type="float"/>
          </accessor>
        </technique_common>
      </source>
      <source id="mixamorig_Spine-Matrix-animation-output-transform">
        <float_array id="mixamorig_Spine-Matrix-animation-output-transform-array" count="896">

0.995530 0.091365 0.023913 0.000400 -0.090465 0.995237 -0.036331 10.664600 -0.027118 0.034005 0.999054 -0.060300 0.000000 0.000000 0.000000 1.000000
0.995610 0.090345 0.024466 0.000400 -0.089419 0.995321 -0.036603 10.664600 -0.027658 0.034254 0.999030 -0.060300 0.000000 0.000000 0.000000 1.000000
0.995665 0.089664 0.024721 0.000400 -0.088696 0.995342 -0.037783 10.664600 -0.027994 0.035426 0.998980 -0.060300 0.000000 0.000000 0.000000 1.000000
0.995852 0.087671 0.024348 0.000400 -0.086597 0.995352 -0.042142 10.664600 -0.027929 0.039858 0.998815 -0.060300 0.000000 0.000000 0.000000 1.000000
0.996111 0.085014 0.023153 0.000400 -0.083842 0.995343 -0.047573 10.664600 -0.027089 0.045447 0.998599 -0.060300 0.000000 0.000000 0.000000 1.000000
0.996454 0.081717 0.020066 0.000400 -0.080630 0.995488 -0.050031 10.664600 -0.024064 0.048235 0.998546 -0.060300 0.000000 0.000000 0.000000 1.000000
0.996921 0.076550 0.017010 0.000400 -0.075661 0.995985 -0.047852 10.664600 -0.020605 0.046417 0.998710 -0.060300 0.000000 0.000000 0.000000 1.000000
0.997466 0.069585 0.014842 0.000400 -0.068881 0.996672 -0.043601 10.664600 -0.017827 0.042468 0.998939 -0.060300 0.000000 0.000000 0.000000 1.000000
0.997908 0.062906 0.014899 0.000400 -0.062266 0.997253 -0.040109 10.664600 -0.017381 0.039098 0.999084 -0.060300 0.000000 0.000000 0.000000 1.000000
0.998141 0.057889 0.019059 0.000400 -0.057120 0.997618 -0.038678 10.664600 -0.021252 0.037517 0.999070 -0.060300 0.000000 0.000000 0.000000 1.000000
0.998241 0.053446 0.025674 0.000400 -0.052308 0.997699 -0.043140 10.664600 -0.027921 0.041721 0.998739 -0.060300 0.000000 0.000000 0.000000 1.000000
0.998370 0.047166 0.032150 0.000400 -0.045516 0.997700 -0.050234 10.664600 -0.034446 0.048689 0.998220 -0.060300 0.000000 0.000000 0.000000 1.000000
0.998570 0.039274 0.036279 0.000400 -0.037190 0.997714 -0.056427 10.664600 -0.038412 0.054997 0.997747 -0.060300 0.000000 0.000000 0.000000 1.000000
0.998706 0.034253 0.037593 0.000400 -0.031914 0.997618 -0.061152 10.664600 -0.039598 0.059873 0.997420 -0.060300 0.000000 0.000000 0.000000 1.000000
0.998751 0.032792 0.037711 0.000400 -0.030341 0.997499 -0.063830 10.664600 -0.039709 0.062606 0.997248 -0.060300 0.000000 0.000000 0.000000 1.000000
0.998793 0.031257 0.037888 0.000400 -0.028766 0.997496 -0.064608 10.664600 -0.039813 0.063440 0.997191 -0.060300 0.000000 0.000000 0.000000 1.000000
0.998954 0.025867 0.037709 0.000400 -0.023426 0.997687 -0.063806 10.664600 -0.039272 0.062856 0.997250 -0.060300 0.000000 0.000000 0.000000 1.000000
0.999130 0.017534 0.037849 0.000400 -0.015191 0.998002 -0.061334 10.664600 -0.038848 0.060706 0.997399 -0.060300 0.000000 0.000000 0.000000 1.000000
0.999203 0.011693 0.038174 0.000400 -0.009432 0.998220 -0.058881 10.664600 -0.038795 0.058474 0.997535 -0.060300 0.000000 0.000000 0.000000 1.000000
0.999302 0.007727 0.036541 0.000400 -0.005641 0.998367 -0.056851 10.664600 -0.036920 0.056605 0.997714 -0.060300 0.000000 0.000000 0.000000 1.000000
0.999390 0.003767 0.034720 0.000400 -0.001856 0.998490 -0.054899 10.664600 -0.034874 0.054801 0.997888 -0.060300 0.000000 0.000000 0.000000 1.000000
0.999435 0.001347 0.033584 0.000400 0.000438 0.998590 -0.053079 10.664600 -0.033608 0.053064 0.998025 -0.060300 0.000000 0.000000 0.000000 1.000000
0.999473 -0.000113 0.032474 0.000400 0.001777 0.998686 -0.051222 10.664600 -0.032426 0.051252 0.998159 -0.060300 0.000000 0.000000 0.000000 1.000000
0.999496 -0.001223 0.031715 0.000400 0.002789 0.998776 -0.049386 10.664600 -0.031616 0.049449 0.998276 -0.060300 0.000000 0.000000 0.000000 1.000000
0.999501 -0.001814 0.031539 0.000400 0.003346 0.998813 -0.048591 10.664600 -0.031414 0.048672 0.998321 -0.060300 0.000000 0.000000 0.000000 1.000000
0.999475 -0.001818 0.032351 0.000400 0.003430 0.998751 -0.049842 10.664600 -0.032220 0.049927 0.998233 -0.060300 0.000000 0.000000 0.000000 1.000000
0.999446 -0.001029 0.033278 0.000400 0.002766 0.998632 -0.052220 10.664600 -0.033179 0.052283 0.998081 -0.060300 0.000000 0.000000 0.000000 1.000000
0.999451 -0.000045 0.033117 0.000400 0.001800 0.998595 -0.052954 10.664600 -0.033068 0.052985 0.998048 -0.060300 0.000000 0.000000 0.000000 1.000000
0.999514 0.000182 0.031182 0.000400 0.001442 0.998642 -0.052079 10.664600 -0.031149 0.052099 0.998156 -0.060300 0.000000 0.000000 0.000000 1.000000
0.999617 0.000500 0.027665 0.000400 0.000862 0.998789 -0.049199 10.664600 -0.027656 0.049204 0.998406 -0.060300 0.000000 0.000000 0.000000 1.000000
0.999733 0.001092 0.023072 0.000400 -0.000050 0.998982 -0.045113 10.664600 -0.023097 0.045100 0.998715 -0.060300 0.000000 0.000000 0.000000 1.000000
0.999836 0.001220 0.018054 0.000400 -0.000499 0.999204 -0.039879 10.664600 -0.018089 0.039863 0.999041 -0.060300 0.000000 0.000000 0.000000 1.000000
0.999900 0.000295 0.014153 0.000400 0.000188 0.999419 -0.034088 10.664600 -0.014154 0.034088 0.999319 -0.060300 0.000000 0.000000 0.000000 1.000000
0.999931 0.000477 0.011762 0.000400 -0.000127 0.999557 -0.029779 10.664600 -0.011771 0.029775 0.999487 -0.060300 0.000000 0.000000 0.000000 1.000000
0.999950 0.000943 0.009954 0.000400 -0.000676 0.999642 -0.026740 10.664600 -0.009976 0.026731 0.999593 -0.060300 0.000000 0.000000 0.000000 1.000000
0.999960 0.001764 0.008760 0.000400 -0.001558 0.999725 -0.023416 10.664600 -0.008799 0.023401 0.999687 -0.060300 0.000000 0.000000 0.000000 1.000000
0.999947 0.005566 0.008647 0.000400 -0.005397 0.999796 -0.019449 10.664600 -0.008753 0.019401 0.999773 -0.060300 0.000000 0.000000 0.000000 1.000000
0.999865 0.012491 0.010690 0.000400 -0.012314 0.999789 -0.016442 10.664600 -0.010893 0.016308 0.999808 -0.060300 0.000000 0.000000 0.000000 1.000000
0.999655 0.022370 0.013799 0.000400 -0.022143 0.999621 -0.016380 10.664600 -0.014160 0.016069 0.999771 -0.060300 0.000000 0.000000 0.000000 1.000000
0.999274 0.034459 0.016265 0.000400 -0.034147 0.999235 -0.019043 10.664600 -0.016909 0.018474 0.999686 -0.060300 0.000000 0.000000 0.000000 1.000000
0.998628 0.049063 0.018283 0.000400 -0.048641 0.998555 -0.022852 10.664600 -0.019378 0.021931 0.999572 -0.060300 0.000000 0.000000 0.000000 1.000000
0.997738 0.064175 0.020029 0.000400 -0.063625 0.997609 -0.026973 10.664600 -0.021712 0.025638 0.999435 -0.060300 0.000000 0.000000 0.000000 1.000000
0.996918 0.075505 0.021286 0.000400 -0.074821 0.996706 -0.031301 10.664600 -0.023579 0.029612 0.999283 -0.060300 0.000000 0.000000 0.000000 1.000000
0.996366 0.082170 0.022425 0.000400 -0.081378 0.996096 -0.034213 10.664600 -0.025149 0.032264 0.999163 -0.060300 0.000000 0.000000 0.000000 1.000000
0.995949 0.086630 0.024116 0.000400 -0.085730 0.995663 -0.036146 10.664600 -0.027142 0.033932 0.999056 -0.060300 0.000000 0.000000 0.000000 1.000000
0.995583 0.090249 0.025863 0.000400 -0.089259 0.995315 -0.037159 10.664600 -0.029095 0.034686 0.998975 -0.060300 0.000000 0.000000 0.000000 1.000000
0.995412 0.091973 0.026362 0.000400 -0.090952 0.995144 -0.037624 10.664600 -0.029694 0.035054 0.998944 -0.060300 0.000000 0.000000 0.000000 1.000000
0.995395 0.092242 0.026090 0.000400 -0.091198 0.995080 -0.038703 10.664600 -0.029532 0.036145 0.998910 -0.060300 0.000000 0.000000 0.000000 1.000000
0.995434 0.091923 0.025721 0.000400 -0.090860 0.995067 -0.039829 10.664600 -0.029255 0.037310 0.998875 -0.060300 0.000000 0.000000 0.000000 1.000000
0.995416 0.092138 0.025630 0.000400 -0.091074 0.995042 -0.039961 10.664600 -0.029185 0.037443 0.998872 -0.060300 0.000000 0.000000 0.000000 1.000000
0.995390 0.092455 0.025499 0.000400 -0.091407 0.995027 -0.039571 10.664600 -0.029030 0.037058 0.998891 -0.060300 0.000000 0.000000 0.000000 1.000000
0.995390 0.092555 0.025132 0.000400 -0.091545 0.995047 -0.038733 10.664600 -0.028593 0.036253 0.998934 -0.060300 0.000000 0.000000 0.000000 1.000000
0.995402 0.092538 0.024725 0.000400 -0.091572 0.995084 -0.037709 10.664600 -0.028092 0.035271 0.998983 -0.060300 0.000000 0.000000 0.000000 1.000000
0.995423 0.092411 0.024347 0.000400 -0.091474 0.995115 -0.037119 10.664600 -0.027658 0.034722 0.999014 -0.060300 0.000000 0.000000 0.000000 1.000000
0.995465 0.092038 0.024060 0.000400 -0.091120 0.995159 -0.036811 10.664600 -0.027332 0.034451 0.999033 -0.060300 0.000000 0.000000 0.000000 1.000000
0.995530 0.091366 0.023913 0.000400 -0.090466 0.995237 -0.036331 10.664600 -0.027118 0.034005 0.999054 -0.060300 0.000000 0.000000 0.000000 1.000000</float_array>
        <technique_common>
          <accessor source="#mixamorig_Spine-Matrix-animation-output-transform-array" count="56" stride="16">
            <param type="float4x4"/>
          </accessor>
        </technique_common>
      </source>
      <source id="mixamorig_Spine-Interpolations">
        <Name_array id="mixamorig_Spine-Interpolations-array" count="56">
 LINEAR LINEAR LINEAR LINEAR LINEAR LINEAR LINEAR LINEAR LINEAR LINEAR LINEAR
LINEAR LINEAR LINEAR LINEAR LINEAR LINEAR LINEAR LINEAR LINEAR LINEAR LINEAR LINEAR
LINEAR LINEAR LINEAR LINEAR LINEAR LINEAR LINEAR LINEAR LINEAR LINEAR LINEAR LINEAR
LINEAR LINEAR LINEAR LINEAR LINEAR LINEAR LINEAR LINEAR LINEAR LINEAR LINEAR LINEAR
LINEAR LINEAR LINEAR LINEAR LINEAR LINEAR LINEAR LINEAR LINEAR</Name_array>
        <technique_common>
          <accessor source="#mixamorig_Spine-Interpolations-array" count="56">
            <param type="name"/>
          </accessor>
        </technique_common>
      </source>
      <sampler id="mixamorig_Spine-Matrix-animation-transform">
        <input semantic="INPUT" source="#mixamorig_Spine-Matrix-animation-input"/>
        <input semantic="OUTPUT" source="#mixamorig_Spine-Matrix-animation-output-transform"/>
        <input semantic="INTERPOLATION" source="#mixamorig_Spine-Interpolations"/>
      </sampler>
      <channel source="#mixamorig_Spine-Matrix-animation-transform" target="mixamorig_Spine/matrix"/>
    </animation>
    <animation id="mixamorig_Spine1-anim" name="mixamorig_Spine1">
      <source id="mixamorig_Spine1-Matrix-animation-input">
        <float_array id="mixamorig_Spine1-Matrix-animation-input-array" count="56">

0.000000 0.033333 0.066667 0.100000 0.133333 0.166667 0.200000 0.233333 0.266667 0.300000 0.333333 0.366667 0.400000 0.433333 0.466667 0.500000
0.533333 0.566667 0.600000 0.633333 0.666667 0.700000 0.733333 0.766667 0.800000 0.833333 0.866667 0.900000 0.933333 0.966667 1.000000 1.033333
1.066667 1.100000 1.133333 1.166667 1.200000 1.233333 1.266667 1.300000 1.333333 1.366667 1.400000 1.433333 1.466667 1.500000 1.533333 1.566667
1.600000 1.633333 1.666667 1.700000 1.733333 1.766667 1.800000 1.833333</float_array>
        <technique_common>
          <accessor source="#mixamorig_Spine1-Matrix-animation-input-array" count="56">
            <param name="TIME" type="float"/>
          </accessor>
        </technique_common>
      </source>
      <source id="mixamorig_Spine1-Matrix-animation-output-transform">
        <float_array id="mixamorig_Spine1-Matrix-animation-output-transform-array" count="896">

0.998349 0.040059 0.041162 -0.000000 -0.046077 0.986432 0.157572 11.673000 -0.034292 -0.159209 0.986649 0.000000 0.000000 0.000000 0.000000 1.000000
0.998393 0.038234 0.041818 -0.000000 -0.044365 0.986572 0.157183 11.673000 -0.035247 -0.158786 0.986684 0.000000 0.000000 0.000000 0.000000 1.000000
0.998485 0.035884 0.041718 0.000000 -0.041940 0.987058 0.154779 11.673000 -0.035624 -0.156294 0.987068 0.000000 0.000000 0.000000 0.000000 1.000000
0.998719 0.030983 0.040009 -0.000000 -0.036509 0.988649 0.145743 11.673000 -0.035039 -0.147017 0.988513 0.000000 0.000000 0.000000 0.000000 1.000000
0.999036 0.024382 0.036505 0.000000 -0.029116 0.990371 0.135345 11.673000 -0.032854 -0.136278 0.990126 0.000000 0.000000 0.000000 0.000000 1.000000
0.999456 0.015314 0.029217 0.000000 -0.018996 0.991301 0.130235 11.673000 -0.026968 -0.130719 0.991053 -0.000000 0.000000 0.000000 0.000000 1.000000
0.999765 0.002990 0.021460 -0.000000 -0.005845 0.990929 0.134259 11.673000 -0.020863 -0.134353 0.990714 -0.000000 0.000000 0.000000 0.000000 1.000000
0.999832 -0.010985 0.014703 0.000000 0.008780 0.989767 0.142425 11.673000 -0.016117 -0.142272 0.989696 0.000000 0.000000 0.000000 0.000000 1.000000
0.999563 -0.026917 0.012218 -0.000000 0.024799 0.988530 0.148977 11.673000 -0.016088 -0.148609 0.988765 0.000000 0.000000 0.000000 0.000000 1.000000
0.998906 -0.043434 0.017309 -0.000000 0.040302 0.987528 0.152201 11.673000 -0.023704 -0.151337 0.988198 0.000000 0.000000 0.000000 0.000000 1.000000
0.997878 -0.059802 0.025743 0.000000 0.055504 0.988050 0.143791 11.673000 -0.034034 -0.142057 0.989273 0.000000 0.000000 0.000000 0.000000 1.000000
0.996530 -0.076680 0.032374 0.000000 0.071860 0.988877 0.130222 11.673000 -0.041999 -0.127444 0.990956 -0.000000 0.000000 0.000000 0.000000 1.000000
0.995331 -0.091060 0.032017 0.000000 0.086709 0.989230 0.117921 11.673000 -0.042410 -0.114594 0.992507 0.000000 0.000000 0.000000 0.000000 1.000000
0.994609 -0.099893 0.027833 0.000000 0.096341 0.989434 0.108345 11.673000 -0.038362 -0.105079 0.993724 0.000000 0.000000 0.000000 0.000000 1.000000
0.994459 -0.103496 0.018413 -0.000000 0.101096 0.989600 0.102329 11.673000 -0.028812 -0.099901 0.994580 0.000000 0.000000 0.000000 0.000000 1.000000
0.994276 -0.106462 0.009035 0.000000 0.105032 0.989419 0.100095 11.673000 -0.019595 -0.098573 0.994937 0.000000 0.000000 0.000000 0.000000 1.000000
0.993691 -0.112141 0.001505 0.000000 0.111416 0.988623 0.101048 11.673000 -0.012820 -0.100242 0.994880 -0.000000 0.000000 0.000000 0.000000 1.000000
0.992588 -0.121515 -0.001861 0.000000 0.121032 0.987025 0.105510 11.673000 -0.010984 -0.104953 0.994417 0.000000 0.000000 0.000000 0.000000 1.000000
0.991591 -0.129324 -0.004758 0.000000 0.129059 0.985513 0.110037 11.673000 -0.009542 -0.109726 0.993916 0.000000 0.000000 0.000000 0.000000 1.000000
0.991099 -0.132690 -0.010765 -0.000000 0.133050 0.984582 0.113561 11.673000 -0.004469 -0.113983 0.993473 0.000000 0.000000 0.000000 0.000000 1.000000
0.990731 -0.134962 -0.015383 0.000000 0.135834 0.983776 0.117193 11.673000 -0.000683 -0.118196 0.992990 0.000000 0.000000 0.000000 0.000000 1.000000
0.990513 -0.136200 -0.018262 0.000000 0.137411 0.983120 0.120805 11.673000 0.001500 -0.122168 0.992508 0.000000 0.000000 0.000000 0.000000 1.000000
0.990401 -0.136658 -0.020761 0.000000 0.138185 0.982532 0.124643 11.673000 0.003365 -0.126316 0.991984 0.000000 0.000000 0.000000 0.000000 1.000000
0.990357 -0.136833 -0.021666 0.000000 0.138488 0.981980 0.128596 11.673000 0.003679 -0.130357 0.991460 0.000000 0.000000 0.000000 0.000000 1.000000
0.990441 -0.136287 -0.021267 0.000000 0.137901 0.981804 0.130551 11.673000 0.003088 -0.132236 0.991213 -0.000000 0.000000 0.000000 0.000000 1.000000
0.990618 -0.135376 -0.018677 0.000000 0.136655 0.982231 0.128635 11.673000 0.000931 -0.129980 0.991516 0.000000 0.000000 0.000000 0.000000 1.000000
0.990905 -0.133665 -0.015535 0.000000 0.134558 0.983056 0.124481 11.673000 -0.001367 -0.125439 0.992100 0.000000 0.000000 0.000000 0.000000 1.000000
0.991143 -0.132002 -0.014524 0.000000 0.132784 0.983444 0.123314 11.673000 -0.001994 -0.124150 0.992261 -0.000000 0.000000 0.000000 0.000000 1.000000
0.991331 -0.130463 -0.015585 0.000000 0.131387 0.983395 0.125189 11.673000 -0.001006 -0.126151 0.992011 0.000000 0.000000 0.000000 0.000000 1.000000
0.991679 -0.127453 -0.018106 0.000000 0.128727 0.983034 0.130667 11.673000 0.001144 -0.131911 0.991261 -0.000000 0.000000 0.000000 0.000000 1.000000
0.992235 -0.122642 -0.020694 0.000000 0.124330 0.982554 0.138309 11.673000 0.003371 -0.139808 0.990173 -0.000000 0.000000 0.000000 0.000000 1.000000
0.992870 -0.116985 -0.022887 0.000000 0.119091 0.981802 0.147929 11.673000 0.005165 -0.149600 0.988733 0.000000 0.000000 0.000000 0.000000 1.000000
0.993554 -0.111180 -0.022122 0.000000 0.113286 0.980848 0.158442 11.673000 0.004083 -0.159927 0.987120 0.000000 0.000000 0.000000 0.000000 1.000000
0.994441 -0.103520 -0.019250 0.000000 0.105285 0.980103 0.168268 11.673000 0.001448 -0.169359 0.985553 0.000000 0.000000 0.000000 0.000000 1.000000
0.995357 -0.094799 -0.016661 0.000000 0.096251 0.979554 0.176665 11.673000 -0.000427 -0.177448 0.984130 0.000000 0.000000 0.000000 0.000000 1.000000
0.996267 -0.085190 -0.013924 -0.000000 0.086296 0.979053 0.184411 11.673000 -0.002078 -0.184925 0.982750 -0.000000 0.000000 0.000000 0.000000 1.000000
0.997265 -0.073284 -0.009579 -0.000000 0.073753 0.978436 0.192935 11.673000 -0.004767 -0.193114 0.981165 0.000000 0.000000 0.000000 0.000000 1.000000
0.998236 -0.059365 -0.001296 -0.000000 0.058431 0.978183 0.199359 11.673000 -0.010567 -0.199083 0.979926 0.000000 0.000000 0.000000 0.000000 1.000000
0.999034 -0.042972 0.009172 0.000000 0.040276 0.979005 0.199817 11.673000 -0.017566 -0.199255 0.979790 0.000000 0.000000 0.000000 0.000000 1.000000
0.999505 -0.025886 0.017900 -0.000000 0.021912 0.980636 0.194610 11.673000 -0.022591 -0.194121 0.980717 0.000000 0.000000 0.000000 0.000000 1.000000
0.999632 -0.010242 0.025114 0.000000 0.005365 0.982335 0.187052 11.673000 -0.026587 -0.186848 0.982029 -0.000000 0.000000 0.000000 0.000000 1.000000
0.999487 0.004963 0.031632 0.000000 -0.010543 0.983832 0.178784 11.673000 -0.030234 -0.179026 0.983380 0.000000 0.000000 0.000000 0.000000 1.000000
0.999144 0.019135 0.036681 -0.000000 -0.025101 0.985159 0.169798 11.673000 -0.032888 -0.170574 0.984796 -0.000000 0.000000 0.000000 0.000000 1.000000
0.998728 0.029929 0.040589 -0.000000 -0.036183 0.985908 0.163330 11.673000 -0.035129 -0.164591 0.985736 0.000000 0.000000 0.000000 0.000000 1.000000
0.998309 0.037079 0.044761 -0.000000 -0.043767 0.986289 0.159120 11.673000 -0.038247 -0.160810 0.986244 0.000000 0.000000 0.000000 0.000000 1.000000
0.997984 0.040878 0.048548 -0.000000 -0.048036 0.986452 0.156862 11.673000 -0.041478 -0.158877 0.986427 0.000000 0.000000 0.000000 0.000000 1.000000
0.997866 0.042399 0.049664 0.000000 -0.049671 0.986543 0.155772 11.673000 -0.042391 -0.157907 0.986544 -0.000000 0.000000 0.000000 0.000000 1.000000
0.997853 0.043328 0.049123 -0.000000 -0.050409 0.986855 0.153546 11.673000 -0.041824 -0.155693 0.986920 0.000000 0.000000 0.000000 0.000000 1.000000
0.997910 0.043544 0.047735 -0.000000 -0.050311 0.987218 0.151229 11.673000 -0.040540 -0.153315 0.987345 -0.000000 0.000000 0.000000 0.000000 1.000000
0.997982 0.042971 0.046753 -0.000000 -0.049579 0.987313 0.150845 11.673000 -0.039678 -0.152859 0.987451 -0.000000 0.000000 0.000000 0.000000 1.000000
0.998041 0.042586 0.045825 0.000000 -0.049078 0.987249 0.151431 11.673000 -0.038792 -0.153383 0.987405 -0.000000 0.000000 0.000000 0.000000 1.000000
0.998144 0.041620 0.044467 -0.000000 -0.047972 0.987070 0.152941 11.673000 -0.037526 -0.154790 0.987234 0.000000 0.000000 0.000000 0.000000 1.000000
0.998239 0.040693 0.043167 0.000000 -0.046925 0.986819 0.154874 11.673000 -0.036296 -0.156627 0.986991 0.000000 0.000000 0.000000 0.000000 1.000000
0.998285 0.040646 0.042131 -0.000000 -0.046756 0.986652 0.155983 11.673000 -0.035229 -0.157686 0.986861 0.000000 0.000000 0.000000 0.000000 1.000000
0.998319 0.040579 0.041378 0.000000 -0.046591 0.986565 0.156584 11.673000 -0.034468 -0.158249 0.986797 0.000000 0.000000 0.000000 0.000000 1.000000
0.998349 0.040059 0.041162 0.000000 -0.046077 0.986432 0.157572 11.673000 -0.034292 -0.159209 0.986649 -0.000000 0.000000 0.000000 0.000000 1.000000</float_array>
        <technique_common>
          <accessor source="#mixamorig_Spine1-Matrix-animation-output-transform-array" count="56" stride="16">
            <param type="float4x4"/>
          </accessor>
        </technique_common>
      </source>
      <source id="mixamorig_Spine1-Interpolations">
        <Name_array id="mixamorig_Spine1-Interpolations-array" count="56">
 LINEAR LINEAR LINEAR LINEAR LINEAR LINEAR LINEAR LINEAR LINEAR LINEAR LINEAR
LINEAR LINEAR LINEAR LINEAR LINEAR LINEAR LINEAR LINEAR LINEAR LINEAR LINEAR LINEAR
LINEAR LINEAR LINEAR LINEAR LINEAR LINEAR LINEAR LINEAR LINEAR LINEAR LINEAR LINEAR
LINEAR LINEAR LINEAR LINEAR LINEAR LINEAR LINEAR LINEAR LINEAR LINEAR LINEAR LINEAR
LINEAR LINEAR LINEAR LINEAR LINEAR LINEAR LINEAR LINEAR LINEAR</Name_array>
        <technique_common>
          <accessor source="#mixamorig_Spine1-Interpolations-array" count="56">
            <param type="name"/>
          </accessor>
        </technique_common>
      </source>
      <sampler id="mixamorig_Spine1-Matrix-animation-transform">
        <input semantic="INPUT" source="#mixamorig_Spine1-Matrix-animation-input"/>
        <input semantic="OUTPUT" source="#mixamorig_Spine1-Matrix-animation-output-transform"/>
        <input semantic="INTERPOLATION" source="#mixamorig_Spine1-Interpolations"/>
      </sampler>
      <channel source="#mixamorig_Spine1-Matrix-animation-transform" target="mixamorig_Spine1/matrix"/>
    </animation>
    <animation id="mixamorig_Spine2-anim" name="mixamorig_Spine2">
      <source id="mixamorig_Spine2-Matrix-animation-input">
        <float_array id="mixamorig_Spine2-Matrix-animation-input-array" count="56">

0.000000 0.033333 0.066667 0.100000 0.133333 0.166667 0.200000 0.233333 0.266667 0.300000 0.333333 0.366667 0.400000 0.433333 0.466667 0.500000
0.533333 0.566667 0.600000 0.633333 0.666667 0.700000 0.733333 0.766667 0.800000 0.833333 0.866667 0.900000 0.933333 0.966667 1.000000 1.033333
1.066667 1.100000 1.133333 1.166667 1.200000 1.233333 1.266667 1.300000 1.333333 1.366667 1.400000 1.433333 1.466667 1.500000 1.533333 1.566667
1.600000 1.633333 1.666667 1.700000 1.733333 1.766667 1.800000 1.833333</float_array>
        <technique_common>
          <accessor source="#mixamorig_Spine2-Matrix-animation-input-array" count="56">
            <param name="TIME" type="float"/>
          </accessor>
        </technique_common>
      </source>
      <source id="mixamorig_Spine2-Matrix-animation-output-transform">
        <float_array id="mixamorig_Spine2-Matrix-animation-output-transform-array" count="896">

0.999511 0.003955 0.031013 -0.000000 -0.000340 0.993282 -0.115718 14.006800 -0.031262 0.115651 0.992798 0.000000 0.000000 0.000000 0.000000 1.000000
0.999498 0.002158 0.031624 0.000000 0.001528 0.993239 -0.116075 14.006800 -0.031660 0.116065 0.992737 -0.000000 0.000000 0.000000 0.000000 1.000000
0.999500 -0.000215 0.031630 0.000000 0.003966 0.992938 -0.118571 14.006800 -0.031381 0.118637 0.992442 0.000000 0.000000 0.000000 0.000000 1.000000
0.999530 -0.005172 0.030208 0.000000 0.008991 0.991770 -0.127718 14.006800 -0.029299 0.127930 0.991350 -0.000000 0.000000 0.000000 0.000000 1.000000
0.999570 -0.011884 0.026788 -0.000000 0.015477 0.990285 -0.138191 14.006800 -0.024886 0.138546 0.990043 0.000000 0.000000 0.000000 0.000000 1.000000
0.999579 -0.021203 0.019785 0.000000 0.023824 0.989380 -0.143385 14.006800 -0.016535 0.143796 0.989469 0.000000 0.000000 0.000000 0.000000 1.000000
0.999351 -0.033786 0.012481 0.000000 0.035199 0.989597 -0.139493 14.006800 -0.007638 0.139842 0.990144 0.000000 0.000000 0.000000 0.000000 1.000000
0.998830 -0.047985 0.006052 0.000000 0.048364 0.990144 -0.131435 14.006800 0.000315 0.131574 0.991306 -0.000000 0.000000 0.000000 0.000000 1.000000
0.997942 -0.063955 0.004608 0.000000 0.064029 0.990098 -0.124928 14.006800 0.003427 0.124966 0.992155 0.000000 0.000000 0.000000 0.000000 1.000000
0.996723 -0.080256 0.010067 0.000000 0.080884 0.989242 -0.121892 14.006800 -0.000177 0.122307 0.992492 0.000000 0.000000 0.000000 0.000000 1.000000
0.995175 -0.096268 0.018977 0.000000 0.097927 0.986601 -0.130494 14.006800 -0.006160 0.131723 0.991267 0.000000 0.000000 0.000000 0.000000 1.000000
0.993283 -0.112793 0.025835 0.000000 0.115353 0.982798 -0.144227 14.006800 -0.009123 0.146238 0.989207 0.000000 0.000000 0.000000 0.000000 1.000000
0.991516 -0.127246 0.026540 0.000000 0.129843 0.979106 -0.156503 14.006800 -0.006071 0.158621 0.987321 -0.000000 0.000000 0.000000 0.000000 1.000000
0.990455 -0.136103 0.021803 0.000000 0.137832 0.976425 -0.166121 14.006800 0.001321 0.167540 0.985864 0.000000 0.000000 0.000000 0.000000 1.000000
0.990071 -0.139986 0.012752 0.000000 0.140083 0.975083 -0.172015 14.006800 0.011645 0.172094 0.985012 0.000000 0.000000 0.000000 0.000000 1.000000
0.989674 -0.143297 0.003468 0.000000 0.141705 0.974467 -0.174165 14.006800 0.021578 0.172858 0.984710 0.000000 0.000000 0.000000 0.000000 1.000000
0.988795 -0.149234 -0.003829 0.000000 0.146323 0.973955 -0.173207 14.006800 0.029577 0.170706 0.984878 -0.000000 0.000000 0.000000 0.000000 1.000000
0.987314 -0.158635 -0.006728 -0.000000 0.155244 0.973363 -0.168714 14.006800 0.033313 0.165529 0.985642 0.000000 0.000000 0.000000 0.000000 1.000000
0.986001 -0.166478 -0.009295 0.000000 0.162719 0.972904 -0.164258 14.006800 0.036388 0.160446 0.986374 0.000000 0.000000 0.000000 0.000000 1.000000
0.985319 -0.170051 -0.015139 0.000000 0.165462 0.973035 -0.160700 14.006800 0.042059 0.155836 0.986887 -0.000000 0.000000 0.000000 0.000000 1.000000
0.984826 -0.172434 -0.019627 -0.000000 0.167290 0.973322 -0.157033 14.006800 0.046181 0.151367 0.987398 0.000000 0.000000 0.000000 0.000000 1.000000
0.984520 -0.173831 -0.022431 0.000000 0.168425 0.973703 -0.153412 14.006800 0.048509 0.147259 0.987908 0.000000 0.000000 0.000000 0.000000 1.000000
0.984370 -0.174345 -0.024877 0.000000 0.168772 0.974245 -0.149544 14.006800 0.050308 0.143008 0.988442 0.000000 0.000000 0.000000 0.000000 1.000000
0.984317 -0.174516 -0.025760 0.000000 0.169018 0.974800 -0.145594 14.006800 0.050519 0.138957 0.989009 0.000000 0.000000 0.000000 0.000000 1.000000
0.984421 -0.173994 -0.025331 0.000000 0.168660 0.975153 -0.143636 14.006800 0.049693 0.137126 0.989306 -0.000000 0.000000 0.000000 0.000000 1.000000
0.984660 -0.172988 -0.022809 0.000000 0.167917 0.974991 -0.145589 14.006800 0.047424 0.139525 0.989082 0.000000 0.000000 0.000000 0.000000 1.000000
0.985043 -0.171171 -0.019746 0.000000 0.166359 0.974625 -0.149768 14.006800 0.044881 0.144243 0.988524 0.000000 0.000000 0.000000 0.000000 1.000000
0.985348 -0.169507 -0.018893 0.000000 0.164783 0.974713 -0.150935 14.006800 0.044000 0.145611 0.988363 0.000000 0.000000 0.000000 0.000000 1.000000
0.985585 -0.168000 -0.019938 0.000000 0.163226 0.975265 -0.149049 14.006800 0.044485 0.143646 0.988629 0.000000 0.000000 0.000000 0.000000 1.000000
0.986021 -0.165092 -0.022537 0.000000 0.160232 0.976588 -0.143534 14.006800 0.045706 0.137916 0.989389 -0.000000 0.000000 0.000000 0.000000 1.000000
0.986731 -0.160392 -0.025239 0.000000 0.155570 0.978440 -0.135841 14.006800 0.046482 0.130112 0.990409 0.000000 0.000000 0.000000 0.000000 1.000000
0.987556 -0.154855 -0.027458 0.000000 0.150251 0.980568 -0.126141 14.006800 0.046458 0.120446 0.991632 -0.000000 0.000000 0.000000 0.000000 1.000000
0.988465 -0.149022 -0.027017 -0.000000 0.144987 0.982658 -0.115596 14.006800 0.043775 0.110345 0.992929 -0.000000 0.000000 0.000000 0.000000 1.000000
0.989666 -0.141311 -0.024342 0.000000 0.138013 0.984775 -0.105694 14.006800 0.038907 0.101242 0.994101 0.000000 0.000000 0.000000 0.000000 1.000000
0.990931 -0.132536 -0.022117 0.000000 0.129809 0.986764 -0.097194 14.006800 0.034706 0.093442 0.995020 0.000000 0.000000 0.000000 0.000000 1.000000
0.992226 -0.122883 -0.019684 -0.000000 0.120670 0.988665 -0.089330 14.006800 0.030438 0.086260 0.995808 0.000000 0.000000 0.000000 0.000000 1.000000
0.993709 -0.110890 -0.015696 0.000000 0.109284 0.990733 -0.080649 14.006800 0.024494 0.078426 0.996619 0.000000 0.000000 0.000000 0.000000 1.000000
