<?xml version="1.0" encoding="utf-8"?>
<COLLADA xmlns="http://www.collada.org/2005/11/COLLADASchema" version="1.4.1">
  <asset>
    <contributor>
      <author>Mixamo</author>
      <authoring_tool>COLLADA Mixamo exporter</authoring_tool>
      <comments/>
    </contributor>
    <created>2026-01-24T18:34:49Z</created>
    <modified>2026-01-24T18:34:49Z</modified>
    <revision/>
    <title/>
    <unit meter="0.010000"/>
    <up_axis>Y_UP</up_axis>
  </asset>
  <library_animations>
    <animation id="mixamorig_Hips-anim" name="mixamorig_Hips">
      <source id="mixamorig_Hips-Matrix-animation-input">
        <float_array id="mixamorig_Hips-Matrix-animation-input-array" count="111">

0.000000 0.033333 0.066667 0.100000 0.133333 0.166667 0.200000 0.233333 0.266667 0.300000 0.333333 0.366667 0.400000 0.433333 0.466667 0.500000
0.533333 0.566667 0.600000 0.633333 0.666667 0.700000 0.733333 0.766667 0.800000 0.833333 0.866667 0.900000 0.933333 0.966667 1.000000 1.033333
1.066667 1.100000 1.133333 1.166667 1.200000 1.233333 1.266667 1.300000 1.333333 1.366667 1.400000 1.433333 1.466667 1.500000 1.533333 1.566667
1.600000 1.633333 1.666667 1.700000 1.733333 1.766667 1.800000 1.833333 1.866667 1.900000 1.933333 1.966667 2.000000 2.033333 2.066667 2.100000
2.133333 2.166667 2.200000 2.233333 2.266667 2.300000 2.333333 2.366667 2.400000 2.433333 2.466667 2.500000 2.533333 2.566667 2.600000 2.633333
2.666667 2.700000 2.733333 2.766667 2.800000 2.833333 2.866667 2.900000 2.933333 2.966667 3.000000 3.033333 3.066667 3.100000 3.133333 3.166667
3.200000 3.233333 3.266667 3.300000 3.333333 3.366667 3.400000 3.433333 3.466667 3.500000 3.533333 3.566667 3.600000 3.633333 3.666667</float_array>
        <technique_common>
          <accessor source="#mixamorig_Hips-Matrix-animation-input-array" count="111">
            <param name="TIME" type="float"/>
          </accessor>
        </technique_common>
      </source>
      <source id="mixamorig_Hips-Matrix-animation-output-transform">
        <float_array id="mixamorig_Hips-Matrix-animation-output-transform-array" count="1776">

0.988517 -0.006044 -0.150990 -0.089263 0.014219 0.998487 0.053124 109.708694 0.150441 -0.054661 0.987107 0.339971 0.000000 0.000000 0.000000 1.000000
0.988574 -0.006577 -0.150593 -0.120602 0.014769 0.998467 0.053346 109.701157 0.150011 -0.054961 0.987156 0.367244 0.000000 0.000000 0.000000 1.000000
0.988645 -0.007051 -0.150104 -0.153368 0.015268 0.998443 0.053659 109.696907 0.149492 -0.055342 0.987213 0.401456 0.000000 0.000000 0.000000 1.000000
0.988709 -0.007513 -0.149662 -0.187093 0.015778 0.998410 0.054108 109.700714 0.149018 -0.055858 0.987256 0.441995 0.000000 0.000000 0.000000 1.000000
0.988758 -0.008096 -0.149308 -0.220977 0.016427 0.998370 0.054652 109.710892 0.148623 -0.056490 0.987279 0.486071 0.000000 0.000000 0.000000 1.000000
0.988812 -0.008828 -0.148905 -0.254990 0.017208 0.998333 0.055087 109.719269 0.148171 -0.057033 0.987316 0.529052 0.000000 0.000000 0.000000 1.000000
0.988900 -0.009494 -0.148280 -0.290265 0.017885 0.998306 0.055359 109.721512 0.147503 -0.057397 0.987395 0.569643 0.000000 0.000000 0.000000 1.000000
0.989006 -0.009909 -0.147543 -0.325585 0.018341 0.998268 0.055897 109.722961 0.146733 -0.057989 0.987475 0.614687 0.000000 0.000000 0.000000 1.000000
0.989048 -0.010567 -0.147215 -0.355391 0.019137 0.998195 0.056918 109.722450 0.146348 -0.059112 0.987465 0.667610 0.000000 0.000000 0.000000 1.000000
0.988990 -0.012537 -0.147453 -0.371654 0.021013 0.998206 0.056063 109.679550 0.146485 -0.058544 0.987479 0.657127 0.000000 0.000000 0.000000 1.000000
0.989052 -0.015272 -0.146772 -0.375901 0.022829 0.998491 0.049942 109.181618 0.145788 -0.052746 0.987909 0.470419 0.000000 0.000000 0.000000 1.000000
0.989569 -0.015945 -0.143176 -0.372967 0.021696 0.999015 0.038699 108.492912 0.142418 -0.041402 0.988940 0.043841 0.000000 0.000000 0.000000 1.000000
0.990271 -0.011875 -0.138645 -0.336536 0.015953 0.999471 0.028338 107.692650 0.138236 -0.030274 0.989937 -0.546823 0.000000 0.000000 0.000000 1.000000
0.990033 -0.003942 -0.140778 -0.256069 0.007567 0.999653 0.025225 106.874817 0.140630 -0.026038 0.989720 -1.102396 0.000000 0.000000 0.000000 1.000000
0.987791 0.005547 -0.155684 -0.119176 -0.001178 0.999603 0.028147 106.122185 0.155778 -0.027620 0.987406 -1.433638 0.000000 0.000000 0.000000 1.000000
0.983452 0.015326 -0.180518 0.092455 -0.009766 0.999451 0.031644 106.327652 0.180904 -0.029358 0.983062 -1.471759 0.000000 0.000000 0.000000 1.000000
0.978311 0.024550 -0.205680 0.441106 -0.018142 0.999291 0.032983 106.839119 0.206344 -0.028536 0.978063 -1.319369 0.000000 0.000000 0.000000 1.000000
0.974079 0.032027 -0.223931 0.946440 -0.025282 0.999138 0.032922 107.502716 0.224792 -0.026407 0.974049 -1.143197 0.000000 0.000000 0.000000 1.000000
0.970999 0.037724 -0.236090 1.576915 -0.030869 0.998989 0.032667 108.150940 0.237083 -0.024432 0.971182 -1.017114 0.000000 0.000000 0.000000 1.000000
0.967920 0.042755 -0.247595 2.235820 -0.035805 0.998830 0.032510 108.646973 0.248695 -0.022602 0.968318 -0.932429 0.000000 0.000000 0.000000 1.000000
0.964057 0.047851 -0.261351 2.865906 -0.040772 0.998642 0.032442 108.885735 0.262548 -0.020620 0.964699 -0.847635 0.000000 0.000000 0.000000 1.000000
0.959715 0.052433 -0.276040 3.445093 -0.045216 0.998450 0.032449 109.180504 0.277313 -0.018660 0.960598 -0.747008 0.000000 0.000000 0.000000 1.000000
0.955532 0.056086 -0.289506 3.964653 -0.048795 0.998285 0.032344 109.467026 0.290823 -0.016780 0.956630 -0.651698 0.000000 0.000000 0.000000 1.000000
0.951786 0.059257 -0.300985 4.416314 -0.051940 0.998129 0.032263 109.696617 0.302334 -0.015074 0.953083 -0.570297 0.000000 0.000000 0.000000 1.000000
0.948597 0.062535 -0.310246 4.808428 -0.055190 0.997950 0.032404 109.858490 0.311636 -0.013616 0.950104 -0.502793 0.000000 0.000000 0.000000 1.000000
0.946122 0.065879 -0.317038 5.164965 -0.058555 0.997752 0.032584 109.976982 0.318472 -0.012264 0.947853 -0.450674 0.000000 0.000000 0.000000 1.000000
0.944246 0.068783 -0.321977 5.496063 -0.061651 0.997575 0.032307 110.071655 0.323419 -0.010656 0.946196 -0.409543 0.000000 0.000000 0.000000 1.000000
0.942595 0.070830 -0.326341 5.790938 -0.064101 0.997451 0.031341 110.142311 0.327729 -0.008623 0.944732 -0.368559 0.000000 0.000000 0.000000 1.000000
0.941019 0.072076 -0.330588 6.039094 -0.065964 0.997380 0.029688 110.183624 0.331862 -0.006130 0.943308 -0.327127 0.000000 0.000000 0.000000 1.000000
0.939809 0.072642 -0.333890 6.245965 -0.067462 0.997354 0.027100 110.191162 0.334975 -0.002944 0.942222 -0.309244 0.000000 0.000000 0.000000 1.000000
0.939291 0.072157 -0.335450 6.414625 -0.068209 0.997393 0.023553 110.154984 0.336275 0.000758 0.941764 -0.335358 0.000000 0.000000 0.000000 1.000000
0.939367 0.070476 -0.335594 6.536531 -0.067797 0.997504 0.019708 110.086731 0.336146 0.004239 0.941800 -0.395251 0.000000 0.000000 0.000000 1.000000
0.939832 0.067865 -0.334828 6.598111 -0.066257 0.997671 0.016236 109.992188 0.335150 0.006925 0.942139 -0.466791 0.000000 0.000000 0.000000 1.000000
0.940667 0.065445 -0.332959 6.602349 -0.064674 0.997816 0.013411 109.911469 0.333110 0.008919 0.942846 -0.526753 0.000000 0.000000 0.000000 1.000000
0.941829 0.063582 -0.330022 6.550471 -0.063445 0.997923 0.011198 109.849991 0.330049 0.010392 0.943907 -0.561283 0.000000 0.000000 0.000000 1.000000
0.942929 0.062147 -0.327144 6.448292 -0.062481 0.998001 0.009500 109.804375 0.327080 0.011483 0.944927 -0.568658 0.000000 0.000000 0.000000 1.000000
0.943648 0.060932 -0.325292 6.307869 -0.061624 0.998066 0.008186 109.768036 0.325162 0.012321 0.945578 -0.555371 0.000000 0.000000 0.000000 1.000000
0.944087 0.059804 -0.324227 6.146325 -0.060734 0.998128 0.007259 109.736366 0.324054 0.012839 0.945951 -0.528138 0.000000 0.000000 0.000000 1.000000
0.944469 0.058668 -0.323320 5.981601 -0.059636 0.998196 0.006919 109.706169 0.323143 0.012746 0.946264 -0.488815 0.000000 0.000000 0.000000 1.000000
0.944789 0.057562 -0.322583 5.826118 -0.058337 0.998270 0.007273 109.674919 0.322443 0.011947 0.946513 -0.436179 0.000000 0.000000 0.000000 1.000000
0.944874 0.056638 -0.322498 5.683791 -0.057067 0.998337 0.008131 109.646225 0.322422 0.010721 0.946535 -0.373879 0.000000 0.000000 0.000000 1.000000
0.944637 0.055905 -0.323319 5.555417 -0.055949 0.998392 0.009164 109.624458 0.323311 0.009433 0.946246 -0.313677 0.000000 0.000000 0.000000 1.000000
0.944152 0.055233 -0.324849 5.445778 -0.054907 0.998440 0.010177 109.605286 0.324904 0.008228 0.945711 -0.266159 0.000000 0.000000 0.000000 1.000000
0.943527 0.054562 -0.326771 5.360880 -0.053880 0.998485 0.011147 109.578369 0.326884 0.007089 0.945038 -0.232841 0.000000 0.000000 0.000000 1.000000
0.942826 0.053896 -0.328898 5.300411 -0.052862 0.998529 0.012091 109.536682 0.329066 0.005987 0.944288 -0.210894 0.000000 0.000000 0.000000 1.000000
0.942113 0.053188 -0.331050 5.258491 -0.051791 0.998573 0.013048 109.483360 0.331272 0.004853 0.943523 -0.197734 0.000000 0.000000 0.000000 1.000000
0.941501 0.052285 -0.332929 5.230568 -0.050470 0.998626 0.014103 109.429443 0.333208 0.003525 0.942847 -0.189550 0.000000 0.000000 0.000000 1.000000
0.941042 0.051089 -0.334410 5.214538 -0.048767 0.998692 0.015340 109.391159 0.334756 0.001873 0.942303 -0.179334 0.000000 0.000000 0.000000 1.000000
0.940619 0.049701 -0.335805 5.205897 -0.046772 0.998764 0.016810 109.377052 0.336225 -0.000106 0.941782 -0.161907 0.000000 0.000000 0.000000 1.000000
0.940083 0.048251 -0.337515 5.199551 -0.044626 0.998833 0.018495 109.384956 0.338013 -0.002324 0.941138 -0.138232 0.000000 0.000000 0.000000 1.000000
0.939450 0.046709 -0.339488 5.192185 -0.042369 0.998898 0.020188 109.408180 0.340057 -0.004582 0.940394 -0.111713 0.000000 0.000000 0.000000 1.000000
0.938875 0.045025 -0.341302 5.179885 -0.040074 0.998964 0.021545 109.440361 0.341918 -0.006551 0.939707 -0.086011 0.000000 0.000000 0.000000 1.000000
0.938491 0.043335 -0.342573 5.157933 -0.037950 0.999028 0.022412 109.473511 0.343211 -0.008033 0.939224 -0.067346 0.000000 0.000000 0.000000 1.000000
0.938398 0.041852 -0.343013 5.123339 -0.036165 0.999082 0.022960 109.496269 0.343659 -0.009141 0.939050 -0.062601 0.000000 0.000000 0.000000 1.000000
0.938640 0.040733 -0.342486 5.076510 -0.034786 0.999119 0.023491 109.503403 0.343141 -0.010135 0.939229 -0.073127 0.000000 0.000000 0.000000 1.000000
0.939128 0.040009 -0.341229 5.019532 -0.033800 0.999137 0.024124 109.499619 0.341900 -0.011122 0.939671 -0.092438 0.000000 0.000000 0.000000 1.000000
0.939654 0.039588 -0.339827 4.953866 -0.033160 0.999145 0.024703 109.496613 0.340515 -0.011943 0.940163 -0.110784 0.000000 0.000000 0.000000 1.000000
0.940039 0.039318 -0.338794 4.881586 -0.032772 0.999150 0.025024 109.503960 0.339490 -0.012420 0.940528 -0.122880 0.000000 0.000000 0.000000 1.000000
0.940257 0.039062 -0.338217 4.806826 -0.032470 0.999157 0.025129 109.522881 0.338913 -0.012646 0.940733 -0.128893 0.000000 0.000000 0.000000 1.000000
0.940398 0.038696 -0.337866 4.734283 -0.032052 0.999168 0.025226 109.547157 0.338561 -0.012893 0.940856 -0.130183 0.000000 0.000000 0.000000 1.000000
0.940559 0.038126 -0.337482 4.667198 -0.031369 0.999184 0.025455 109.570755 0.338177 -0.013356 0.940988 -0.127258 0.000000 0.000000 0.000000 1.000000
0.940810 0.037383 -0.336867 4.604769 -0.030443 0.999202 0.025863 109.592163 0.337565 -0.014077 0.941197 -0.120851 0.000000 0.000000 0.000000 1.000000
0.941204 0.036605 -0.335849 4.542316 -0.029421 0.999217 0.026456 109.611130 0.336555 -0.015020 0.941544 -0.112193 0.000000 0.000000 0.000000 1.000000
0.941782 0.035881 -0.334303 4.476121 -0.028404 0.999226 0.027228 109.625977 0.335021 -0.016147 0.942072 -0.100445 0.000000 0.000000 0.000000 1.000000
0.942562 0.035189 -0.332171 4.405994 -0.027386 0.999229 0.028146 109.635651 0.332906 -0.017432 0.942799 -0.083347 0.000000 0.000000 0.000000 1.000000
0.943538 0.034503 -0.329464 4.331558 -0.026360 0.999227 0.029151 109.641190 0.330215 -0.018820 0.943718 -0.062783 0.000000 0.000000 0.000000 1.000000
0.944691 0.033926 -0.326202 4.249859 -0.025434 0.999218 0.030264 109.645676 0.326974 -0.020293 0.944815 -0.043101 0.000000 0.000000 0.000000 1.000000
0.945985 0.033579 -0.322466 4.160716 -0.024680 0.999194 0.031646 109.651260 0.323269 -0.021978 0.946052 -0.023123 0.000000 0.000000 0.000000 1.000000
0.947300 0.033288 -0.318613 4.073070 -0.023890 0.999158 0.033362 109.655449 0.319455 -0.023992 0.947298 0.000984 0.000000 0.000000 0.000000 1.000000
0.948459 0.032553 -0.315224 3.998343 -0.022609 0.999126 0.035153 109.650475 0.316092 -0.026214 0.948366 0.025964 0.000000 0.000000 0.000000 1.000000
0.949383 0.030927 -0.312595 3.936899 -0.020473 0.999118 0.036672 109.632690 0.313453 -0.028416 0.949178 0.044402 0.000000 0.000000 0.000000 1.000000
0.950204 0.028364 -0.310334 3.877042 -0.017476 0.999132 0.037807 109.611992 0.311138 -0.030501 0.949875 0.054136 0.000000 0.000000 0.000000 1.000000
0.951162 0.025150 -0.307666 3.807002 -0.013931 0.999157 0.038605 109.603462 0.308378 -0.032433 0.950711 0.058898 0.000000 0.000000 0.000000 1.000000
0.952378 0.021576 -0.304156 3.721990 -0.010151 0.999184 0.039094 109.609924 0.304752 -0.034145 0.951820 0.061655 0.000000 0.000000 0.000000 1.000000
0.953856 0.017882 -0.299732 3.624114 -0.006366 0.999205 0.039353 109.622131 0.300197 -0.035629 0.953211 0.062147 0.000000 0.000000 0.000000 1.000000
0.955646 0.014298 -0.294170 3.519801 -0.002775 0.999214 0.039549 109.627792 0.294505 -0.036979 0.954934 0.059375 0.000000 0.000000 0.000000 1.000000
0.957794 0.011030 -0.287243 3.416485 0.000433 0.999207 0.039815 109.626793 0.287454 -0.038259 0.957030 0.051050 0.000000 0.000000 0.000000 1.000000
0.960168 0.008249 -0.279302 3.314856 0.003114 0.999186 0.040216 109.628143 0.279407 -0.039484 0.959361 0.033617 0.000000 0.000000 0.000000 1.000000
0.962498 0.006029 -0.271221 3.206449 0.005246 0.999152 0.040828 109.632362 0.271237 -0.040720 0.961651 0.008051 0.000000 0.000000 0.000000 1.000000
0.964604 0.004219 -0.263668 3.084611 0.007015 0.999108 0.041651 109.637863 0.263608 -0.042026 0.963714 -0.018738 0.000000 0.000000 0.000000 1.000000
0.966474 0.002557 -0.256750 2.951592 0.008654 0.999058 0.042527 109.649765 0.256617 -0.043324 0.965542 -0.038046 0.000000 0.000000 0.000000 1.000000
0.968164 0.000952 -0.250313 2.813152 0.010210 0.999010 0.043289 109.672173 0.250107 -0.044466 0.967197 -0.044155 0.000000 0.000000 0.000000 1.000000
0.969708 -0.000489 -0.244267 2.671660 0.011570 0.998968 0.043932 109.699860 0.243994 -0.045428 0.968712 -0.037926 0.000000 0.000000 0.000000 1.000000
0.971111 -0.001645 -0.238621 2.527549 0.012649 0.998925 0.044591 109.724358 0.238291 -0.046321 0.970089 -0.025229 0.000000 0.000000 0.000000 1.000000
0.972380 -0.002504 -0.233388 2.382106 0.013455 0.998881 0.045340 109.740768 0.233013 -0.047228 0.971326 -0.012822 0.000000 0.000000 0.000000 1.000000
0.973534 -0.003100 -0.228520 2.235422 0.014011 0.998837 0.046138 109.750595 0.228111 -0.048118 0.972445 -0.004586 0.000000 0.000000 0.000000 1.000000
0.974611 -0.003530 -0.223876 2.085826 0.014390 0.998796 0.046897 109.759727 0.223441 -0.048928 0.973489 0.000374 0.000000 0.000000 0.000000 1.000000
0.975653 -0.003969 -0.219282 1.935053 0.014743 0.998761 0.047521 109.775978 0.218822 -0.049597 0.974503 0.004892 0.000000 0.000000 0.000000 1.000000
0.976682 -0.004501 -0.214642 1.787842 0.015134 0.998736 0.047923 109.801476 0.214155 -0.050054 0.975516 0.007306 0.000000 0.000000 0.000000 1.000000
0.977704 -0.004899 -0.209932 1.641628 0.015352 0.998720 0.048191 109.817375 0.209428 -0.050339 0.976528 0.001406 0.000000 0.000000 0.000000 1.000000
0.978733 -0.004831 -0.205081 1.486690 0.015111 0.998704 0.048594 109.788559 0.204580 -0.050659 0.977538 -0.013633 0.000000 0.000000 0.000000 1.000000
0.979765 -0.004310 -0.200102 1.325119 0.014455 0.998681 0.049263 109.710587 0.199626 -0.051159 0.978536 -0.030018 0.000000 0.000000 0.000000 1.000000
0.980735 -0.003652 -0.195307 1.174494 0.013680 0.998654 0.050021 109.634979 0.194862 -0.051730 0.979466 -0.045147 0.000000 0.000000 0.000000 1.000000
0.981574 -0.003035 -0.191057 1.044330 0.012943 0.998634 0.050628 109.603294 0.190642 -0.052168 0.980272 -0.062608 0.000000 0.000000 0.000000 1.000000
0.982292 -0.002566 -0.187337 0.931128 0.012338 0.998622 0.051017 109.605392 0.186948 -0.052425 0.980970 -0.077121 0.000000 0.000000 0.000000 1.000000
0.982957 -0.002422 -0.183819 0.833118 0.012048 0.998612 0.051269 109.619560 0.183440 -0.052610 0.981622 -0.076066 0.000000 0.000000 0.000000 1.000000
0.983599 -0.002585 -0.180352 0.746719 0.012074 0.998598 0.051534 109.636314 0.179966 -0.052866 0.982251 -0.057156 0.000000 0.000000 0.000000 1.000000
0.984184 -0.002729 -0.177131 0.663399 0.012117 0.998577 0.051940 109.649635 0.176737 -0.053265 0.982816 -0.034154 0.000000 0.000000 0.000000 1.000000
0.984703 -0.002741 -0.174219 0.582649 0.012065 0.998549 0.052479 109.655243 0.173822 -0.053778 0.983308 -0.018444 0.000000 0.000000 0.000000 1.000000
0.985201 -0.002827 -0.171380 0.509465 0.012097 0.998518 0.053069 109.656548 0.170976 -0.054357 0.983775 -0.007008 0.000000 0.000000 0.000000 1.000000
0.985709 -0.003086 -0.168428 0.443520 0.012290 0.998485 0.053632 109.660538 0.168007 -0.054936 0.984254 0.009152 0.000000 0.000000 0.000000 1.000000
0.986198 -0.003404 -0.165533 0.380445 0.012528 0.998457 0.054102 109.669975 0.165094 -0.055429 0.984719 0.033628 0.000000 0.000000 0.000000 1.000000
0.986607 -0.003659 -0.163075 0.317714 0.012699 0.998437 0.054430 109.682770 0.162621 -0.055772 0.985111 0.062896 0.000000 0.000000 0.000000 1.000000
0.986920 -0.003837 -0.161165 0.256209 0.012793 0.998428 0.054569 109.695435 0.160702 -0.055917 0.985418 0.092002 0.000000 0.000000 0.000000 1.000000
0.987188 -0.003974 -0.159514 0.197307 0.012825 0.998432 0.054495 109.705322 0.159048 -0.055842 0.985690 0.119133 0.000000 0.000000 0.000000 1.000000
0.987452 -0.004094 -0.157865 0.140770 0.012816 0.998444 0.054273 109.711411 0.157397 -0.055616 0.985968 0.145889 0.000000 0.000000 0.000000 1.000000
0.987708 -0.004242 -0.156252 0.085990 0.012837 0.998456 0.054039 109.713898 0.155782 -0.055380 0.986238 0.174760 0.000000 0.000000 0.000000 1.000000
0.987945 -0.004482 -0.154742 0.034352 0.012966 0.998464 0.053862 109.713013 0.154263 -0.055219 0.986486 0.207888 0.000000 0.000000 0.000000 1.000000
0.988168 -0.004850 -0.153299 -0.012443 0.013231 0.998470 0.053696 109.709984 0.152804 -0.055089 0.986720 0.246291 0.000000 0.000000 0.000000 1.000000
0.988368 -0.005375 -0.151989 -0.053498 0.013651 0.998477 0.053462 109.707413 0.151471 -0.054915 0.986935 0.290518 0.000000 0.000000 0.000000 1.000000
0.988517 -0.006044 -0.150990 -0.089263 0.014219 0.998487 0.053124 109.708694 0.150441 -0.054661 0.987107 0.339971 0.000000 0.000000 0.000000 1.000000</float_array>
        <technique_common>
          <accessor source="#mixamorig_Hips-Matrix-animation-output-transform-array" count="111" stride="16">
            <param type="float4x4"/>
          </accessor>
        </technique_common>
      </source>
      <source id="mixamorig_Hips-Interpolations">
        <Name_array id="mixamorig_Hips-Interpolations-array" count="111">
 LINEAR LINEAR LINEAR LINEAR LINEAR LINEAR LINEAR LINEAR LINEAR LINEAR LINEAR
LINEAR LINEAR LINEAR LINEAR LINEAR LINEAR LINEAR LINEAR LINEAR LINEAR LINEAR LINEAR
LINEAR LINEAR LINEAR LINEAR LINEAR LINEAR LINEAR LINEAR LINEAR LINEAR LINEAR LINEAR
LINEAR LINEAR LINEAR LINEAR LINEAR LINEAR LINEAR LINEAR LINEAR LINEAR LINEAR LINEAR
LINEAR LINEAR LINEAR LINEAR LINEAR LINEAR LINEAR LINEAR LINEAR LINEAR LINEAR LINEAR
LINEAR LINEAR LINEAR LINEAR LINEAR LINEAR LINEAR LINEAR LINEAR LINEAR LINEAR LINEAR
LINEAR LINEAR LINEAR LINEAR LINEAR LINEAR LINEAR LINEAR LINEAR LINEAR LINEAR LINEAR
LINEAR LINEAR LINEAR LINEAR LINEAR LINEAR LINEAR LINEAR LINEAR LINEAR LINEAR LINEAR
LINEAR LINEAR LINEAR LINEAR LINEAR LINEAR LINEAR LINEAR LINEAR LINEAR LINEAR LINEAR
LINEAR LINEAR LINEAR LINEAR</Name_array>
        <technique_common>
          <accessor source="#mixamorig_Hips-Interpolations-array" count="111">
            <param type="name"/>
          </accessor>
        </technique_common>
      </source>
      <sampler id="mixamorig_Hips-Matrix-animation-transform">
        <input semantic="INPUT" source="#mixamorig_Hips-Matrix-animation-input"/>
        <input semantic="OUTPUT" source="#mixamorig_Hips-Matrix-animation-output-transform"/>
        <input semantic="INTERPOLATION" source="#mixamorig_Hips-Interpolations"/>
      </sampler>
      <channel source="#mixamorig_Hips-Matrix-animation-transform" target="mixamorig_Hips/matrix"/>
    </animation>
    <animation id="mixamorig_Spine-anim" name="mixamorig_Spine">
      <source id="mixamorig_Spine-Matrix-animation-input">
        <float_array id="mixamorig_Spine-Matrix-animation-input-array" count="111">

0.000000 0.033333 0.066667 0.100000 0.133333 0.166667 0.200000 0.233333 0.266667 0.300000 0.333333 0.366667 0.400000 0.433333 0.466667 0.500000
0.533333 0.566667 0.600000 0.633333 0.666667 0.700000 0.733333 0.766667 0.800000 0.833333 0.866667 0.900000 0.933333 0.966667 1.000000 1.033333
1.066667 1.100000 1.133333 1.166667 1.200000 1.233333 1.266667 1.300000 1.333333 1.366667 1.400000 1.433333 1.466667 1.500000 1.533333 1.566667
1.600000 1.633333 1.666667 1.700000 1.733333 1.766667 1.800000 1.833333 1.866667 1.900000 1.933333 1.966667 2.000000 2.033333 2.066667 2.100000
2.133333 2.166667 2.200000 2.233333 2.266667 2.300000 2.333333 2.366667 2.400000 2.433333 2.466667 2.500000 2.533333 2.566667 2.600000 2.633333
2.666667 2.700000 2.733333 2.766667 2.800000 2.833333 2.866667 2.900000 2.933333 2.966667 3.000000 3.033333 3.066667 3.100000 3.133333 3.166667
3.200000 3.233333 3.266667 3.300000 3.333333 3.366667 3.400000 3.433333 3.466667 3.500000 3.533333 3.566667 3.600000 3.633333 3.666667</float_array>
        <technique_common>
          <accessor source="#mixamorig_Spine-Matrix-animation-input-array" count="111">
            <param name="TIME" type="float"/>
          </accessor>
        </technique_common>
      </source>
      <source id="mixamorig_Spine-Matrix-animation-output-transform">
        <float_array id="mixamorig_Spine-Matrix-animation-output-transform-array" count="1776">

0.999979 0.000386 0.006482 0.000400 -0.000003 0.998265 -0.058889 10.664600 -0.006493 0.058888 0.998243 -0.060300 0.000000 0.000000 0.000000 1.000000
0.999979 0.000439 0.006521 0.000400 -0.000054 0.998265 -0.058887 10.664600 -0.006535 0.058885 0.998243 -0.060300 0.000000 0.000000 0.000000 1.000000
0.999978 0.000444 0.006617 0.000400 -0.000054 0.998268 -0.058837 10.664600 -0.006632 0.058835 0.998246 -0.060300 0.000000 0.000000 0.000000 1.000000
0.999978 0.000431 0.006687 0.000400 -0.000037 0.998272 -0.058755 10.664600 -0.006701 0.058753 0.998250 -0.060300 0.000000 0.000000 0.000000 1.000000
0.999977 0.000472 0.006712 0.000400 -0.000077 0.998278 -0.058660 10.664600 -0.006728 0.058659 0.998255 -0.060300 0.000000 0.000000 0.000000 1.000000
0.999977 0.000576 0.006703 0.000400 -0.000183 0.998285 -0.058535 10.664600 -0.006725 0.058532 0.998263 -0.060300 0.000000 0.000000 0.000000 1.000000
0.999978 0.000656 0.006641 0.000400 -0.000267 0.998293 -0.058396 10.664600 -0.006668 0.058392 0.998271 -0.060300 0.000000 0.000000 0.000000 1.000000
0.999978 0.000662 0.006539 0.000400 -0.000279 0.998297 -0.058331 10.664600 -0.006566 0.058328 0.998276 -0.060300 0.000000 0.000000 0.000000 1.000000
0.999979 0.000805 0.006479 0.000400 -0.000426 0.998300 -0.058285 10.664600 -0.006515 0.058281 0.998279 -0.060300 0.000000 0.000000 0.000000 1.000000
0.999979 0.001528 0.006318 0.000400 -0.001130 0.998045 -0.062489 10.664600 -0.006401 0.062481 0.998026 -0.060300 0.000000 0.000000 0.000000 1.000000
0.999980 0.002418 0.005912 0.000400 -0.001986 0.997400 -0.072032 10.664600 -0.006071 0.072019 0.997385 -0.060300 0.000000 0.000000 0.000000 1.000000
0.999982 0.002474 0.005512 0.000400 -0.002008 0.996546 -0.083021 10.664600 -0.005698 0.083009 0.996533 -0.060300 0.000000 0.000000 0.000000 1.000000
0.999982 0.001063 0.005872 0.000400 -0.000519 0.995765 -0.091931 10.664600 -0.005945 0.091926 0.995748 -0.060300 0.000000 0.000000 0.000000 1.000000
0.999971 -0.000359 0.007548 0.000400 0.001085 0.995341 -0.096408 10.664600 -0.007478 0.096414 0.995313 -0.060300 0.000000 0.000000 0.000000 1.000000
0.999952 -0.000082 0.009799 0.000400 0.001021 0.995391 -0.095894 10.664600 -0.009746 0.095899 0.995343 -0.060300 0.000000 0.000000 0.000000 1.000000
0.999930 0.001782 0.011714 0.000400 -0.000731 0.996021 -0.089116 10.664600 -0.011826 0.089102 0.995952 -0.060300 0.000000 0.000000 0.000000 1.000000
0.999908 0.003580 0.013069 0.000400 -0.002548 0.996937 -0.078174 10.664600 -0.013308 0.078133 0.996854 -0.060300 0.000000 0.000000 0.000000 1.000000
0.999894 0.004627 0.013787 0.000400 -0.003690 0.997729 -0.067254 10.664600 -0.014067 0.067196 0.997641 -0.060300 0.000000 0.000000 0.000000 1.000000
0.999894 0.005245 0.013616 0.000400 -0.004425 0.998216 -0.059549 10.664600 -0.013904 0.059482 0.998133 -0.060300 0.000000 0.000000 0.000000 1.000000
0.999904 0.005913 0.012541 0.000400 -0.005198 0.998398 -0.056335 10.664600 -0.012854 0.056265 0.998333 -0.060300 0.000000 0.000000 0.000000 1.000000
0.999918 0.006487 0.011046 0.000400 -0.005861 0.998425 -0.055800 10.664600 -0.011390 0.055731 0.998381 -0.060300 0.000000 0.000000 0.000000 1.000000
0.999929 0.007016 0.009673 0.000400 -0.006469 0.998435 -0.055541 10.664600 -0.010048 0.055475 0.998410 -0.060300 0.000000 0.000000 0.000000 1.000000
0.999938 0.007406 0.008356 0.000400 -0.006929 0.998425 -0.055679 10.664600 -0.008756 0.055617 0.998414 -0.060300 0.000000 0.000000 0.000000 1.000000
0.999949 0.007422 0.006891 0.000400 -0.007022 0.998385 -0.056381 10.664600 -0.007299 0.056330 0.998386 -0.060300 0.000000 0.000000 0.000000 1.000000
0.999962 0.006861 0.005361 0.000400 -0.006540 0.998311 -0.057723 10.664600 -0.005748 0.057685 0.998318 -0.060300 0.000000 0.000000 0.000000 1.000000
0.999975 0.005752 0.004064 0.000400 -0.005500 0.998211 -0.059541 10.664600 -0.004399 0.059517 0.998218 -0.060300 0.000000 0.000000 0.000000 1.000000
0.999985 0.004473 0.003287 0.000400 -0.004263 0.998111 -0.061287 10.664600 -0.003555 0.061272 0.998115 -0.060300 0.000000 0.000000 0.000000 1.000000
0.999989 0.003487 0.003113 0.000400 -0.003286 0.998049 -0.062350 10.664600 -0.003325 0.062339 0.998049 -0.060300 0.000000 0.000000 0.000000 1.000000
0.999990 0.002948 0.003415 0.000400 -0.002730 0.998048 -0.062397 10.664600 -0.003592 0.062387 0.998046 -0.060300 0.000000 0.000000 0.000000 1.000000
0.999990 0.002619 0.003702 0.000400 -0.002385 0.998074 -0.061988 10.664600 -0.003857 0.061978 0.998070 -0.060300 0.000000 0.000000 0.000000 1.000000
0.999991 0.002425 0.003583 0.000400 -0.002198 0.998080 -0.061903 10.664600 -0.003726 0.061894 0.998076 -0.060300 0.000000 0.000000 0.000000 1.000000
0.999992 0.002485 0.003151 0.000400 -0.002284 0.998060 -0.062220 10.664600 -0.003300 0.062212 0.998057 -0.060300 0.000000 0.000000 0.000000 1.000000
0.999993 0.002745 0.002548 0.000400 -0.002579 0.998021 -0.062821 10.664600 -0.002716 0.062814 0.998022 -0.060300 0.000000 0.000000 0.000000 1.000000
0.999994 0.002791 0.002014 0.000400 -0.002657 0.997976 -0.063531 10.664600 -0.002187 0.063525 0.997978 -0.060300 0.000000 0.000000 0.000000 1.000000
0.999995 0.002615 0.001702 0.000400 -0.002501 0.997935 -0.064182 10.664600 -0.001866 0.064177 0.997937 -0.060300 0.000000 0.000000 0.000000 1.000000
0.999996 0.002431 0.001595 0.000400 -0.002323 0.997906 -0.064641 10.664600 -0.001749 0.064637 0.997907 -0.060300 0.000000 0.000000 0.000000 1.000000
0.999996 0.002338 0.001623 0.000400 -0.002228 0.997890 -0.064882 10.664600 -0.001771 0.064878 0.997892 -0.060300 0.000000 0.000000 0.000000 1.000000
0.999996 0.002285 0.001743 0.000400 -0.002167 0.997883 -0.065001 10.664600 -0.001888 0.064997 0.997884 -0.060300 0.000000 0.000000 0.000000 1.000000
0.999996 0.002244 0.001901 0.000400 -0.002116 0.997876 -0.065103 10.664600 -0.002043 0.065099 0.997877 -0.060300 0.000000 0.000000 0.000000 1.000000
0.999995 0.002237 0.002032 0.000400 -0.002100 0.997870 -0.065197 10.664600 -0.002173 0.065193 0.997870 -0.060300 0.000000 0.000000 0.000000 1.000000
0.999995 0.002278 0.002096 0.000400 -0.002137 0.997867 -0.065239 10.664600 -0.002240 0.065234 0.997867 -0.060300 0.000000 0.000000 0.000000 1.000000
0.999995 0.002387 0.002098 0.000400 -0.002245 0.997868 -0.065223 10.664600 -0.002249 0.065218 0.997869 -0.060300 0.000000 0.000000 0.000000 1.000000
0.999995 0.002561 0.002064 0.000400 -0.002421 0.997870 -0.065193 10.664600 -0.002227 0.065187 0.997871 -0.060300 0.000000 0.000000 0.000000 1.000000
0.999994 0.002758 0.001983 0.000400 -0.002623 0.997871 -0.065167 10.664600 -0.002158 0.065161 0.997872 -0.060300 0.000000 0.000000 0.000000 1.000000
0.999994 0.002930 0.001811 0.000400 -0.002806 0.997873 -0.065130 10.664600 -0.001998 0.065124 0.997875 -0.060300 0.000000 0.000000 0.000000 1.000000
0.999994 0.003081 0.001540 0.000400 -0.002974 0.997874 -0.065100 10.664600 -0.001737 0.065095 0.997878 -0.060300 0.000000 0.000000 0.000000 1.000000
0.999994 0.003242 0.001229 0.000400 -0.003155 0.997872 -0.065125 10.664600 -0.001438 0.065121 0.997876 -0.060300 0.000000 0.000000 0.000000 1.000000
0.999994 0.003408 0.000959 0.000400 -0.003338 0.997867 -0.065197 10.664600 -0.001179 0.065193 0.997872 -0.060300 0.000000 0.000000 0.000000 1.000000
0.999993 0.003532 0.000749 0.000400 -0.003476 0.997865 -0.065219 10.664600 -0.000978 0.065216 0.997871 -0.060300 0.000000 0.000000 0.000000 1.000000
0.999993 0.003606 0.000585 0.000400 -0.003561 0.997872 -0.065103 10.664600 -0.000818 0.065101 0.997878 -0.060300 0.000000 0.000000 0.000000 1.000000
0.999993 0.003697 0.000519 0.000400 -0.003655 0.997887 -0.064868 10.664600 -0.000758 0.064866 0.997894 -0.060300 0.000000 0.000000 0.000000 1.000000
0.999992 0.003854 0.000624 0.000400 -0.003806 0.997905 -0.064582 10.664600 -0.000871 0.064579 0.997912 -0.060300 0.000000 0.000000 0.000000 1.000000
0.999992 0.004029 0.000848 0.000400 -0.003966 0.997924 -0.064276 10.664600 -0.001106 0.064272 0.997932 -0.060300 0.000000 0.000000 0.000000 1.000000
0.999991 0.004151 0.001074 0.000400 -0.004074 0.997940 -0.064018 10.664600 -0.001338 0.064013 0.997948 -0.060300 0.000000 0.000000 0.000000 1.000000
0.999991 0.004187 0.001189 0.000400 -0.004103 0.997948 -0.063898 10.664600 -0.001454 0.063892 0.997956 -0.060300 0.000000 0.000000 0.000000 1.000000
0.999991 0.004148 0.001129 0.000400 -0.004067 0.997949 -0.063886 10.664600 -0.001391 0.063880 0.997957 -0.060300 0.000000 0.000000 0.000000 1.000000
0.999991 0.004062 0.000907 0.000400 -0.003996 0.997953 -0.063826 10.664600 -0.001164 0.063822 0.997961 -0.060300 0.000000 0.000000 0.000000 1.000000
0.999992 0.003962 0.000624 0.000400 -0.003914 0.997966 -0.063632 10.664600 -0.000875 0.063629 0.997973 -0.060300 0.000000 0.000000 0.000000 1.000000
0.999992 0.003873 0.000425 0.000400 -0.003839 0.997982 -0.063375 10.664600 -0.000669 0.063373 0.997990 -0.060300 0.000000 0.000000 0.000000 1.000000
0.999993 0.003803 0.000435 0.000400 -0.003768 0.997996 -0.063168 10.664600 -0.000674 0.063166 0.998003 -0.060300 0.000000 0.000000 0.000000 1.000000
0.999993 0.003746 0.000674 0.000400 -0.003696 0.998004 -0.063041 10.664600 -0.000909 0.063038 0.998011 -0.060300 0.000000 0.000000 0.000000 1.000000
0.999993 0.003703 0.000999 0.000400 -0.003633 0.998010 -0.062954 10.664600 -0.001230 0.062950 0.998016 -0.060300 0.000000 0.000000 0.000000 1.000000
0.999992 0.003682 0.001211 0.000400 -0.003599 0.998015 -0.062872 10.664600 -0.001441 0.062867 0.998021 -0.060300 0.000000 0.000000 0.000000 1.000000
0.999992 0.003675 0.001225 0.000400 -0.003591 0.998021 -0.062772 10.664600 -0.001453 0.062767 0.998027 -0.060300 0.000000 0.000000 0.000000 1.000000
0.999993 0.003660 0.001099 0.000400 -0.003584 0.998031 -0.062627 10.664600 -0.001326 0.062623 0.998036 -0.060300 0.000000 0.000000 0.000000 1.000000
0.999993 0.003639 0.000955 0.000400 -0.003572 0.998043 -0.062425 10.664600 -0.001180 0.062421 0.998049 -0.060300 0.000000 0.000000 0.000000 1.000000
0.999993 0.003610 0.000839 0.000400 -0.003551 0.998060 -0.062159 10.664600 -0.001062 0.062156 0.998066 -0.060300 0.000000 0.000000 0.000000 1.000000
0.999994 0.003518 0.000652 0.000400 -0.003471 0.998081 -0.061827 10.664600 -0.000868 0.061824 0.998087 -0.060300 0.000000 0.000000 0.000000 1.000000
0.999995 0.003260 0.000288 0.000400 -0.003236 0.998105 -0.061443 10.664600 -0.000488 0.061441 0.998111 -0.060300 0.000000 0.000000 0.000000 1.000000
0.999996 0.002818 -0.000138 0.000400 -0.002822 0.998130 -0.061069 10.664600 -0.000034 0.061069 0.998134 -0.060300 0.000000 0.000000 0.000000 1.000000
0.999997 0.002329 -0.000341 0.000400 -0.002346 0.998147 -0.060797 10.664600 0.000199 0.060798 0.998150 -0.060300 0.000000 0.000000 0.000000 1.000000
0.999998 0.001985 -0.000174 0.000400 -0.001992 0.998157 -0.060650 10.664600 0.000053 0.060650 0.998159 -0.060300 0.000000 0.000000 0.000000 1.000000
0.999998 0.001865 0.000222 0.000400 -0.001848 0.998164 -0.060538 10.664600 -0.000334 0.060538 0.998166 -0.060300 0.000000 0.000000 0.000000 1.000000
0.999998 0.001887 0.000591 0.000400 -0.001848 0.998173 -0.060388 10.664600 -0.000704 0.060387 0.998175 -0.060300 0.000000 0.000000 0.000000 1.000000
0.999998 0.001886 0.000841 0.000400 -0.001832 0.998180 -0.060273 10.664600 -0.000953 0.060271 0.998182 -0.060300 0.000000 0.000000 0.000000 1.000000
0.999998 0.001805 0.001054 0.000400 -0.001739 0.998178 -0.060313 10.664600 -0.001161 0.060311 0.998179 -0.060300 0.000000 0.000000 0.000000 1.000000
0.999998 0.001644 0.001330 0.000400 -0.001560 0.998167 -0.060504 10.664600 -0.001427 0.060502 0.998167 -0.060300 0.000000 0.000000 0.000000 1.000000
0.999998 0.001404 0.001648 0.000400 -0.001302 0.998153 -0.060735 10.664600 -0.001730 0.060732 0.998153 -0.060300 0.000000 0.000000 0.000000 1.000000
0.999998 0.001134 0.001888 0.000400 -0.001017 0.998143 -0.060905 10.664600 -0.001954 0.060903 0.998142 -0.060300 0.000000 0.000000 0.000000 1.000000
0.999998 0.000922 0.002001 0.000400 -0.000799 0.998137 -0.061000 10.664600 -0.002053 0.060999 0.998136 -0.060300 0.000000 0.000000 0.000000 1.000000
0.999998 0.000798 0.002061 0.000400 -0.000671 0.998136 -0.061021 10.664600 -0.002106 0.061019 0.998134 -0.060300 0.000000 0.000000 0.000000 1.000000
0.999997 0.000723 0.002162 0.000400 -0.000590 0.998140 -0.060952 10.664600 -0.002202 0.060951 0.998138 -0.060300 0.000000 0.000000 0.000000 1.000000
0.999997 0.000644 0.002364 0.000400 -0.000499 0.998149 -0.060809 10.664600 -0.002399 0.060807 0.998147 -0.060300 0.000000 0.000000 0.000000 1.000000
0.999996 0.000512 0.002671 0.000400 -0.000349 0.998159 -0.060645 10.664600 -0.002697 0.060644 0.998156 -0.060300 0.000000 0.000000 0.000000 1.000000
0.999995 0.000325 0.003028 0.000400 -0.000141 0.998168 -0.060509 10.664600 -0.003042 0.060508 0.998163 -0.060300 0.000000 0.000000 0.000000 1.000000
0.999994 0.000133 0.003371 0.000400 0.000071 0.998175 -0.060393 10.664600 -0.003373 0.060393 0.998169 -0.060300 0.000000 0.000000 0.000000 1.000000
0.999993 0.000025 0.003674 0.000400 0.000196 0.998183 -0.060259 10.664600 -0.003669 0.060260 0.998176 -0.060300 0.000000 0.000000 0.000000 1.000000
0.999992 0.000041 0.003954 0.000400 0.000196 0.998193 -0.060081 10.664600 -0.003949 0.060081 0.998186 -0.060300 0.000000 0.000000 0.000000 1.000000
0.999991 0.000137 0.004246 0.000400 0.000118 0.998206 -0.059869 10.664600 -0.004246 0.059869 0.998197 -0.060300 0.000000 0.000000 0.000000 1.000000
0.999990 0.000238 0.004555 0.000400 0.000035 0.998216 -0.059701 10.664600 -0.004561 0.059700 0.998206 -0.060300 0.000000 0.000000 0.000000 1.000000
0.999988 0.000305 0.004847 0.000400 -0.000016 0.998220 -0.059647 10.664600 -0.004857 0.059646 0.998208 -0.060300 0.000000 0.000000 0.000000 1.000000
0.999987 0.000331 0.005070 0.000400 -0.000028 0.998217 -0.059690 10.664600 -0.005081 0.059689 0.998204 -0.060300 0.000000 0.000000 0.000000 1.000000
0.999986 0.000306 0.005216 0.000400 0.000006 0.998210 -0.059801 10.664600 -0.005225 0.059801 0.998197 -0.060300 0.000000 0.000000 0.000000 1.000000
0.999986 0.000230 0.005349 0.000400 0.000091 0.998201 -0.059957 10.664600 -0.005353 0.059956 0.998187 -0.060300 0.000000 0.000000 0.000000 1.000000
0.999985 0.000155 0.005502 0.000400 0.000176 0.998194 -0.060071 10.664600 -0.005501 0.060071 0.998179 -0.060300 0.000000 0.000000 0.000000 1.000000
0.999984 0.000138 0.005588 0.000400 0.000198 0.998196 -0.060044 10.664600 -0.005587 0.060044 0.998180 -0.060300 0.000000 0.000000 0.000000 1.000000
0.999984 0.000192 0.005583 0.000400 0.000143 0.998205 -0.059888 10.664600 -0.005584 0.059888 0.998189 -0.060300 0.000000 0.000000 0.000000 1.000000
0.999984 0.000251 0.005614 0.000400 0.000085 0.998214 -0.059743 10.664600 -0.005619 0.059742 0.998198 -0.060300 0.000000 0.000000 0.000000 1.000000
0.999984 0.000268 0.005731 0.000400 0.000075 0.998216 -0.059712 10.664600 -0.005737 0.059711 0.998199 -0.060300 0.000000 0.000000 0.000000 1.000000
0.999983 0.000278 0.005863 0.000400 0.000073 0.998212 -0.059771 10.664600 -0.005869 0.059771 0.998195 -0.060300 0.000000 0.000000 0.000000 1.000000
0.999982 0.000323 0.005959 0.000400 0.000034 0.998210 -0.059809 10.664600 -0.005968 0.059809 0.998192 -0.060300 0.000000 0.000000 0.000000 1.000000
0.999982 0.000392 0.005995 0.000400 -0.000034 0.998214 -0.059747 10.664600 -0.006008 0.059745 0.998196 -0.060300 0.000000 0.000000 0.000000 1.000000
0.999982 0.000460 0.005978 0.000400 -0.000102 0.998222 -0.059600 10.664600 -0.005994 0.059599 0.998204 -0.060300 0.000000 0.000000 0.000000 1.000000
0.999982 0.000502 0.005951 0.000400 -0.000147 0.998232 -0.059440 10.664600 -0.005971 0.059438 0.998214 -0.060300 0.000000 0.000000 0.000000 1.000000
0.999982 0.000495 0.005973 0.000400 -0.000140 0.998241 -0.059294 10.664600 -0.005992 0.059293 0.998223 -0.060300 0.000000 0.000000 0.000000 1.000000
0.999982 0.000440 0.006064 0.000400 -0.000080 0.998248 -0.059170 10.664600 -0.006079 0.059168 0.998230 -0.060300 0.000000 0.000000 0.000000 1.000000
0.999981 0.000382 0.006202 0.000400 -0.000015 0.998253 -0.059085 10.664600 -0.006213 0.059084 0.998234 -0.060300 0.000000 0.000000 0.000000 1.000000
0.999980 0.000352 0.006349 0.000400 0.000024 0.998255 -0.059052 10.664600 -0.006359 0.059051 0.998235 -0.060300 0.000000 0.000000 0.000000 1.000000
0.999979 0.000338 0.006467 0.000400 0.000044 0.998256 -0.059037 10.664600 -0.006476 0.059036 0.998235 -0.060300 0.000000 0.000000 0.000000 1.000000
0.999979 0.000343 0.006512 0.000400 0.000042 0.998259 -0.058989 10.664600 -0.006521 0.058988 0.998237 -0.060300 0.000000 0.000000 0.000000 1.000000
0.999979 0.000386 0.006482 0.000400 -0.000004 0.998265 -0.058889 10.664600 -0.006493 0.058888 0.998243 -0.060300 0.000000 0.000000 0.000000 1.000000</float_array>
        <technique_common>
          <accessor source="#mixamorig_Spine-Matrix-animation-output-transform-array" count="111" stride="16">
            <param type="float4x4"/>
          </accessor>
        </technique_common>
      </source>
      <source id="mixamorig_Spine-Interpolations">
        <Name_array id="mixamorig_Spine-Interpolations-array" count="111">
 LINEAR LINEAR LINEAR LINEAR LINEAR LINEAR LINEAR LINEAR LINEAR LINEAR LINEAR
LINEAR LINEAR LINEAR LINEAR LINEAR LINEAR LINEAR LINEAR LINEAR LINEAR LINEAR LINEAR
LINEAR LINEAR LINEAR LINEAR LINEAR LINEAR LINEAR LINEAR LINEAR LINEAR LINEAR LINEAR
LINEAR LINEAR LINEAR LINEAR LINEAR LINEAR LINEAR LINEAR LINEAR LINEAR LINEAR LINEAR
LINEAR LINEAR LINEAR LINEAR LINEAR LINEAR LINEAR LINEAR LINEAR LINEAR LINEAR LINEAR
LINEAR LINEAR LINEAR LINEAR LINEAR LINEAR LINEAR LINEAR LINEAR LINEAR LINEAR LINEAR
LINEAR LINEAR LINEAR LINEAR LINEAR LINEAR LINEAR LINEAR LINEAR LINEAR LINEAR LINEAR
LINEAR LINEAR LINEAR LINEAR LINEAR LINEAR LINEAR LINEAR LINEAR LINEAR LINEAR LINEAR
LINEAR LINEAR LINEAR LINEAR LINEAR LINEAR LINEAR LINEAR LINEAR LINEAR LINEAR LINEAR
LINEAR LINEAR LINEAR LINEAR</Name_array>
        <technique_common>
          <accessor source="#mixamorig_Spine-Interpolations-array" count="111">
            <param type="name"/>
