<?xml version="1.0" encoding="utf-8"?>
<COLLADA xmlns="http://www.collada.org/2005/11/COLLADASchema" version="1.4.1">
  <asset>
    <contributor>
      <author>Mixamo</author>
      <authoring_tool>COLLADA Mixamo exporter</authoring_tool>
      <comments/>
    </contributor>
    <created>2026-01-24T16:05:51Z</created>
    <modified>2026-01-24T16:05:51Z</modified>
    <revision/>
    <title/>
    <unit meter="0.010000"/>
    <up_axis>Y_UP</up_axis>
  </asset>
  <library_animations>
    <animation id="mixamorig_Hips-anim" name="mixamorig_Hips">
      <source id="mixamorig_Hips-Matrix-animation-input">
        <float_array id="mixamorig_Hips-Matrix-animation-input-array" count="20">

0.000000 0.033333 0.066667 0.100000 0.133333 0.166667 0.200000 0.233333 0.266667 0.300000 0.333333 0.366667 0.400000 0.433333 0.466667 0.500000
0.533333 0.566667 0.600000 0.633333</float_array>
        <technique_common>
          <accessor source="#mixamorig_Hips-Matrix-animation-input-array" count="20">
            <param name="TIME" type="float"/>
          </accessor>
        </technique_common>
      </source>
      <source id="mixamorig_Hips-Matrix-animation-output-transform">
        <float_array id="mixamorig_Hips-Matrix-animation-output-transform-array" count="320">

0.992181 0.072992 -0.101233 0.447916 -0.086149 0.987451 -0.132362 102.005836 0.090301 0.140048 0.986018 0.834227 0.000000 0.000000 0.000000 1.000000
0.995405 0.041156 -0.086459 0.185385 -0.053171 0.988492 -0.141623 103.758690 0.079636 0.145569 0.986138 2.767153 0.000000 0.000000 0.000000 1.000000
0.997533 0.016157 -0.068313 -0.209155 -0.027637 0.984952 -0.170603 106.422073 0.064528 0.172070 0.982969 2.774803 0.000000 0.000000 0.000000 1.000000
0.998183 0.018769 -0.057265 -0.537361 -0.028724 0.983553 -0.178319 108.037048 0.052976 0.179640 0.982305 2.340189 0.000000 0.000000 0.000000 1.000000
0.999686 0.014712 -0.020262 -0.754983 -0.017544 0.988898 -0.147557 107.725456 0.017866 0.147867 0.988846 1.066111 0.000000 0.000000 0.000000 1.000000
0.998568 -0.008196 0.052869 -0.606787 0.014308 0.993113 -0.116287 105.499580 -0.051552 0.116877 0.991808 0.072994 0.000000 0.000000 0.000000 1.000000
0.991777 -0.044441 0.120017 -0.427450 0.058397 0.991602 -0.115393 103.219933 -0.113881 0.121453 0.986043 -0.383487 0.000000 0.000000 0.000000 1.000000
0.984320 -0.096320 0.147772 0.240059 0.117582 0.982765 -0.142646 101.519142 -0.131486 0.157785 0.978680 -3.773900 0.000000 0.000000 0.000000 1.000000
0.980493 -0.119736 0.155877 0.272108 0.146934 0.973246 -0.176645 100.127548 -0.130556 0.196103 0.971853 -4.759004 0.000000 0.000000 0.000000 1.000000
0.985058 -0.078327 0.153384 0.403459 0.108504 0.973868 -0.199519 100.818848 -0.133748 0.213181 0.967815 -2.158860 0.000000 0.000000 0.000000 1.000000
0.987457 -0.038227 0.153191 0.901953 0.070162 0.975427 -0.208854 102.154091 -0.141443 0.216982 0.965874 2.200206 0.000000 0.000000 0.000000 1.000000
0.988084 -0.015402 0.153146 1.405592 0.048267 0.975797 -0.213283 105.136223 -0.146154 0.218133 0.964913 3.454886 0.000000 0.000000 0.000000 1.000000
0.989378 -0.013042 0.144778 1.341752 0.044062 0.976018 -0.213186 107.486092 -0.138525 0.217301 0.966225 3.543660 0.000000 0.000000 0.000000 1.000000
0.990286 -0.011371 0.138581 1.344473 0.038911 0.979493 -0.197685 108.816711 -0.133491 0.201157 0.970421 2.155170 0.000000 0.000000 0.000000 1.000000
0.992299 -0.014877 0.122972 1.320367 0.036009 0.984534 -0.171452 108.266380 -0.118519 0.174560 0.977488 1.807819 0.000000 0.000000 0.000000 1.000000
0.996813 -0.020597 0.077063 1.398146 0.032588 0.986943 -0.157737 106.534927 -0.072808 0.159745 0.984470 0.506939 0.000000 0.000000 0.000000 1.000000
0.999971 -0.003991 -0.006549 1.197876 0.002863 0.986468 -0.163927 104.783195 0.007115 0.163904 0.986451 0.310162 0.000000 0.000000 0.000000 1.000000
0.996150 0.035471 -0.080174 0.722454 -0.047997 0.985924 -0.160156 103.421356 0.073365 0.163387 0.983830 -0.372857 0.000000 0.000000 0.000000 1.000000
0.991720 0.074018 -0.104943 0.618704 -0.088604 0.985902 -0.141937 102.110458 0.092957 0.150060 0.984297 -1.610827 0.000000 0.000000 0.000000 1.000000
0.992181 0.072993 -0.101233 0.447915 -0.086149 0.987451 -0.132362 102.005836 0.090301 0.140048 0.986018 0.834224 0.000000 0.000000 0.000000 1.000000</float_array>
        <technique_common>
          <accessor source="#mixamorig_Hips-Matrix-animation-output-transform-array" count="20" stride="16">
            <param type="float4x4"/>
          </accessor>
        </technique_common>
      </source>
      <source id="mixamorig_Hips-Interpolations">
        <Name_array id="mixamorig_Hips-Interpolations-array" count="20">
 LINEAR LINEAR LINEAR LINEAR LINEAR LINEAR LINEAR LINEAR LINEAR LINEAR LINEAR
LINEAR LINEAR LINEAR LINEAR LINEAR LINEAR LINEAR LINEAR LINEAR</Name_array>
        <technique_common>
          <accessor source="#mixamorig_Hips-Interpolations-array" count="20">
            <param type="name"/>
          </accessor>
        </technique_common>
      </source>
      <sampler id="mixamorig_Hips-Matrix-animation-transform">
        <input semantic="INPUT" source="#mixamorig_Hips-Matrix-animation-input"/>
        <input semantic="OUTPUT" source="#mixamorig_Hips-Matrix-animation-output-transform"/>
        <input semantic="INTERPOLATION" source="#mixamorig_Hips-Interpolations"/>
      </sampler>
      <channel source="#mixamorig_Hips-Matrix-animation-transform" target="mixamorig_Hips/matrix"/>
    </animation>
    <animation id="mixamorig_Spine-anim" name="mixamorig_Spine">
      <source id="mixamorig_Spine-Matrix-animation-input">
        <float_array id="mixamorig_Spine-Matrix-animation-input-array" count="20">

0.000000 0.033333 0.066667 0.100000 0.133333 0.166667 0.200000 0.233333 0.266667 0.300000 0.333333 0.366667 0.400000 0.433333 0.466667 0.500000
0.533333 0.566667 0.600000 0.633333</float_array>
        <technique_common>
          <accessor source="#mixamorig_Spine-Matrix-animation-input-array" count="20">
            <param name="TIME" type="float"/>
          </accessor>
        </technique_common>
      </source>
      <source id="mixamorig_Spine-Matrix-animation-output-transform">
        <float_array id="mixamorig_Spine-Matrix-animation-output-transform-array" count="320">

0.967868 -0.035328 0.248963 0.000400 0.090574 0.972603 -0.214102 10.664600 -0.234579 0.229772 0.944552 -0.060300 0.000000 0.000000 0.000000 1.000000
0.961457 0.000262 0.274957 0.000400 0.040448 0.988985 -0.142379 10.664600 -0.271966 0.148013 0.950856 -0.060300 0.000000 0.000000 0.000000 1.000000
0.957729 0.014159 0.287322 0.000400 0.005246 0.997762 -0.066655 10.664600 -0.287623 0.065345 0.955512 -0.060300 0.000000 0.000000 0.000000 1.000000
0.956895 -0.001534 0.290430 0.000400 0.014298 0.999022 -0.041834 10.664600 -0.290082 0.044184 0.955981 -0.060300 0.000000 0.000000 0.000000 1.000000
0.969535 0.015372 0.244472 0.000400 0.008868 0.995172 -0.097744 10.664600 -0.244794 0.096934 0.964717 -0.060300 0.000000 0.000000 0.000000 1.000000
0.987543 0.066822 0.142453 0.000400 -0.040859 0.983193 -0.177940 10.664600 -0.151949 0.169903 0.973676 -0.060300 0.000000 0.000000 0.000000 1.000000
0.992913 0.116996 0.020874 0.000400 -0.108971 0.966367 -0.232940 10.664600 -0.047425 0.229015 0.972267 -0.060300 0.000000 0.000000 0.000000 1.000000
0.983618 0.160541 -0.081989 0.000400 -0.175994 0.953660 -0.244048 10.664600 0.039009 0.254479 0.966291 -0.060300 0.000000 0.000000 0.000000 1.000000
0.969501 0.179364 -0.167023 0.000400 -0.210141 0.959058 -0.189863 10.664600 0.126130 0.219171 0.967499 -0.060300 0.000000 0.000000 0.000000 1.000000
0.961544 0.144487 -0.233575 0.000400 -0.168561 0.981886 -0.086524 10.664600 0.216842 0.122568 0.968482 -0.060300 0.000000 0.000000 0.000000 1.000000
0.952821 0.100007 -0.286584 0.000400 -0.100498 0.994852 0.013034 10.664600 0.286413 0.016382 0.957966 -0.060300 0.000000 0.000000 0.000000 1.000000
0.948124 0.064888 -0.311207 0.000400 -0.048198 0.996971 0.061032 10.664600 0.314225 -0.042866 0.948380 -0.060300 0.000000 0.000000 0.000000 1.000000
0.950569 0.057659 -0.305114 0.000400 -0.040054 0.997168 0.063653 10.664600 0.307920 -0.048285 0.950186 -0.060300 0.000000 0.000000 0.000000 1.000000
0.957460 0.052832 -0.283688 0.000400 -0.045557 0.998443 0.032186 10.664600 0.284947 -0.017893 0.958376 -0.060300 0.000000 0.000000 0.000000 1.000000
0.971507 0.039201 -0.233748 0.000400 -0.047844 0.998360 -0.031421 10.664600 0.232133 0.041709 0.971789 -0.060300 0.000000 0.000000 0.000000 1.000000
0.990065 0.016496 -0.139636 0.000400 -0.033582 0.992096 -0.120906 10.664600 0.136538 0.124394 0.982794 -0.060300 0.000000 0.000000 0.000000 1.000000
0.999881 -0.013039 -0.008228 0.000400 0.011059 0.978389 -0.206477 10.664600 0.010743 0.206361 0.978417 -0.060300 0.000000 0.000000 0.000000 1.000000
0.992866 -0.041032 0.111957 0.000400 0.068403 0.965067 -0.252917 10.664600 -0.097668 0.258770 0.960988 -0.060300 0.000000 0.000000 0.000000 1.000000
0.978740 -0.056063 0.197295 0.000400 0.105958 0.961823 -0.252326 10.664600 -0.175617 0.267867 0.947315 -0.060300 0.000000 0.000000 0.000000 1.000000
0.967868 -0.035328 0.248963 0.000400 0.090574 0.972603 -0.214102 10.664600 -0.234579 0.229772 0.944552 -0.060300 0.000000 0.000000 0.000000 1.000000</float_array>
        <technique_common>
          <accessor source="#mixamorig_Spine-Matrix-animation-output-transform-array" count="20" stride="16">
            <param type="float4x4"/>
          </accessor>
        </technique_common>
      </source>
      <source id="mixamorig_Spine-Interpolations">
        <Name_array id="mixamorig_Spine-Interpolations-array" count="20">
 LINEAR LINEAR LINEAR LINEAR LINEAR LINEAR LINEAR LINEAR LINEAR LINEAR LINEAR
LINEAR LINEAR LINEAR LINEAR LINEAR LINEAR LINEAR LINEAR LINEAR</Name_array>
        <technique_common>
          <accessor source="#mixamorig_Spine-Interpolations-array" count="20">
            <param type="name"/>
          </accessor>
        </technique_common>
      </source>
      <sampler id="mixamorig_Spine-Matrix-animation-transform">
        <input semantic="INPUT" source="#mixamorig_Spine-Matrix-animation-input"/>
        <input semantic="OUTPUT" source="#mixamorig_Spine-Matrix-animation-output-transform"/>
        <input semantic="INTERPOLATION" source="#mixamorig_Spine-Interpolations"/>
      </sampler>
      <channel source="#mixamorig_Spine-Matrix-animation-transform" target="mixamorig_Spine/matrix"/>
    </animation>
    <animation id="mixamorig_Spine1-anim" name="mixamorig_Spine1">
      <source id="mixamorig_Spine1-Matrix-animation-input">
        <float_array id="mixamorig_Spine1-Matrix-animation-input-array" count="20">

0.000000 0.033333 0.066667 0.100000 0.133333 0.166667 0.200000 0.233333 0.266667 0.300000 0.333333 0.366667 0.400000 0.433333 0.466667 0.500000
0.533333 0.566667 0.600000 0.633333</float_array>
        <technique_common>
          <accessor source="#mixamorig_Spine1-Matrix-animation-input-array" count="20">
            <param name="TIME" type="float"/>
          </accessor>
        </technique_common>
      </source>
      <source id="mixamorig_Spine1-Matrix-animation-output-transform">
        <float_array id="mixamorig_Spine1-Matrix-animation-output-transform-array" count="320">

0.999243 -0.030332 0.024368 0.000000 0.021803 0.955253 0.294985 11.673000 -0.032225 -0.294231 0.955191 0.000000 0.000000 0.000000 0.000000 1.000000
0.999175 -0.028772 0.028676 -0.000000 0.019903 0.962132 0.271858 11.673000 -0.035412 -0.271062 0.961910 0.000000 0.000000 0.000000 0.000000 1.000000
0.999249 -0.018605 0.033997 0.000000 0.009645 0.969011 0.246831 11.673000 -0.037536 -0.246317 0.968462 0.000000 0.000000 0.000000 0.000000 1.000000
0.999255 -0.006329 0.038076 0.000000 -0.002857 0.971630 0.236487 11.673000 -0.038492 -0.236420 0.970888 0.000000 0.000000 0.000000 0.000000 1.000000
0.999478 -0.008713 0.031095 0.000000 0.000962 0.970522 0.241012 11.673000 -0.032278 -0.240856 0.970024 -0.000000 0.000000 0.000000 0.000000 1.000000
0.999529 -0.028634 0.011047 0.000000 0.024818 0.965843 0.257937 11.673000 -0.018055 -0.257542 0.966099 -0.000000 0.000000 0.000000 0.000000 1.000000
0.998625 -0.051120 -0.011641 0.000000 0.052317 0.957125 0.284913 11.673000 -0.003423 -0.285130 0.958483 0.000000 0.000000 0.000000 0.000000 1.000000
0.997510 -0.064611 -0.028258 0.000000 0.070081 0.952858 0.295211 11.673000 0.007852 -0.296457 0.955014 0.000000 0.000000 0.000000 0.000000 1.000000
0.996741 -0.069921 -0.040227 0.000000 0.078152 0.960571 0.266825 11.673000 0.019984 -0.269100 0.962905 -0.000000 0.000000 0.000000 0.000000 1.000000
0.996902 -0.062162 -0.048182 0.000000 0.071540 0.971225 0.227163 11.673000 0.032674 -0.229907 0.972664 0.000000 0.000000 0.000000 0.000000 1.000000
0.997688 -0.044535 -0.051343 -0.000000 0.054138 0.977437 0.204174 11.673000 0.041092 -0.206481 0.977587 0.000000 0.000000 0.000000 0.000000 1.000000
0.998006 -0.036288 -0.051643 0.000000 0.045675 0.979912 0.194129 11.673000 0.043561 -0.196101 0.979616 0.000000 0.000000 0.000000 0.000000 1.000000
0.997777 -0.042657 -0.051200 0.000000 0.051694 0.980293 0.190664 11.673000 0.042058 -0.192886 0.980319 0.000000 0.000000 0.000000 0.000000 1.000000
0.997266 -0.053514 -0.050950 0.000000 0.062498 0.978752 0.195289 11.673000 0.039417 -0.197940 0.979421 0.000000 0.000000 0.000000 0.000000 1.000000
0.997285 -0.057147 -0.046438 -0.000000 0.065722 0.975209 0.211300 11.673000 0.033212 -0.213778 0.976318 -0.000000 0.000000 0.000000 0.000000 1.000000
0.998528 -0.044326 -0.031246 0.000000 0.050460 0.970496 0.235777 11.673000 0.019873 -0.237007 0.971305 -0.000000 0.000000 0.000000 0.000000 1.000000
0.999602 -0.026459 -0.009800 0.000000 0.028099 0.965030 0.260629 11.673000 0.002561 -0.260801 0.965389 0.000000 0.000000 0.000000 0.000000 1.000000
0.999750 -0.020946 0.007799 0.000000 0.017879 0.958873 0.283272 11.673000 -0.013411 -0.283062 0.959008 -0.000000 0.000000 0.000000 0.000000 1.000000
0.999506 -0.025553 0.018296 0.000000 0.018913 0.954008 0.299184 11.673000 -0.025100 -0.298690 0.954020 0.000000 0.000000 0.000000 0.000000 1.000000
0.999243 -0.030332 0.024368 0.000000 0.021803 0.955253 0.294985 11.673000 -0.032225 -0.294231 0.955191 0.000000 0.000000 0.000000 0.000000 1.000000</float_array>
        <technique_common>
          <accessor source="#mixamorig_Spine1-Matrix-animation-output-transform-array" count="20" stride="16">
            <param type="float4x4"/>
          </accessor>
        </technique_common>
      </source>
      <source id="mixamorig_Spine1-Interpolations">
        <Name_array id="mixamorig_Spine1-Interpolations-array" count="20">
 LINEAR LINEAR LINEAR LINEAR LINEAR LINEAR LINEAR LINEAR LINEAR LINEAR LINEAR
LINEAR LINEAR LINEAR LINEAR LINEAR LINEAR LINEAR LINEAR LINEAR</Name_array>
        <technique_common>
          <accessor source="#mixamorig_Spine1-Interpolations-array" count="20">
            <param type="name"/>
          </accessor>
        </technique_common>
      </source>
      <sampler id="mixamorig_Spine1-Matrix-animation-transform">
        <input semantic="INPUT" source="#mixamorig_Spine1-Matrix-animation-input"/>
        <input semantic="OUTPUT" source="#mixamorig_Spine1-Matrix-animation-output-transform"/>
        <input semantic="INTERPOLATION" source="#mixamorig_Spine1-Interpolations"/>
      </sampler>
      <channel source="#mixamorig_Spine1-Matrix-animation-transform" target="mixamorig_Spine1/matrix"/>
    </animation>
    <animation id="mixamorig_Spine2-anim" name="mixamorig_Spine2">
      <source id="mixamorig_Spine2-Matrix-animation-input">
        <float_array id="mixamorig_Spine2-Matrix-animation-input-array" count="20">

0.000000 0.033333 0.066667 0.100000 0.133333 0.166667 0.200000 0.233333 0.266667 0.300000 0.333333 0.366667 0.400000 0.433333 0.466667 0.500000
0.533333 0.566667 0.600000 0.633333</float_array>
        <technique_common>
          <accessor source="#mixamorig_Spine2-Matrix-animation-input-array" count="20">
            <param name="TIME" type="float"/>
          </accessor>
        </technique_common>
      </source>
      <source id="mixamorig_Spine2-Matrix-animation-output-transform">
        <float_array id="mixamorig_Spine2-Matrix-animation-output-transform-array" count="320">

0.997737 -0.064813 0.017893 0.000000 0.064374 0.997634 0.024147 14.006800 -0.019415 -0.022940 0.999548 -0.000000 0.000000 0.000000 0.000000 1.000000
0.997768 -0.063049 0.022013 0.000000 0.063035 0.998010 0.001337 14.006800 -0.022053 0.000054 0.999757 0.000000 0.000000 0.000000 0.000000 1.000000
0.998192 -0.053777 0.026863 0.000000 0.054417 0.998237 -0.023680 14.006800 -0.025542 0.025099 0.999359 0.000000 0.000000 0.000000 0.000000 1.000000
0.998640 -0.042588 0.030080 -0.000000 0.043653 0.998410 -0.035667 14.006800 -0.028513 0.036931 0.998911 0.000000 0.000000 0.000000 0.000000 1.000000
0.998711 -0.045260 0.022972 -0.000000 0.045982 0.998432 -0.031920 14.006800 -0.021491 0.032935 0.999226 -0.000000 0.000000 0.000000 0.000000 1.000000
0.997905 -0.064546 0.004357 0.000000 0.064595 0.997836 -0.012294 14.006800 -0.003554 0.012550 0.999915 -0.000000 0.000000 0.000000 0.000000 1.000000
0.995963 -0.088035 -0.017562 -0.000000 0.088309 0.995972 0.015507 14.006800 0.016126 -0.016995 0.999726 0.000000 0.000000 0.000000 0.000000 1.000000
0.993960 -0.104188 -0.034470 0.000000 0.105029 0.994190 0.023552 14.006800 0.031816 -0.027031 0.999128 -0.000000 0.000000 0.000000 0.000000 1.000000
0.992983 -0.109208 -0.045367 0.000000 0.108798 0.993998 -0.011425 14.006800 0.046342 0.006409 0.998905 -0.000000 0.000000 0.000000 0.000000 1.000000
0.993598 -0.100146 -0.052287 0.000000 0.096289 0.992767 -0.071715 14.006800 0.059091 0.066221 0.996054 -0.000000 0.000000 0.000000 0.000000 1.000000
0.995035 -0.082308 -0.055945 0.000000 0.075052 0.989772 -0.121323 14.006800 0.065359 0.116522 0.991035 0.000000 0.000000 0.000000 0.000000 1.000000
0.995785 -0.071969 -0.056862 0.000000 0.062953 0.987139 -0.146946 14.006800 0.066707 0.142747 0.987509 0.000000 0.000000 0.000000 0.000000 1.000000
0.995386 -0.077372 -0.056752 0.000000 0.067858 0.985776 -0.153753 14.006800 0.067841 0.149193 0.986478 0.000000 0.000000 0.000000 0.000000 1.000000
0.994393 -0.089630 -0.056122 0.000000 0.080909 0.986555 -0.141993 14.006800 0.068095 0.136656 0.988275 -0.000000 0.000000 0.000000 0.000000 1.000000
0.994325 -0.093401 -0.050926 0.000000 0.087590 0.990461 -0.106375 14.006800 0.060376 0.101311 0.993021 0.000000 0.000000 0.000000 0.000000 1.000000
0.995911 -0.082449 -0.036921 0.000000 0.080321 0.995205 -0.055818 14.006800 0.041346 0.052624 0.997758 0.000000 0.000000 0.000000 0.000000 1.000000
0.997576 -0.067401 -0.017297 -0.000000 0.067195 0.997665 -0.012182 14.006800 0.018078 0.010990 0.999776 -0.000000 0.000000 0.000000 0.000000 1.000000
0.998159 -0.060657 0.000281 0.000000 0.060646 0.998045 0.015122 14.006800 -0.001198 -0.015077 0.999886 0.000000 0.000000 0.000000 0.000000 1.000000
0.998008 -0.062026 0.011556 0.000000 0.061670 0.997676 0.028970 14.006800 -0.013326 -0.028199 0.999513 0.000000 0.000000 0.000000 0.000000 1.000000
0.997737 -0.064813 0.017893 0.000000 0.064374 0.997634 0.024147 14.006800 -0.019415 -0.022940 0.999548 -0.000000 0.000000 0.000000 0.000000 1.000000</float_array>
        <technique_common>
          <accessor source="#mixamorig_Spine2-Matrix-animation-output-transform-array" count="20" stride="16">
            <param type="float4x4"/>
          </accessor>
        </technique_common>
      </source>
      <source id="mixamorig_Spine2-Interpolations">
        <Name_array id="mixamorig_Spine2-Interpolations-array" count="20">
 LINEAR LINEAR LINEAR LINEAR LINEAR LINEAR LINEAR LINEAR LINEAR LINEAR LINEAR
LINEAR LINEAR LINEAR LINEAR LINEAR LINEAR LINEAR LINEAR LINEAR</Name_array>
        <technique_common>
          <accessor source="#mixamorig_Spine2-Interpolations-array" count="20">
            <param type="name"/>
          </accessor>
        </technique_common>
      </source>
      <sampler id="mixamorig_Spine2-Matrix-animation-transform">
        <input semantic="INPUT" source="#mixamorig_Spine2-Matrix-animation-input"/>
        <input semantic="OUTPUT" source="#mixamorig_Spine2-Matrix-animation-output-transform"/>
        <input semantic="INTERPOLATION" source="#mixamorig_Spine2-Interpolations"/>
      </sampler>
      <channel source="#mixamorig_Spine2-Matrix-animation-transform" target="mixamorig_Spine2/matrix"/>
    </animation>
    <animation id="mixamorig_Neck-anim" name="mixamorig_Neck">
      <source id="mixamorig_Neck-Matrix-animation-input">
        <float_array id="mixamorig_Neck-Matrix-animation-input-array" count="20">

0.000000 0.033333 0.066667 0.100000 0.133333 0.166667 0.200000 0.233333 0.266667 0.300000 0.333333 0.366667 0.400000 0.433333 0.466667 0.500000
0.533333 0.566667 0.600000 0.633333</float_array>
        <technique_common>
          <accessor source="#mixamorig_Neck-Matrix-animation-input-array" count="20">
            <param name="TIME" type="float"/>
          </accessor>
        </technique_common>
      </source>
      <source id="mixamorig_Neck-Matrix-animation-output-transform">
        <float_array id="mixamorig_Neck-Matrix-animation-output-transform-array" count="320">

0.994736 0.091457 -0.046225 0.027800 -0.100823 0.954152 -0.281831 18.914400 0.018330 0.285007 0.958350 -0.032000 0.000000 0.000000 0.000000 1.000000
0.994489 0.087194 -0.058208 0.027800 -0.100854 0.947287 -0.304099 18.914400 0.028624 0.308293 0.950861 -0.032000 0.000000 0.000000 0.000000 1.000000
0.994406 0.083287 -0.064957 0.027800 -0.098846 0.950550 -0.294420 18.914400 0.037224 0.299194 0.953466 -0.032000 0.000000 0.000000 0.000000 1.000000
0.993994 0.087108 -0.066244 0.027800 -0.101773 0.958314 -0.266978 18.914400 0.040226 0.272117 0.961423 -0.032000 0.000000 0.000000 0.000000 1.000000
0.992419 0.106194 -0.061864 0.027800 -0.118354 0.961433 -0.248271 18.914400 0.033113 0.253711 0.966713 -0.032000 0.000000 0.000000 0.000000 1.000000
0.990375 0.127814 -0.053119 0.027800 -0.137101 0.958581 -0.249649 18.914400 0.019010 0.254529 0.966878 -0.032000 0.000000 0.000000 0.000000 1.000000
0.990152 0.133987 -0.040583 0.027800 -0.139937 0.955745 -0.258782 18.914400 0.004114 0.261913 0.965083 -0.032000 0.000000 0.000000 0.000000 1.000000
0.992725 0.117943 -0.024224 0.027800 -0.120209 0.959390 -0.255186 18.914400 -0.006857 0.256241 0.966589 -0.032000 0.000000 0.000000 0.000000 1.000000
0.995933 0.089921 -0.005538 0.027800 -0.088688 0.967747 -0.235797 18.914400 -0.015844 0.235329 0.971787 -0.032000 0.000000 0.000000 0.000000 1.000000
0.997664 0.067295 0.011711 0.027800 -0.063197 0.974435 -0.215598 18.914400 -0.025920 0.214354 0.976412 -0.032000 0.000000 0.000000 0.000000 1.000000
0.997973 0.059013 0.023812 0.027800 -0.052866 0.977134 -0.205947 18.914400 -0.035421 0.204271 0.978273 -0.032000 0.000000 0.000000 0.000000 1.000000
0.997763 0.059908 0.029656 0.027800 -0.052685 0.977817 -0.202729 18.914400 -0.041143 0.200713 0.978786 -0.032000 0.000000 0.000000 0.000000 1.000000
0.997731 0.060067 0.030424 0.027800 -0.052923 0.978938 -0.197180 18.914400 -0.041628 0.195122 0.979895 -0.032000 0.000000 0.000000 0.000000 1.000000
0.997992 0.057097 0.027433 0.027800 -0.050942 0.980818 -0.188151 18.914400 -0.037650 0.186375 0.981757 -0.032000 0.000000 0.000000 0.000000 1.000000
0.998172 0.056606 0.021156 0.027800 -0.051888 0.982280 -0.180094 18.914400 -0.030976 0.178667 0.983422 -0.032000 0.000000 0.000000 0.000000 1.000000
0.997922 0.063328 0.011854 0.027800 -0.060241 0.982390 -0.176866 18.914400 -0.022846 0.175784 0.984164 -0.032000 0.000000 0.000000 0.000000 1.000000
0.997131 0.075698 -0.000056 0.027800 -0.074441 0.980435 -0.182226 18.914400 -0.013739 0.181708 0.983257 -0.032000 0.000000 0.000000 0.000000 1.000000
0.996044 0.087718 -0.014190 0.027800 -0.088777 0.975542 -0.201087 18.914400 -0.003796 0.201551 0.979471 -0.032000 0.000000 0.000000 0.000000 1.000000
0.995204 0.093023 -0.030269 0.027800 -0.097564 0.966373 -0.237917 18.914400 0.007119 0.239729 0.970814 -0.032000 0.000000 0.000000 0.000000 1.000000
0.994736 0.091457 -0.046225 0.027800 -0.100823 0.954152 -0.281831 18.914400 0.018330 0.285007 0.958350 -0.032000 0.000000 0.000000 0.000000 1.000000</float_array>
        <technique_common>
          <accessor source="#mixamorig_Neck-Matrix-animation-output-transform-array" count="20" stride="16">
            <param type="float4x4"/>
          </accessor>
        </technique_common>
      </source>
      <source id="mixamorig_Neck-Interpolations">
        <Name_array id="mixamorig_Neck-Interpolations-array" count="20">
 LINEAR LINEAR LINEAR LINEAR LINEAR LINEAR LINEAR LINEAR LINEAR LINEAR LINEAR
LINEAR LINEAR LINEAR LINEAR LINEAR LINEAR LINEAR LINEAR LINEAR</Name_array>
        <technique_common>
          <accessor source="#mixamorig_Neck-Interpolations-array" count="20">
            <param type="name"/>
          </accessor>
        </technique_common>
      </source>
      <sampler id="mixamorig_Neck-Matrix-animation-transform">
        <input semantic="INPUT" source="#mixamorig_Neck-Matrix-animation-input"/>
        <input semantic="OUTPUT" source="#mixamorig_Neck-Matrix-animation-output-transform"/>
        <input semantic="INTERPOLATION" source="#mixamorig_Neck-Interpolations"/>
      </sampler>
      <channel source="#mixamorig_Neck-Matrix-animation-transform" target="mixamorig_Neck/matrix"/>
    </animation>
    <animation id="mixamorig_Head-anim" name="mixamorig_Head">
      <source id="mixamorig_Head-Matrix-animation-input">
        <float_array id="mixamorig_Head-Matrix-animation-input-array" count="20">

0.000000 0.033333 0.066667 0.100000 0.133333 0.166667 0.200000 0.233333 0.266667 0.300000 0.333333 0.366667 0.400000 0.433333 0.466667 0.500000
0.533333 0.566667 0.600000 0.633333</float_array>
        <technique_common>
          <accessor source="#mixamorig_Head-Matrix-animation-input-array" count="20">
            <param name="TIME" type="float"/>
          </accessor>
        </technique_common>
      </source>
      <source id="mixamorig_Head-Matrix-animation-output-transform">
        <float_array id="mixamorig_Head-Matrix-animation-output-transform-array" count="320">

0.993232 0.004900 -0.116040 -0.001100 0.034669 0.941052 0.336481 9.868400 0.110849 -0.338226 0.934513 4.265200 0.000000 0.000000 0.000000 1.000000
0.984828 0.005854 -0.173432 -0.001100 0.047660 0.951873 0.302763 9.868400 0.166857 -0.306436 0.937153 4.265200 0.000000 0.000000 0.000000 1.000000
0.977517 0.008230 -0.210696 -0.001100 0.051257 0.959990 0.275302 9.868400 0.204532 -0.279912 0.937985 4.265200 0.000000 0.000000 0.000000 1.000000
0.974699 0.004843 -0.223471 -0.001100 0.057343 0.960889 0.270932 9.868400 0.216043 -0.276892 0.936299 4.265200 0.000000 0.000000 0.000000 1.000000
0.977395 -0.002644 -0.211406 -0.001100 0.064650 0.955764 0.286941 9.868400 0.201296 -0.294122 0.934330 4.265200 0.000000 0.000000 0.000000 1.000000
0.983545 -0.010657 -0.180348 -0.001100 0.069123 0.944499 0.321160 9.868400 0.166916 -0.328341 0.929694 4.265200 0.000000 0.000000 0.000000 1.000000
0.990516 -0.018777 -0.136112 -0.001100 0.067429 0.929555 0.362466 9.868400 0.119717 -0.368206 0.922004 4.265200 0.000000 0.000000 0.000000 1.000000
0.997018 -0.021193 -0.074201 -0.001100 0.048622 0.919199 0.390781 9.868400 0.059923 -0.393223 0.917488 4.265200 0.000000 0.000000 0.000000 1.000000
0.999854 -0.014093 0.009654 -0.001100 0.009249 0.921757 0.387658 9.868400 -0.014362 -0.387512 0.921753 4.265200 0.000000 0.000000 0.000000 1.000000
0.995111 -0.002489 0.098733 -0.001100 -0.032423 0.936046 0.350381 9.868400 -0.093291 -0.351869 0.931389 4.265200 0.000000 0.000000 0.000000 1.000000
0.986898 0.006314 0.161219 -0.001100 -0.054802 0.952945 0.298147 9.868400 -0.151751 -0.303076 0.940806 4.265200 0.000000 0.000000 0.000000 1.000000
0.982845 0.011978 0.184042 -0.001100 -0.060791 0.963162 0.261959 9.868400 -0.174124 -0.268653 0.947368 4.265200 0.000000 0.000000 0.000000 1.000000
0.983236 0.021029 0.181119 -0.001100 -0.068906 0.962521 0.262309 9.868400 -0.168815 -0.270392 0.947834 4.265200 0.000000 0.000000 0.000000 1.000000
0.985799 0.034980 0.164246 -0.001100 -0.082287 0.953215 0.290879 9.868400 -0.146386 -0.300263 0.942557 4.265200 0.000000 0.000000 0.000000 1.000000
0.990290 0.045709 0.131290 -0.001100 -0.085803 0.944024 0.318522 9.868400 -0.109381 -0.326694 0.938779 4.265200 0.000000 0.000000 0.000000 1.000000
0.995242 0.047105 0.085285 -0.001100 -0.072655 0.942037 0.327547 9.868400 -0.064912 -0.332185 0.940978 4.265200 0.000000 0.000000 0.000000 1.000000
0.998437 0.039398 0.039638 -0.001100 -0.050259 0.943151 0.328543 9.868400 -0.024440 -0.330022 0.943657 4.265200 0.000000 0.000000 0.000000 1.000000
0.999691 0.024814 -0.001697 -0.001100 -0.022784 0.941003 0.337629 9.868400 0.009975 -0.337486 0.941278 4.265200 0.000000 0.000000 0.000000 1.000000
0.998552 0.010984 -0.052669 -0.001100 0.008140 0.936828 0.349696 9.868400 0.053183 -0.349618 0.935382 4.265200 0.000000 0.000000 0.000000 1.000000
0.993232 0.004900 -0.116040 -0.001100 0.034669 0.941052 0.336481 9.868400 0.110849 -0.338227 0.934513 4.265200 0.000000 0.000000 0.000000 1.000000</float_array>
        <technique_common>
          <accessor source="#mixamorig_Head-Matrix-animation-output-transform-array" count="20" stride="16">
            <param type="float4x4"/>
          </accessor>
        </technique_common>
      </source>
      <source id="mixamorig_Head-Interpolations">
        <Name_array id="mixamorig_Head-Interpolations-array" count="20">
 LINEAR LINEAR LINEAR LINEAR LINEAR LINEAR LINEAR LINEAR LINEAR LINEAR LINEAR
LINEAR LINEAR LINEAR LINEAR LINEAR LINEAR LINEAR LINEAR LINEAR</Name_array>
        <technique_common>
          <accessor source="#mixamorig_Head-Interpolations-array" count="20">
            <param type="name"/>
          </accessor>
        </technique_common>
      </source>
      <sampler id="mixamorig_Head-Matrix-animation-transform">
        <input semantic="INPUT" source="#mixamorig_Head-Matrix-animation-input"/>
        <input semantic="OUTPUT" source="#mixamorig_Head-Matrix-animation-output-transform"/>
        <input semantic="INTERPOLATION" source="#mixamorig_Head-Interpolations"/>
      </sampler>
      <channel source="#mixamorig_Head-Matrix-animation-transform" target="mixamorig_Head/matrix"/>
    </animation>
    <animation id="mixamorig_LeftShoulder-anim" name="mixamorig_LeftShoulder">
      <source id="mixamorig_LeftShoulder-Matrix-animation-input">
        <float_array id="mixamorig_LeftShoulder-Matrix-animation-input-array" count="20">

0.000000 0.033333 0.066667 0.100000 0.133333 0.166667 0.200000 0.233333 0.266667 0.300000 0.333333 0.366667 0.400000 0.433333 0.466667 0.500000
0.533333 0.566667 0.600000 0.633333</float_array>
        <technique_common>
          <accessor source="#mixamorig_LeftShoulder-Matrix-animation-input-array" count="20">
            <param name="TIME" type="float"/>
          </accessor>
        </technique_common>
      </source>
      <source id="mixamorig_LeftShoulder-Matrix-animation-output-transform">
        <float_array id="mixamorig_LeftShoulder-Matrix-animation-output-transform-array" count="320">

0.145245 0.983376 -0.108972 6.211400 0.246470 -0.142630 -0.958598 13.693400 -0.958205 0.112373 -0.263089 -0.924400 0.000000 0.000000 0.000000 1.000000
0.140711 0.985727 -0.092427 6.211400 0.245322 -0.125159 -0.961328 13.693400 -0.959175 0.112595 -0.259432 -0.924400 0.000000 0.000000 0.000000 1.000000
0.138867 0.986852 -0.082700 6.211400 0.244773 -0.115121 -0.962722 13.693400 -0.959584 0.113448 -0.257541 -0.924400 0.000000 0.000000 0.000000 1.000000
0.149942 0.983180 -0.104284 6.211400 0.247055 -0.139389 -0.958923 13.693400 -0.957330 0.118019 -0.263800 -0.924400 0.000000 0.000000 0.000000 1.000000
0.173886 0.972666 -0.153897 6.211400 0.251534 -0.194963 -0.948008 13.693400 -0.952100 0.126135 -0.278560 -0.924400 0.000000 0.000000 0.000000 1.000000
0.199825 0.960701 -0.192674 6.211400 0.255716 -0.240957 -0.936242 13.693400 -0.945875 0.137814 -0.293816 -0.924400 0.000000 0.000000 0.000000 1.000000
0.213764 0.954703 -0.206996 6.211400 0.257732 -0.259503 -0.930716 13.693400 -0.942274 0.145604 -0.301529 -0.924400 0.000000 0.000000 0.000000 1.000000
0.185832 0.964110 -0.189625 6.211400 0.254453 -0.233622 -0.938442 13.693400 -0.949063 0.126142 -0.288735 -0.924400 0.000000 0.000000 0.000000 1.000000
0.125363 0.980908 -0.148672 6.211400 0.245469 -0.175862 -0.953319 13.693400 -0.961264 0.083016 -0.262830 -0.924400 0.000000 0.000000 0.000000 1.000000
0.068685 0.992949 -0.096617 6.211400 0.235722 -0.110256 -0.965546 13.693400 -0.969390 0.043544 -0.241633 -0.924400 0.000000 0.000000 0.000000 1.000000
0.029648 0.997645 -0.061848 6.211400 0.228246 -0.066997 -0.971296 13.693400 -0.973152 0.014680 -0.229695 -0.924400 0.000000 0.000000 0.000000 1.000000
0.021983 0.997827 -0.062115 6.211400 0.227040 -0.065490 -0.971681 13.693400 -0.973637 0.007258 -0.227986 -0.924400 0.000000 0.000000 0.000000 1.000000
0.042309 0.996296 -0.074863 6.211400 0.230814 -0.082650 -0.969481 13.693400 -0.972078 0.023738 -0.233456 -0.924400 0.000000 0.000000 0.000000 1.000000
0.073396 0.993004 -0.092502 6.211400 0.236418 -0.107433 -0.965694 13.693400 -0.968875 0.049009 -0.242650 -0.924400 0.000000 0.000000 0.000000 1.000000
0.101682 0.988294 -0.113732 6.211400 0.241003 -0.135391 -0.961034 13.693400 -0.965183 0.070310 -0.251949 -0.924400 0.000000 0.000000 0.000000 1.000000
0.125103 0.983681 -0.129310 6.211400 0.244585 -0.156889 -0.956851 13.693400 -0.961523 0.088078 -0.260221 -0.924400 0.000000 0.000000 0.000000 1.000000
0.153201 0.977332 -0.146121 6.211400 0.249095 -0.181285 -0.951361 13.693400 -0.956285 0.109352 -0.271222 -0.924400 0.000000 0.000000 0.000000 1.000000
0.167476 0.974031 -0.152364 6.211400 0.251101 -0.191594 -0.948810 13.693400 -0.953362 0.120644 -0.276668 -0.924400 0.000000 0.000000 0.000000 1.000000
0.154533 0.979389 -0.130061 6.211400 0.248693 -0.165964 -0.954258 13.693400 -0.956175 0.115119 -0.269215 -0.924400 0.000000 0.000000 0.000000 1.000000
0.145245 0.983376 -0.108972 6.211400 0.246470 -0.142630 -0.958598 13.693400 -0.958205 0.112373 -0.263088 -0.924400 0.000000 0.000000 0.000000 1.000000</float_array>
        <technique_common>
          <accessor source="#mixamorig_LeftShoulder-Matrix-animation-output-transform-array" count="20" stride="16">
            <param type="float4x4"/>
          </accessor>
        </technique_common>
      </source>
      <source id="mixamorig_LeftShoulder-Interpolations">
        <Name_array id="mixamorig_LeftShoulder-Interpolations-array" count="20">
 LINEAR LINEAR LINEAR LINEAR LINEAR LINEAR LINEAR LINEAR LINEAR LINEAR LINEAR
LINEAR LINEAR LINEAR LINEAR LINEAR LINEAR LINEAR LINEAR LINEAR</Name_array>
        <technique_common>
          <accessor source="#mixamorig_LeftShoulder-Interpolations-array" count="20">
            <param type="name"/>
          </accessor>
        </technique_common>
      </source>
      <sampler id="mixamorig_LeftShoulder-Matrix-animation-transform">
        <input semantic="INPUT" source="#mixamorig_LeftShoulder-Matrix-animation-input"/>
        <input semantic="OUTPUT" source="#mixamorig_LeftShoulder-Matrix-animation-output-transform"/>
        <input semantic="INTERPOLATION" source="#mixamorig_LeftShoulder-Interpolations"/>
      </sampler>
      <channel source="#mixamorig_LeftShoulder-Matrix-animation-transform" target="mixamorig_LeftShoulder/matrix"/>
    </animation>
    <animation id="mixamorig_LeftArm-anim" name="mixamorig_LeftArm">
      <source id="mixamorig_LeftArm-Matrix-animation-input">
        <float_array id="mixamorig_LeftArm-Matrix-animation-input-array" count="20">

0.000000 0.033333 0.066667 0.100000 0.133333 0.166667 0.200000 0.233333 0.266667 0.300000 0.333333 0.366667 0.400000 0.433333 0.466667 0.500000
0.533333 0.566667 0.600000 0.633333</float_array>
        <technique_common>
          <accessor source="#mixamorig_LeftArm-Matrix-animation-input-array" count="20">
            <param name="TIME" type="float"/>
          </accessor>
        </technique_common>
      </source>
      <source id="mixamorig_LeftArm-Matrix-animation-output-transform">
        <float_array id="mixamorig_LeftArm-Matrix-animation-output-transform-array" count="320">

0.472959 0.806979 0.353687 -0.000000 -0.063983 0.431819 -0.899688 11.085300 -0.878758 0.402886 0.255866 0.000000 0.000000 0.000000 0.000000 1.000000
0.361404 0.859445 0.361582 0.000000 -0.140626 0.433599 -0.890065 11.085300 -0.921744 0.270826 0.277564 0.000000 0.000000 0.000000 0.000000 1.000000
0.365100 0.873769 0.321292 -0.000000 -0.184589 0.406208 -0.894943 11.085300 -0.912485 0.267437 0.309595 0.000000 0.000000 0.000000 0.000000 1.000000
0.479356 0.843514 0.242285 0.000000 -0.204204 0.375695 -0.903966 11.085300 -0.853533 0.383846 0.352341 0.000000 0.000000 0.000000 0.000000 1.000000
0.633773 0.758125 0.153548 0.000000 -0.206946 0.357454 -0.910714 11.085300 -0.745322 0.545410 0.383436 0.000000 0.000000 0.000000 0.000000 1.000000
0.772927 0.624791 0.110543 -0.000000 -0.168805 0.370433 -0.913392 11.085300 -0.611628 0.687325 0.391785 0.000000 0.000000 0.000000 0.000000 1.000000
0.901193 0.416600 0.119565 0.000000 -0.079209 0.429525 -0.899574 11.085300 -0.426119 0.801219 0.420084 0.000000 0.000000 0.000000 0.000000 1.000000
0.991259 0.077870 0.106499 -0.000000 0.055717 0.484627 -0.872944 11.085300 -0.119588 0.871248 0.476052 -0.000000 0.000000 0.000000 0.000000 1.000000
0.950630 -0.310289 0.004848 0.000000 0.162888 0.485618 -0.858861 11.085300 0.264141 0.817249 0.512186 0.000000 0.000000 0.000000 0.000000 1.000000
0.817447 -0.558027 -0.142781 0.000000 0.197305 0.504156 -0.840772 11.085300 0.541157 0.659115 0.522223 -0.000000 0.000000 0.000000 0.000000 1.000000
0.729023 -0.640953 -0.240219 -0.000000 0.230568 0.560386 -0.795491 11.085300 0.644487 0.524544 0.556318 0.000000 0.000000 0.000000 0.000000 1.000000
0.727894 -0.645103 -0.232406 0.000000 0.292202 0.598448 -0.745975 11.085300 0.620313 0.475081 0.624107 0.000000 0.000000 0.000000 0.000000 1.000000
0.810361 -0.576558 -0.104382 -0.000000 0.329217 0.595404 -0.732878 11.085300 0.484696 0.559532 0.672305 0.000000 0.000000 0.000000 0.000000 1.000000
0.921599 -0.376691 0.093592 0.000000 0.305207 0.554322 -0.774323 11.085300 0.239800 0.742180 0.625831 0.000000 0.000000 0.000000 0.000000 1.000000
0.965978 -0.083453 0.244788 -0.000000 0.253950 0.485181 -0.836725 11.085300 -0.048940 0.870422 0.489868 -0.000000 0.000000 0.000000 0.000000 1.000000
0.940957 0.189073 0.280805 0.000000 0.177225 0.431610 -0.884480 11.085300 -0.288429 0.882023 0.372618 0.000000 0.000000 0.000000 0.000000 1.000000
0.884510 0.398133 0.243171 -0.000000 0.073169 0.396404 -0.915156 11.085300 -0.460747 0.827257 0.321492 0.000000 0.000000 0.000000 0.000000 1.000000
0.794639 0.560622 0.232921 0.000000 0.010648 0.370744 -0.928674 11.085300 -0.606989 0.740441 0.288638 0.000000 0.000000 0.000000 0.000000 1.000000
0.647575 0.701869 0.296693 -0.000000 -0.004279 0.392703 -0.919655 11.085300 -0.761990 0.594276 0.257308 0.000000 0.000000 0.000000 0.000000 1.000000
0.472959 0.806980 0.353686 0.000000 -0.063983 0.431819 -0.899688 11.085300 -0.878758 0.402885 0.255865 0.000000 0.000000 0.000000 0.000000 1.000000</float_array>
        <technique_common>
          <accessor source="#mixamorig_LeftArm-Matrix-animation-output-transform-array" count="20" stride="16">
            <param type="float4x4"/>
          </accessor>
        </technique_common>
      </source>
      <source id="mixamorig_LeftArm-Interpolations">
        <Name_array id="mixamorig_LeftArm-Interpolations-array" count="20">
 LINEAR LINEAR LINEAR LINEAR LINEAR LINEAR LINEAR LINEAR LINEAR LINEAR LINEAR
LINEAR LINEAR LINEAR LINEAR LINEAR LINEAR LINEAR LINEAR LINEAR</Name_array>
        <technique_common>
          <accessor source="#mixamorig_LeftArm-Interpolations-array" count="20">
            <param type="name"/>
          </accessor>
        </technique_common>
      </source>
      <sampler id="mixamorig_LeftArm-Matrix-animation-transform">
