<?xml version="1.0" encoding="utf-8"?>
<COLLADA xmlns="http://www.collada.org/2005/11/COLLADASchema" version="1.4.1">
  <asset>
    <contributor>
      <author>Mixamo</author>
      <authoring_tool>COLLADA Mixamo exporter</authoring_tool>
      <comments/>
    </contributor>
    <created>2026-01-24T16:37:09Z</created>
    <modified>2026-01-24T16:37:09Z</modified>
    <revision/>
    <title/>
    <unit meter="0.010000"/>
    <up_axis>Y_UP</up_axis>
  </asset>
  <library_animations>
    <animation id="mixamorig_Hips-anim" name="mixamorig_Hips">
      <source id="mixamorig_Hips-Matrix-animation-input">
        <float_array id="mixamorig_Hips-Matrix-animation-input-array" count="27">

0.000000 0.033333 0.066667 0.100000 0.133333 0.166667 0.200000 0.233333 0.266667 0.300000 0.333333 0.366667 0.400000 0.433333 0.466667 0.500000
0.533333 0.566667 0.600000 0.633333 0.666667 0.700000 0.733333 0.766667 0.800000 0.833333 0.866667</float_array>
        <technique_common>
          <accessor source="#mixamorig_Hips-Matrix-animation-input-array" count="27">
            <param name="TIME" type="float"/>
          </accessor>
        </technique_common>
      </source>
      <source id="mixamorig_Hips-Matrix-animation-output-transform">
        <float_array id="mixamorig_Hips-Matrix-animation-output-transform-array" count="432">

0.996544 0.053049 -0.063926 -0.160167 -0.060544 0.990722 -0.121671 103.170761 0.056878 0.125120 0.990510 0.890762 0.000000 0.000000 0.000000 1.000000
0.997925 0.029205 -0.057379 -0.212196 -0.036245 0.991398 -0.125763 105.076714 0.053212 0.127581 0.990400 2.148398 0.000000 0.000000 0.000000 1.000000
0.998830 0.009118 -0.047498 -0.430649 -0.015718 0.989956 -0.140499 107.243385 0.045740 0.141081 0.988941 3.003207 0.000000 0.000000 0.000000 1.000000
0.999276 0.004554 -0.037765 -0.653973 -0.010549 0.987044 -0.160101 109.082115 0.036547 0.160384 0.986378 2.784188 0.000000 0.000000 0.000000 1.000000
0.999500 0.005131 -0.031196 -0.821095 -0.010224 0.986178 -0.165372 109.852623 0.029917 0.165609 0.985738 2.578778 0.000000 0.000000 0.000000 1.000000
0.999768 0.004932 -0.020979 -0.907724 -0.008045 0.988502 -0.150994 109.576958 0.019993 0.151128 0.988312 2.306724 0.000000 0.000000 0.000000 1.000000
0.999991 -0.002952 0.002972 -0.911208 0.003312 0.991556 -0.129640 108.329277 -0.002565 0.129648 0.991557 1.543723 0.000000 0.000000 0.000000 1.000000
0.999224 -0.013489 0.036997 -0.958647 0.017619 0.993362 -0.113675 106.123207 -0.035218 0.114239 0.992829 0.957399 0.000000 0.000000 0.000000 1.000000
0.997205 -0.030850 0.068046 -1.073692 0.038038 0.993531 -0.107004 103.914520 -0.064304 0.109293 0.991927 0.152133 0.000000 0.000000 0.000000 1.000000
0.993686 -0.065395 0.091164 -0.922882 0.075889 0.990246 -0.116846 101.879066 -0.082633 0.123026 0.988957 -1.418395 0.000000 0.000000 0.000000 1.000000
0.990348 -0.091809 0.103839 -0.756998 0.105665 0.984927 -0.136943 100.663483 -0.089702 0.146593 0.985121 -2.967250 0.000000 0.000000 0.000000 1.000000
0.989278 -0.092067 0.113368 -0.785266 0.108742 0.982537 -0.150984 100.480316 -0.097488 0.161693 0.982014 -3.321274 0.000000 0.000000 0.000000 1.000000
0.989521 -0.072587 0.124817 -0.725987 0.092941 0.981757 -0.165879 101.733337 -0.110499 0.175741 0.978215 -2.186587 0.000000 0.000000 0.000000 1.000000
0.990656 -0.046158 0.128339 -0.503264 0.068918 0.981432 -0.179004 103.468651 -0.117693 0.186176 0.975442 -0.250072 0.000000 0.000000 0.000000 1.000000
0.991666 -0.024756 0.126434 -0.092394 0.048469 0.980955 -0.188090 105.576233 -0.119370 0.192650 0.973980 1.961120 0.000000 0.000000 0.000000 1.000000
0.992511 -0.012101 0.121555 0.310501 0.035732 0.980317 -0.194167 108.182732 -0.116813 0.197056 0.973408 2.829628 0.000000 0.000000 0.000000 1.000000
0.993241 -0.009807 0.115657 0.452157 0.032881 0.979382 -0.199323 109.960670 -0.111317 0.201778 0.973085 3.022200 0.000000 0.000000 0.000000 1.000000
0.993223 -0.010618 0.115736 0.430117 0.033810 0.979147 -0.200318 111.067749 -0.111195 0.202873 0.972871 2.736174 0.000000 0.000000 0.000000 1.000000
0.992829 -0.009914 0.119127 0.428276 0.032376 0.981609 -0.188136 111.128960 -0.115071 0.190644 0.974892 2.440466 0.000000 0.000000 0.000000 1.000000
0.993171 -0.011874 0.116059 0.417026 0.031349 0.985382 -0.167451 110.033249 -0.112375 0.169946 0.979025 2.280017 0.000000 0.000000 0.000000 1.000000
0.995646 -0.015737 0.091876 0.487937 0.029376 0.988393 -0.149048 108.243080 -0.088464 0.151098 0.984552 1.483222 0.000000 0.000000 0.000000 1.000000
0.998414 -0.014534 0.054386 0.435848 0.021907 0.990255 -0.137535 106.299751 -0.051857 0.138508 0.989003 0.205064 0.000000 0.000000 0.000000 1.000000
0.999879 0.011189 0.010800 0.074434 -0.009680 0.991358 -0.130829 104.146362 -0.012170 0.130708 0.991346 0.098794 0.000000 0.000000 0.000000 1.000000
0.998873 0.037572 -0.028994 -0.185162 -0.041007 0.990826 -0.128775 102.471046 0.023889 0.129818 0.991250 -0.189171 0.000000 0.000000 0.000000 1.000000
0.997154 0.056361 -0.050080 -0.234158 -0.062499 0.989422 -0.130912 101.921249 0.042172 0.133670 0.990128 -1.235905 0.000000 0.000000 0.000000 1.000000
0.995990 0.065428 -0.061018 -0.162079 -0.072769 0.989217 -0.127098 102.059372 0.052045 0.131028 0.990012 -0.906850 0.000000 0.000000 0.000000 1.000000
0.996544 0.053048 -0.063926 -0.160347 -0.060543 0.990722 -0.121671 103.170769 0.056878 0.125120 0.990510 0.890765 0.000000 0.000000 0.000000 1.000000</float_array>
        <technique_common>
          <accessor source="#mixamorig_Hips-Matrix-animation-output-transform-array" count="27" stride="16">
            <param type="float4x4"/>
          </accessor>
        </technique_common>
      </source>
      <source id="mixamorig_Hips-Interpolations">
        <Name_array id="mixamorig_Hips-Interpolations-array" count="27">
 LINEAR LINEAR LINEAR LINEAR LINEAR LINEAR LINEAR LINEAR LINEAR LINEAR LINEAR
LINEAR LINEAR LINEAR LINEAR LINEAR LINEAR LINEAR LINEAR LINEAR LINEAR LINEAR LINEAR
LINEAR LINEAR LINEAR LINEAR</Name_array>
        <technique_common>
          <accessor source="#mixamorig_Hips-Interpolations-array" count="27">
            <param type="name"/>
          </accessor>
        </technique_common>
      </source>
      <sampler id="mixamorig_Hips-Matrix-animation-transform">
        <input semantic="INPUT" source="#mixamorig_Hips-Matrix-animation-input"/>
        <input semantic="OUTPUT" source="#mixamorig_Hips-Matrix-animation-output-transform"/>
        <input semantic="INTERPOLATION" source="#mixamorig_Hips-Interpolations"/>
      </sampler>
      <channel source="#mixamorig_Hips-Matrix-animation-transform" target="mixamorig_Hips/matrix"/>
    </animation>
    <animation id="mixamorig_Spine-anim" name="mixamorig_Spine">
      <source id="mixamorig_Spine-Matrix-animation-input">
        <float_array id="mixamorig_Spine-Matrix-animation-input-array" count="27">

0.000000 0.033333 0.066667 0.100000 0.133333 0.166667 0.200000 0.233333 0.266667 0.300000 0.333333 0.366667 0.400000 0.433333 0.466667 0.500000
0.533333 0.566667 0.600000 0.633333 0.666667 0.700000 0.733333 0.766667 0.800000 0.833333 0.866667</float_array>
        <technique_common>
          <accessor source="#mixamorig_Spine-Matrix-animation-input-array" count="27">
            <param name="TIME" type="float"/>
          </accessor>
        </technique_common>
      </source>
      <source id="mixamorig_Spine-Matrix-animation-output-transform">
        <float_array id="mixamorig_Spine-Matrix-animation-output-transform-array" count="432">

0.974159 -0.044693 0.221395 0.000400 0.078096 0.986418 -0.144504 10.664600 -0.211930 0.158060 0.964418 -0.060300 0.000000 0.000000 0.000000 1.000000
0.967031 -0.003903 0.254630 0.000400 0.033662 0.993068 -0.112619 10.664600 -0.252425 0.117477 0.960459 -0.060300 0.000000 0.000000 0.000000 1.000000
0.962566 0.019396 0.270351 0.000400 -0.001865 0.997887 -0.064954 10.664600 -0.271040 0.062018 0.960568 -0.060300 0.000000 0.000000 0.000000 1.000000
0.961138 0.020614 0.275297 0.000400 -0.017017 0.999736 -0.015448 10.664600 -0.275542 0.010163 0.961235 -0.060300 0.000000 0.000000 0.000000 1.000000
0.961293 0.017826 0.274952 0.000400 -0.019185 0.999813 0.002251 10.664600 -0.274860 -0.007439 0.961455 -0.060300 0.000000 0.000000 0.000000 1.000000
0.964786 0.025381 0.261810 0.000400 -0.019538 0.999499 -0.024899 10.664600 -0.262311 0.018907 0.964798 -0.060300 0.000000 0.000000 0.000000 1.000000
0.973508 0.050557 0.222995 0.000400 -0.035602 0.996870 -0.070585 10.664600 -0.225865 0.060776 0.972261 -0.060300 0.000000 0.000000 0.000000 1.000000
0.983207 0.087131 0.160349 0.000400 -0.069242 0.991069 -0.113962 10.664600 -0.168847 0.100945 0.980459 -0.060300 0.000000 0.000000 0.000000 1.000000
0.987276 0.128464 0.093719 0.000400 -0.109003 0.975842 -0.189341 10.664600 -0.115779 0.176716 0.977429 -0.060300 0.000000 0.000000 0.000000 1.000000
0.983250 0.181411 0.017594 0.000400 -0.173932 0.962778 -0.206899 10.664600 -0.054473 0.200373 0.978204 -0.060300 0.000000 0.000000 0.000000 1.000000
0.977206 0.206053 -0.051084 0.000400 -0.211766 0.963066 -0.166311 10.664600 0.014928 0.173338 0.984749 -0.060300 0.000000 0.000000 0.000000 1.000000
0.973887 0.196645 -0.113470 0.000400 -0.211231 0.968018 -0.135362 10.664600 0.083223 0.155796 0.984277 -0.060300 0.000000 0.000000 0.000000 1.000000
0.967526 0.178013 -0.179457 0.000400 -0.194756 0.977558 -0.080316 10.664600 0.161132 0.112658 0.980482 -0.060300 0.000000 0.000000 0.000000 1.000000
0.962873 0.145526 -0.227373 0.000400 -0.153652 0.987954 -0.018360 10.664600 0.221962 0.052614 0.973635 -0.060300 0.000000 0.000000 0.000000 1.000000
0.959697 0.110881 -0.258239 0.000400 -0.104738 0.993794 0.037468 10.664600 0.260791 -0.008910 0.965354 -0.060300 0.000000 0.000000 0.000000 1.000000
0.958694 0.085492 -0.271288 0.000400 -0.066740 0.994746 0.077629 10.664600 0.276499 -0.056316 0.959363 -0.060300 0.000000 0.000000 0.000000 1.000000
0.959543 0.075490 -0.271253 0.000400 -0.050434 0.993889 0.098193 10.664600 0.277008 -0.080540 0.957486 -0.060300 0.000000 0.000000 0.000000 1.000000
0.960848 0.076740 -0.266236 0.000400 -0.051392 0.993567 0.100914 10.664600 0.272267 -0.083281 0.958611 -0.060300 0.000000 0.000000 0.000000 1.000000
0.963952 0.074301 -0.255492 0.000400 -0.054141 0.994904 0.085062 10.664600 0.260510 -0.068163 0.963062 -0.060300 0.000000 0.000000 0.000000 1.000000
0.970835 0.067114 -0.230162 0.000400 -0.057466 0.997175 0.048374 10.664600 0.232758 -0.033737 0.971949 -0.060300 0.000000 0.000000 0.000000 1.000000
0.982936 0.047110 -0.177814 0.000400 -0.052441 0.998301 -0.025396 10.664600 0.176315 0.034288 0.983736 -0.060300 0.000000 0.000000 0.000000 1.000000
0.994066 0.017051 -0.107433 0.000400 -0.029150 0.993272 -0.112075 10.664600 0.104799 0.114542 0.987875 -0.060300 0.000000 0.000000 0.000000 1.000000
0.998913 -0.037117 -0.028201 0.000400 0.032575 0.988565 -0.147235 10.664600 0.033344 0.146156 0.988699 -0.060300 0.000000 0.000000 0.000000 1.000000
0.996003 -0.076000 0.046929 0.000400 0.082508 0.984075 -0.157445 10.664600 -0.034215 0.160687 0.986412 -0.060300 0.000000 0.000000 0.000000 1.000000
0.989924 -0.088186 0.110787 0.000400 0.105758 0.980718 -0.164340 10.664600 -0.094158 0.174401 0.980163 -0.060300 0.000000 0.000000 0.000000 1.000000
0.982157 -0.081249 0.169603 0.000400 0.108777 0.981120 -0.159910 10.664600 -0.153408 0.175506 0.972452 -0.060300 0.000000 0.000000 0.000000 1.000000
0.974159 -0.044693 0.221395 0.000400 0.078096 0.986418 -0.144504 10.664600 -0.211930 0.158060 0.964418 -0.060300 0.000000 0.000000 0.000000 1.000000</float_array>
        <technique_common>
          <accessor source="#mixamorig_Spine-Matrix-animation-output-transform-array" count="27" stride="16">
            <param type="float4x4"/>
          </accessor>
        </technique_common>
      </source>
      <source id="mixamorig_Spine-Interpolations">
        <Name_array id="mixamorig_Spine-Interpolations-array" count="27">
 LINEAR LINEAR LINEAR LINEAR LINEAR LINEAR LINEAR LINEAR LINEAR LINEAR LINEAR
LINEAR LINEAR LINEAR LINEAR LINEAR LINEAR LINEAR LINEAR LINEAR LINEAR LINEAR LINEAR
LINEAR LINEAR LINEAR LINEAR</Name_array>
        <technique_common>
          <accessor source="#mixamorig_Spine-Interpolations-array" count="27">
            <param type="name"/>
          </accessor>
        </technique_common>
      </source>
      <sampler id="mixamorig_Spine-Matrix-animation-transform">
        <input semantic="INPUT" source="#mixamorig_Spine-Matrix-animation-input"/>
        <input semantic="OUTPUT" source="#mixamorig_Spine-Matrix-animation-output-transform"/>
        <input semantic="INTERPOLATION" source="#mixamorig_Spine-Interpolations"/>
      </sampler>
      <channel source="#mixamorig_Spine-Matrix-animation-transform" target="mixamorig_Spine/matrix"/>
    </animation>
    <animation id="mixamorig_Spine1-anim" name="mixamorig_Spine1">
      <source id="mixamorig_Spine1-Matrix-animation-input">
        <float_array id="mixamorig_Spine1-Matrix-animation-input-array" count="27">

0.000000 0.033333 0.066667 0.100000 0.133333 0.166667 0.200000 0.233333 0.266667 0.300000 0.333333 0.366667 0.400000 0.433333 0.466667 0.500000
0.533333 0.566667 0.600000 0.633333 0.666667 0.700000 0.733333 0.766667 0.800000 0.833333 0.866667</float_array>
        <technique_common>
          <accessor source="#mixamorig_Spine1-Matrix-animation-input-array" count="27">
            <param name="TIME" type="float"/>
          </accessor>
        </technique_common>
      </source>
      <source id="mixamorig_Spine1-Matrix-animation-output-transform">
        <float_array id="mixamorig_Spine1-Matrix-animation-output-transform-array" count="432">

0.999545 -0.014735 0.026332 -0.000000 0.007581 0.967303 0.253509 11.673000 -0.029207 -0.253194 0.966974 0.000000 0.000000 0.000000 0.000000 1.000000
0.999301 -0.024283 0.028420 0.000000 0.016398 0.967982 0.250485 11.673000 -0.033592 -0.249843 0.967703 0.000000 0.000000 0.000000 0.000000 1.000000
0.999232 -0.024251 0.030789 -0.000000 0.016351 0.971892 0.234858 11.673000 -0.035620 -0.234174 0.971542 0.000000 0.000000 0.000000 0.000000 1.000000
0.999249 -0.021098 0.032500 0.000000 0.013512 0.975842 0.218058 11.673000 -0.036315 -0.217455 0.975394 -0.000000 0.000000 0.000000 0.000000 1.000000
0.999281 -0.018192 0.033275 0.000000 0.010802 0.977623 0.210086 11.673000 -0.036352 -0.209575 0.977117 -0.000000 0.000000 0.000000 0.000000 1.000000
0.999318 -0.019936 0.031068 -0.000000 0.012913 0.977244 0.211727 11.673000 -0.034582 -0.211181 0.976835 0.000000 0.000000 0.000000 0.000000 1.000000
0.999360 -0.026788 0.023693 0.000000 0.020964 0.975562 0.218724 11.673000 -0.028973 -0.218087 0.975499 0.000000 0.000000 0.000000 0.000000 1.000000
0.999188 -0.038604 0.011520 0.000000 0.034954 0.972914 0.228508 11.673000 -0.020030 -0.227919 0.973474 -0.000000 0.000000 0.000000 0.000000 1.000000
0.998686 -0.051232 -0.001191 0.000000 0.049841 0.965646 0.255037 11.673000 -0.011916 -0.254761 0.966931 0.000000 0.000000 0.000000 0.000000 1.000000
0.997930 -0.062675 -0.014427 0.000000 0.064260 0.962493 0.263587 11.673000 -0.002634 -0.263968 0.964528 0.000000 0.000000 0.000000 0.000000 1.000000
0.997797 -0.062140 -0.023226 0.000000 0.065983 0.965854 0.250546 11.673000 0.006864 -0.251526 0.967826 0.000000 0.000000 0.000000 0.000000 1.000000
0.997610 -0.061540 -0.031402 0.000000 0.067269 0.968840 0.238379 11.673000 0.015754 -0.239922 0.970664 0.000000 0.000000 0.000000 0.000000 1.000000
0.996993 -0.065372 -0.041606 -0.000000 0.072953 0.972868 0.219557 11.673000 0.026124 -0.221932 0.974712 0.000000 0.000000 0.000000 0.000000 1.000000
0.997197 -0.058539 -0.046599 -0.000000 0.066850 0.976795 0.203477 11.673000 0.033606 -0.206022 0.977970 0.000000 0.000000 0.000000 0.000000 1.000000
0.997703 -0.047876 -0.047932 0.000000 0.056192 0.980032 0.190735 11.673000 0.037844 -0.192990 0.980471 -0.000000 0.000000 0.000000 0.000000 1.000000
0.997980 -0.042114 -0.047553 0.000000 0.049991 0.982590 0.178932 11.673000 0.039190 -0.180948 0.982711 0.000000 0.000000 0.000000 0.000000 1.000000
0.998021 -0.041991 -0.046799 -0.000000 0.049474 0.983795 0.172335 11.673000 0.038804 -0.174309 0.983926 0.000000 0.000000 0.000000 0.000000 1.000000
0.997725 -0.048284 -0.047052 -0.000000 0.055652 0.983777 0.170547 11.673000 0.038054 -0.172778 0.984225 -0.000000 0.000000 0.000000 0.000000 1.000000
0.997256 -0.056749 -0.047533 -0.000000 0.064175 0.982822 0.173036 11.673000 0.036897 -0.175612 0.983768 0.000000 0.000000 0.000000 0.000000 1.000000
0.996914 -0.063572 -0.046054 0.000000 0.070931 0.980834 0.181474 11.673000 0.033635 -0.184180 0.982317 0.000000 0.000000 0.000000 0.000000 1.000000
0.997309 -0.061838 -0.039389 0.000000 0.068688 0.975928 0.206993 11.673000 0.025641 -0.209141 0.977549 0.000000 0.000000 0.000000 0.000000 1.000000
0.998494 -0.047627 -0.027245 0.000000 0.052740 0.970059 0.237073 11.673000 0.015138 -0.238153 0.971110 0.000000 0.000000 0.000000 0.000000 1.000000
0.999762 -0.019849 -0.009055 0.000000 0.021398 0.973040 0.229640 11.673000 0.004253 -0.229779 0.973233 0.000000 0.000000 0.000000 0.000000 1.000000
0.999979 -0.001615 0.006197 0.000000 0.000184 0.974538 0.224220 11.673000 -0.006401 -0.224215 0.974519 -0.000000 0.000000 0.000000 0.000000 1.000000
0.999868 0.002876 0.015982 -0.000000 -0.006570 0.971697 0.236141 11.673000 -0.014850 -0.236215 0.971587 -0.000000 0.000000 0.000000 0.000000 1.000000
0.999738 -0.001518 0.022834 0.000000 -0.004148 0.969242 0.246074 11.673000 -0.022505 -0.246104 0.968982 0.000000 0.000000 0.000000 0.000000 1.000000
0.999545 -0.014735 0.026332 0.000000 0.007581 0.967303 0.253509 11.673000 -0.029207 -0.253194 0.966975 0.000000 0.000000 0.000000 0.000000 1.000000</float_array>
        <technique_common>
          <accessor source="#mixamorig_Spine1-Matrix-animation-output-transform-array" count="27" stride="16">
            <param type="float4x4"/>
          </accessor>
        </technique_common>
      </source>
      <source id="mixamorig_Spine1-Interpolations">
        <Name_array id="mixamorig_Spine1-Interpolations-array" count="27">
 LINEAR LINEAR LINEAR LINEAR LINEAR LINEAR LINEAR LINEAR LINEAR LINEAR LINEAR
LINEAR LINEAR LINEAR LINEAR LINEAR LINEAR LINEAR LINEAR LINEAR LINEAR LINEAR LINEAR
LINEAR LINEAR LINEAR LINEAR</Name_array>
        <technique_common>
          <accessor source="#mixamorig_Spine1-Interpolations-array" count="27">
            <param type="name"/>
          </accessor>
        </technique_common>
      </source>
      <sampler id="mixamorig_Spine1-Matrix-animation-transform">
        <input semantic="INPUT" source="#mixamorig_Spine1-Matrix-animation-input"/>
        <input semantic="OUTPUT" source="#mixamorig_Spine1-Matrix-animation-output-transform"/>
        <input semantic="INTERPOLATION" source="#mixamorig_Spine1-Interpolations"/>
      </sampler>
      <channel source="#mixamorig_Spine1-Matrix-animation-transform" target="mixamorig_Spine1/matrix"/>
    </animation>
    <animation id="mixamorig_Spine2-anim" name="mixamorig_Spine2">
      <source id="mixamorig_Spine2-Matrix-animation-input">
        <float_array id="mixamorig_Spine2-Matrix-animation-input-array" count="27">

0.000000 0.033333 0.066667 0.100000 0.133333 0.166667 0.200000 0.233333 0.266667 0.300000 0.333333 0.366667 0.400000 0.433333 0.466667 0.500000
0.533333 0.566667 0.600000 0.633333 0.666667 0.700000 0.733333 0.766667 0.800000 0.833333 0.866667</float_array>
        <technique_common>
          <accessor source="#mixamorig_Spine2-Matrix-animation-input-array" count="27">
            <param name="TIME" type="float"/>
          </accessor>
        </technique_common>
      </source>
      <source id="mixamorig_Spine2-Matrix-animation-output-transform">
        <float_array id="mixamorig_Spine2-Matrix-animation-output-transform-array" count="432">

0.998556 -0.050289 0.018870 0.000000 0.050640 0.998543 -0.018627 14.006800 -0.017906 0.019556 0.999648 -0.000000 0.000000 0.000000 0.000000 1.000000
0.997989 -0.059663 0.021414 0.000000 0.060114 0.997969 -0.021060 14.006800 -0.020114 0.022305 0.999549 0.000000 0.000000 0.000000 0.000000 1.000000
0.997912 -0.060057 0.023746 0.000000 0.060901 0.997475 -0.036545 14.006800 -0.021491 0.037915 0.999050 0.000000 0.000000 0.000000 0.000000 1.000000
0.998018 -0.057639 0.025248 -0.000000 0.058925 0.996823 -0.053589 14.006800 -0.022079 0.054971 0.998244 0.000000 0.000000 0.000000 0.000000 1.000000
0.998136 -0.055318 0.025764 0.000000 0.056831 0.996442 -0.062232 14.006800 -0.022230 0.063580 0.997729 0.000000 0.000000 0.000000 0.000000 1.000000
0.998082 -0.057250 0.023536 0.000000 0.058596 0.996408 -0.061130 14.006800 -0.019951 0.062392 0.997852 0.000000 0.000000 0.000000 0.000000 1.000000
0.997818 -0.063895 0.016615 -0.000000 0.064702 0.996461 -0.053663 14.006800 -0.013127 0.054621 0.998421 0.000000 0.000000 0.000000 0.000000 1.000000
0.997141 -0.075384 0.005278 0.000000 0.075541 0.996225 -0.042766 14.006800 -0.002034 0.043042 0.999071 0.000000 0.000000 0.000000 0.000000 1.000000
0.996091 -0.088079 -0.006707 0.000000 0.087968 0.996004 -0.015444 14.006800 0.008041 0.014794 0.999858 -0.000000 0.000000 0.000000 0.000000 1.000000
0.994721 -0.100724 -0.019596 0.000000 0.100590 0.994898 -0.007719 14.006800 0.020274 0.005707 0.999778 0.000000 0.000000 0.000000 0.000000 1.000000
0.994458 -0.101182 -0.028565 0.000000 0.100553 0.994673 -0.022671 14.006800 0.030707 0.019673 0.999335 0.000000 0.000000 0.000000 0.000000 1.000000
0.994280 -0.100378 -0.036483 0.000000 0.098984 0.994356 -0.038192 14.006800 0.040111 0.034363 0.998604 0.000000 0.000000 0.000000 0.000000 1.000000
0.993557 -0.103583 -0.046000 -0.000000 0.100531 0.992851 -0.064339 14.006800 0.052335 0.059300 0.996867 0.000000 0.000000 0.000000 0.000000 1.000000
0.994036 -0.096374 -0.051036 -0.000000 0.091439 0.991598 -0.091499 14.006800 0.059426 0.086287 0.994496 0.000000 0.000000 0.000000 0.000000 1.000000
0.994954 -0.085263 -0.052880 0.000000 0.078742 0.990232 -0.115065 14.006800 0.062174 0.110321 0.991949 0.000000 0.000000 0.000000 0.000000 1.000000
0.995522 -0.078301 -0.052953 0.000000 0.070639 0.988506 -0.133666 14.006800 0.062811 0.129327 0.989611 0.000000 0.000000 0.000000 0.000000 1.000000
0.995627 -0.077231 -0.052552 -0.000000 0.069037 0.987309 -0.143023 14.006800 0.062931 0.138769 0.988323 0.000000 0.000000 0.000000 0.000000 1.000000
0.995086 -0.083721 -0.052862 0.000000 0.075347 0.986664 -0.144284 14.006800 0.064236 0.139592 0.988123 0.000000 0.000000 0.000000 0.000000 1.000000
0.994280 -0.092704 -0.053043 -0.000000 0.084669 0.986858 -0.137634 14.006800 0.065105 0.132356 0.989062 0.000000 0.000000 0.000000 0.000000 1.000000
0.993693 -0.099821 -0.051094 0.000000 0.093039 0.988250 -0.121268 14.006800 0.062599 0.115749 0.991304 0.000000 0.000000 0.000000 0.000000 1.000000
0.994086 -0.099087 -0.044434 -0.000000 0.095083 0.991867 -0.084613 14.006800 0.052456 0.079888 0.995423 0.000000 0.000000 0.000000 0.000000 1.000000
0.995701 -0.086494 -0.033127 0.000000 0.085031 0.995437 -0.043298 14.006800 0.036721 0.040295 0.998513 0.000000 0.000000 0.000000 0.000000 1.000000
0.998102 -0.059286 -0.016677 0.000000 0.058507 0.997323 -0.043867 14.006800 0.019233 0.042808 0.998898 -0.000000 0.000000 0.000000 0.000000 1.000000
0.999176 -0.040520 -0.002370 0.000000 0.040364 0.998081 -0.046965 14.006800 0.004268 0.046830 0.998894 0.000000 0.000000 0.000000 0.000000 1.000000
0.999368 -0.034751 0.007476 0.000000 0.034996 0.998754 -0.035582 14.006800 -0.006230 0.035821 0.999339 0.000000 0.000000 0.000000 0.000000 1.000000
0.999173 -0.037915 0.014684 0.000000 0.038291 0.998921 -0.026281 14.006800 -0.013672 0.026822 0.999547 0.000000 0.000000 0.000000 0.000000 1.000000
0.998556 -0.050289 0.018870 0.000000 0.050640 0.998543 -0.018627 14.006800 -0.017906 0.019556 0.999648 0.000000 0.000000 0.000000 0.000000 1.000000</float_array>
        <technique_common>
          <accessor source="#mixamorig_Spine2-Matrix-animation-output-transform-array" count="27" stride="16">
            <param type="float4x4"/>
          </accessor>
        </technique_common>
      </source>
      <source id="mixamorig_Spine2-Interpolations">
        <Name_array id="mixamorig_Spine2-Interpolations-array" count="27">
 LINEAR LINEAR LINEAR LINEAR LINEAR LINEAR LINEAR LINEAR LINEAR LINEAR LINEAR
LINEAR LINEAR LINEAR LINEAR LINEAR LINEAR LINEAR LINEAR LINEAR LINEAR LINEAR LINEAR
LINEAR LINEAR LINEAR LINEAR</Name_array>
        <technique_common>
          <accessor source="#mixamorig_Spine2-Interpolations-array" count="27">
            <param type="name"/>
          </accessor>
        </technique_common>
      </source>
      <sampler id="mixamorig_Spine2-Matrix-animation-transform">
        <input semantic="INPUT" source="#mixamorig_Spine2-Matrix-animation-input"/>
        <input semantic="OUTPUT" source="#mixamorig_Spine2-Matrix-animation-output-transform"/>
        <input semantic="INTERPOLATION" source="#mixamorig_Spine2-Interpolations"/>
      </sampler>
      <channel source="#mixamorig_Spine2-Matrix-animation-transform" target="mixamorig_Spine2/matrix"/>
    </animation>
    <animation id="mixamorig_Neck-anim" name="mixamorig_Neck">
      <source id="mixamorig_Neck-Matrix-animation-input">
        <float_array id="mixamorig_Neck-Matrix-animation-input-array" count="27">

0.000000 0.033333 0.066667 0.100000 0.133333 0.166667 0.200000 0.233333 0.266667 0.300000 0.333333 0.366667 0.400000 0.433333 0.466667 0.500000
0.533333 0.566667 0.600000 0.633333 0.666667 0.700000 0.733333 0.766667 0.800000 0.833333 0.866667</float_array>
        <technique_common>
          <accessor source="#mixamorig_Neck-Matrix-animation-input-array" count="27">
            <param name="TIME" type="float"/>
          </accessor>
        </technique_common>
      </source>
      <source id="mixamorig_Neck-Matrix-animation-output-transform">
        <float_array id="mixamorig_Neck-Matrix-animation-output-transform-array" count="432">

0.996783 0.066095 -0.045335 0.027800 -0.076234 0.956471 -0.281695 18.914400 0.024743 0.284244 0.958433 -0.032000 0.000000 0.000000 0.000000 1.000000
0.994933 0.082783 -0.057059 0.027800 -0.096166 0.949153 -0.299768 18.914400 0.029342 0.303737 0.952304 -0.032000 0.000000 0.000000 0.000000 1.000000
0.994365 0.085100 -0.063221 0.027800 -0.100257 0.948699 -0.299863 18.914400 0.034460 0.304512 0.951885 -0.032000 0.000000 0.000000 0.000000 1.000000
0.993845 0.089379 -0.065442 0.027800 -0.104609 0.951599 -0.288993 18.914400 0.036445 0.294060 0.955092 -0.032000 0.000000 0.000000 0.000000 1.000000
0.992929 0.098865 -0.065710 0.027800 -0.113136 0.955741 -0.271586 18.914400 0.035952 0.277099 0.960168 -0.032000 0.000000 0.000000 0.000000 1.000000
0.990820 0.118880 -0.064362 0.027800 -0.131623 0.956928 -0.258776 18.914400 0.030827 0.264872 0.963791 -0.032000 0.000000 0.000000 0.000000 1.000000
0.989298 0.132869 -0.060299 0.027800 -0.143992 0.955831 -0.256231 18.914400 0.023591 0.262172 0.964733 -0.032000 0.000000 0.000000 0.000000 1.000000
0.989210 0.135949 -0.054606 0.027800 -0.145512 0.955052 -0.258266 18.914400 0.017041 0.263425 0.964529 -0.032000 0.000000 0.000000 0.000000 1.000000
0.991202 0.124042 -0.046169 0.027800 -0.131840 0.956084 -0.261765 18.914400 0.011671 0.265548 0.964027 -0.032000 0.000000 0.000000 0.000000 1.000000
0.994740 0.096372 -0.034712 0.027800 -0.102145 0.958642 -0.265653 18.914400 0.007675 0.267801 0.963444 -0.032000 0.000000 0.000000 0.000000 1.000000
0.997489 0.066811 -0.023488 0.027800 -0.070636 0.962454 -0.262093 18.914400 0.005095 0.263094 0.964757 -0.032000 0.000000 0.000000 0.000000 1.000000
0.998464 0.054098 -0.011971 0.027800 -0.055356 0.964731 -0.257352 18.914400 -0.002373 0.257619 0.966244 -0.032000 0.000000 0.000000 0.000000 1.000000
0.998540 0.054012 0.000303 0.027800 -0.052122 0.965042 -0.256859 18.914400 -0.014166 0.256469 0.966449 -0.032000 0.000000 0.000000 0.000000 1.000000
0.998686 0.050270 0.009936 0.027800 -0.046128 0.966394 -0.252891 18.914400 -0.022315 0.252101 0.967444 -0.032000 0.000000 0.000000 0.000000 1.000000
0.998575 0.050749 0.016535 0.027800 -0.045024 0.967277 -0.249694 18.914400 -0.028665 0.248594 0.968184 -0.032000 0.000000 0.000000 0.000000 1.000000
0.998228 0.056015 0.020099 0.027800 -0.049365 0.968001 -0.246042 18.914400 -0.033238 0.244614 0.969051 -0.032000 0.000000 0.000000 0.000000 1.000000
0.998152 0.056904 0.021332 0.027800 -0.050187 0.969800 -0.238681 18.914400 -0.034269 0.237169 0.970864 -0.032000 0.000000 0.000000 0.000000 1.000000
0.998223 0.055947 0.020526 0.027800 -0.049741 0.971902 -0.230070 18.914400 -0.032821 0.228641 0.972957 -0.032000 0.000000 0.000000 0.000000 1.000000
0.997850 0.063035 0.017967 0.027800 -0.057350 0.972361 -0.226330 18.914400 -0.031737 0.224813 0.973885 -0.032000 0.000000 0.000000 0.000000 1.000000
0.997237 0.072946 0.014070 0.027800 -0.067878 0.971638 -0.226520 18.914400 -0.030195 0.224939 0.973905 -0.032000 0.000000 0.000000 0.000000 1.000000
0.996570 0.082284 0.008755 0.027800 -0.078012 0.969537 -0.232188 18.914400 -0.027593 0.230708 0.972632 -0.032000 0.000000 0.000000 0.000000 1.000000
0.996821 0.079619 0.002924 0.027800 -0.076733 0.969276 -0.233701 18.914400 -0.021442 0.232733 0.972304 -0.032000 0.000000 0.000000 0.000000 1.000000
0.998431 0.055884 -0.003454 0.027800 -0.055377 0.976483 -0.208360 18.914400 -0.008271 0.208224 0.978046 -0.032000 0.000000 0.000000 0.000000 1.000000
0.999205 0.038465 -0.010443 0.027800 -0.039773 0.979326 -0.198340 18.914400 0.002598 0.198597 0.980078 -0.032000 0.000000 0.000000 0.000000 1.000000
0.999293 0.032267 -0.019291 0.027800 -0.035640 0.976391 -0.213048 18.914400 0.011962 0.213585 0.976851 -0.032000 0.000000 0.000000 0.000000 1.000000
0.998573 0.043355 -0.031175 0.027800 -0.049671 0.968458 -0.244175 18.914400 0.019606 0.245375 0.969230 -0.032000 0.000000 0.000000 0.000000 1.000000
0.996783 0.066095 -0.045335 0.027800 -0.076234 0.956471 -0.281695 18.914400 0.024743 0.284245 0.958432 -0.032000 0.000000 0.000000 0.000000 1.000000</float_array>
        <technique_common>
          <accessor source="#mixamorig_Neck-Matrix-animation-output-transform-array" count="27" stride="16">
            <param type="float4x4"/>
          </accessor>
        </technique_common>
      </source>
      <source id="mixamorig_Neck-Interpolations">
        <Name_array id="mixamorig_Neck-Interpolations-array" count="27">
 LINEAR LINEAR LINEAR LINEAR LINEAR LINEAR LINEAR LINEAR LINEAR LINEAR LINEAR
LINEAR LINEAR LINEAR LINEAR LINEAR LINEAR LINEAR LINEAR LINEAR LINEAR LINEAR LINEAR
LINEAR LINEAR LINEAR LINEAR</Name_array>
        <technique_common>
          <accessor source="#mixamorig_Neck-Interpolations-array" count="27">
            <param type="name"/>
          </accessor>
        </technique_common>
      </source>
      <sampler id="mixamorig_Neck-Matrix-animation-transform">
        <input semantic="INPUT" source="#mixamorig_Neck-Matrix-animation-input"/>
        <input semantic="OUTPUT" source="#mixamorig_Neck-Matrix-animation-output-transform"/>
        <input semantic="INTERPOLATION" source="#mixamorig_Neck-Interpolations"/>
      </sampler>
      <channel source="#mixamorig_Neck-Matrix-animation-transform" target="mixamorig_Neck/matrix"/>
    </animation>
    <animation id="mixamorig_Head-anim" name="mixamorig_Head">
      <source id="mixamorig_Head-Matrix-animation-input">
        <float_array id="mixamorig_Head-Matrix-animation-input-array" count="27">

0.000000 0.033333 0.066667 0.100000 0.133333 0.166667 0.200000 0.233333 0.266667 0.300000 0.333333 0.366667 0.400000 0.433333 0.466667 0.500000
0.533333 0.566667 0.600000 0.633333 0.666667 0.700000 0.733333 0.766667 0.800000 0.833333 0.866667</float_array>
        <technique_common>
          <accessor source="#mixamorig_Head-Matrix-animation-input-array" count="27">
            <param name="TIME" type="float"/>
          </accessor>
        </technique_common>
      </source>
      <source id="mixamorig_Head-Matrix-animation-output-transform">
        <float_array id="mixamorig_Head-Matrix-animation-output-transform-array" count="432">

0.992629 0.024243 -0.118747 -0.001100 0.019605 0.934769 0.354716 9.868400 0.119600 -0.354429 0.927403 4.265200 0.000000 0.000000 0.000000 1.000000
0.984065 0.012085 -0.177397 -0.001100 0.045767 0.946856 0.318384 9.868400 0.171817 -0.321430 0.931215 4.265200 0.000000 0.000000 0.000000 1.000000
0.977410 0.005097 -0.211292 -0.001100 0.058657 0.953895 0.294354 9.868400 0.203050 -0.300098 0.932047 4.265200 0.000000 0.000000 0.000000 1.000000
0.973912 0.001289 -0.226924 -0.001100 0.065451 0.955892 0.286334 9.868400 0.217284 -0.293717 0.930870 4.265200 0.000000 0.000000 0.000000 1.000000
0.972077 -0.002637 -0.234647 -0.001100 0.071181 0.956137 0.284138 9.868400 0.223606 -0.292907 0.929627 4.265200 0.000000 0.000000 0.000000 1.000000
0.971771 -0.011627 -0.235639 -0.001100 0.082796 0.952067 0.294471 9.868400 0.220921 -0.305668 0.926154 4.265200 0.000000 0.000000 0.000000 1.000000
0.975032 -0.017691 -0.221358 -0.001100 0.088837 0.944654 0.315810 9.868400 0.203520 -0.327590 0.922640 4.265200 0.000000 0.000000 0.000000 1.000000
0.980136 -0.019110 -0.197404 -0.001100 0.086061 0.937734 0.336525 9.868400 0.178681 -0.346829 0.920751 4.265200 0.000000 0.000000 0.000000 1.000000
0.986995 -0.015373 -0.160013 -0.001100 0.072730 0.930413 0.359223 9.868400 0.143355 -0.366189 0.919432 4.265200 0.000000 0.000000 0.000000 1.000000
0.993799 -0.014884 -0.110193 -0.001100 0.056985 0.919143 0.389781 9.868400 0.095482 -0.393643 0.914291 4.265200 0.000000 0.000000 0.000000 1.000000
0.998167 -0.010924 -0.059519 -0.001100 0.033907 0.915628 0.400594 9.868400 0.050121 -0.401878 0.914321 4.265200 0.000000 0.000000 0.000000 1.000000
0.999999 -0.001647 -0.000089 -0.001100 0.001555 0.923356 0.383941 9.868400 -0.000550 -0.383941 0.923357 4.265200 0.000000 0.000000 0.000000 1.000000
0.997813 0.007761 0.065640 -0.001100 -0.031232 0.930581 0.364752 9.868400 -0.058252 -0.366004 0.928788 4.265200 0.000000 0.000000 0.000000 1.000000
0.992830 0.016880 0.118337 -0.001100 -0.056184 0.939708 0.337331 9.868400 -0.105508 -0.341561 0.933919 4.265200 0.000000 0.000000 0.000000 1.000000
0.988224 0.019012 0.151831 -0.001100 -0.065682 0.948894 0.308685 9.868400 -0.138202 -0.315023 0.938968 4.265200 0.000000 0.000000 0.000000 1.000000
0.986135 0.015508 0.165222 -0.001100 -0.064054 0.954038 0.292762 9.868400 -0.153088 -0.299285 0.941803 4.265200 0.000000 0.000000 0.000000 1.000000
0.985752 0.018402 0.167196 -0.001100 -0.066466 0.955718 0.286679 9.868400 -0.154516 -0.293707 0.943324 4.265200 0.000000 0.000000 0.000000 1.000000
0.986663 0.027741 0.160394 -0.001100 -0.074516 0.953034 0.293553 9.868400 -0.144718 -0.301589 0.942391 4.265200 0.000000 0.000000 0.000000 1.000000
0.988771 0.034332 0.145442 -0.001100 -0.078639 0.947138 0.311038 9.868400 -0.127075 -0.318983 0.939203 4.265200 0.000000 0.000000 0.000000 1.000000
0.991344 0.040787 0.124796 -0.001100 -0.080322 0.940299 0.330737 9.868400 -0.103856 -0.337898 0.935435 4.265200 0.000000 0.000000 0.000000 1.000000
0.994087 0.044981 0.098828 -0.001100 -0.076507 0.936017 0.343539 9.868400 -0.077052 -0.349069 0.933924 4.265200 0.000000 0.000000 0.000000 1.000000
0.996250 0.047021 0.072628 -0.001100 -0.069685 0.933610 0.351449 9.868400 -0.051281 -0.355192 0.933386 4.265200 0.000000 0.000000 0.000000 1.000000
0.997354 0.054959 0.047593 -0.001100 -0.068479 0.930018 0.361077 9.868400 -0.024418 -0.363381 0.931321 4.265200 0.000000 0.000000 0.000000 1.000000
0.997940 0.058921 0.025358 -0.001100 -0.064119 0.927844 0.367416 9.868400 -0.001880 -0.368286 0.929711 4.265200 0.000000 0.000000 0.000000 1.000000
0.998555 0.053504 -0.005053 -0.001100 -0.047730 0.926127 0.374180 9.868400 0.024700 -0.373398 0.927342 4.265200 0.000000 0.000000 0.000000 1.000000
0.997638 0.040515 -0.055478 -0.001100 -0.016861 0.927284 0.373980 9.868400 0.066595 -0.372161 0.925776 4.265200 0.000000 0.000000 0.000000 1.000000
0.992629 0.024243 -0.118747 -0.001100 0.019605 0.934768 0.354716 9.868400 0.119600 -0.354430 0.927402 4.265200 0.000000 0.000000 0.000000 1.000000</float_array>
        <technique_common>
          <accessor source="#mixamorig_Head-Matrix-animation-output-transform-array" count="27" stride="16">
            <param type="float4x4"/>
          </accessor>
        </technique_common>
      </source>
      <source id="mixamorig_Head-Interpolations">
        <Name_array id="mixamorig_Head-Interpolations-array" count="27">
 LINEAR LINEAR LINEAR LINEAR LINEAR LINEAR LINEAR LINEAR LINEAR LINEAR LINEAR
LINEAR LINEAR LINEAR LINEAR LINEAR LINEAR LINEAR LINEAR LINEAR LINEAR LINEAR LINEAR
LINEAR LINEAR LINEAR LINEAR</Name_array>
        <technique_common>
          <accessor source="#mixamorig_Head-Interpolations-array" count="27">
            <param type="name"/>
          </accessor>
        </technique_common>
      </source>
      <sampler id="mixamorig_Head-Matrix-animation-transform">
        <input semantic="INPUT" source="#mixamorig_Head-Matrix-animation-input"/>
        <input semantic="OUTPUT" source="#mixamorig_Head-Matrix-animation-output-transform"/>
        <input semantic="INTERPOLATION" source="#mixamorig_Head-Interpolations"/>
      </sampler>
      <channel source="#mixamorig_Head-Matrix-animation-transform" target="mixamorig_Head/matrix"/>
    </animation>
    <animation id="mixamorig_LeftShoulder-anim" name="mixamorig_LeftShoulder">
      <source id="mixamorig_LeftShoulder-Matrix-animation-input">
        <float_array id="mixamorig_LeftShoulder-Matrix-animation-input-array" count="27">

0.000000 0.033333 0.066667 0.100000 0.133333 0.166667 0.200000 0.233333 0.266667 0.300000 0.333333 0.366667 0.400000 0.433333 0.466667 0.500000
0.533333 0.566667 0.600000 0.633333 0.666667 0.700000 0.733333 0.766667 0.800000 0.833333 0.866667</float_array>
        <technique_common>
          <accessor source="#mixamorig_LeftShoulder-Matrix-animation-input-array" count="27">
            <param name="TIME" type="float"/>
          </accessor>
        </technique_common>
      </source>
      <source id="mixamorig_LeftShoulder-Matrix-animation-output-transform">
        <float_array id="mixamorig_LeftShoulder-Matrix-animation-output-transform-array" count="432">

0.126375 0.985835 -0.110268 6.211400 0.242875 -0.138525 -0.960116 13.693400 -0.961791 0.094553 -0.256940 -0.924400 0.000000 0.000000 0.000000 1.000000
0.125589 0.986765 -0.102582 6.211400 0.242346 -0.130783 -0.961335 13.693400 -0.962027 0.095873 -0.255563 -0.924400 0.000000 0.000000 0.000000 1.000000
0.119711 0.988761 -0.089563 6.211400 0.241361 -0.116490 -0.963418 13.693400 -0.963023 0.093715 -0.252593 -0.924400 0.000000 0.000000 0.000000 1.000000
0.116948 0.989554 -0.084301 6.211400 0.240958 -0.110619 -0.964211 13.693400 -0.963464 0.092449 -0.251377 -0.924400 0.000000 0.000000 0.000000 1.000000
0.124366 0.987475 -0.097093 6.211400 0.242423 -0.125126 -0.962068 13.693400 -0.962166 0.096111 -0.254948 -0.924400 0.000000 0.000000 0.000000 1.000000
0.146015 0.980340 -0.132711 6.211400 0.245931 -0.165908 -0.954983 13.693400 -0.958226 0.106804 -0.265321 -0.924400 0.000000 0.000000 0.000000 1.000000
0.168136 0.971110 -0.169340 6.211400 0.248963 -0.208050 -0.945903 13.693400 -0.953807 0.116881 -0.276751 -0.924400 0.000000 0.000000 0.000000 1.000000
0.184471 0.963623 -0.193393 6.211400 0.251223 -0.236464 -0.938601 13.693400 -0.950188 0.124559 -0.285705 -0.924400 0.000000 0.000000 0.000000 1.000000
0.194148 0.959362 -0.204769 6.211400 0.252437 -0.250571 -0.934607 13.693400 -0.947936 0.129761 -0.290826 -0.924400 0.000000 0.000000 0.000000 1.000000
0.182112 0.963407 -0.196679 6.211400 0.251503 -0.239009 -0.937881 13.693400 -0.950569 0.121334 -0.285826 -0.924400 0.000000 0.000000 0.000000 1.000000
0.150972 0.973392 -0.172381 6.211400 0.247954 -0.206093 -0.946596 13.693400 -0.956936 0.100167 -0.272471 -0.924400 0.000000 0.000000 0.000000 1.000000
0.117802 0.982400 -0.144956 6.211400 0.243019 -0.170054 -0.954999 13.693400 -0.962842 0.077274 -0.258775 -0.924400 0.000000 0.000000 0.000000 1.000000
