<?xml version="1.0" encoding="utf-8"?>
<COLLADA xmlns="http://www.collada.org/2005/11/COLLADASchema" version="1.4.1">
  <asset>
    <contributor>
      <author>Mixamo</author>
      <authoring_tool>COLLADA Mixamo exporter</authoring_tool>
      <comments/>
    </contributor>
    <created>2026-01-30T03:48:36Z</created>
    <modified>2026-01-30T03:48:36Z</modified>
    <revision/>
    <title/>
    <unit meter="0.010000"/>
    <up_axis>Y_UP</up_axis>
  </asset>
  <library_animations>
    <animation id="mixamorig_Hips-anim" name="mixamorig_Hips">
      <source id="mixamorig_Hips-Matrix-animation-input">
        <float_array id="mixamorig_Hips-Matrix-animation-input-array" count="78">

0.000000 0.033333 0.066667 0.100000 0.133333 0.166667 0.200000 0.233333 0.266667 0.300000 0.333333 0.366667 0.400000 0.433333 0.466667 0.500000
0.533333 0.566667 0.600000 0.633333 0.666667 0.700000 0.733333 0.766667 0.800000 0.833333 0.866667 0.900000 0.933333 0.966667 1.000000 1.033333
1.066667 1.100000 1.133333 1.166667 1.200000 1.233333 1.266667 1.300000 1.333333 1.366667 1.400000 1.433333 1.466667 1.500000 1.533333 1.566667
1.600000 1.633333 1.666667 1.700000 1.733333 1.766667 1.800000 1.833333 1.866667 1.900000 1.933333 1.966667 2.000000 2.033333 2.066667 2.100000
2.133333 2.166667 2.200000 2.233333 2.266667 2.300000 2.333333 2.366667 2.400000 2.433333 2.466667 2.500000 2.533333 2.566667</float_array>
        <technique_common>
          <accessor source="#mixamorig_Hips-Matrix-animation-input-array" count="78">
            <param name="TIME" type="float"/>
          </accessor>
        </technique_common>
      </source>
      <source id="mixamorig_Hips-Matrix-animation-output-transform">
        <float_array id="mixamorig_Hips-Matrix-animation-output-transform-array" count="1248">

0.990708 0.123328 -0.057342 0.295443 -0.107300 0.967809 0.227666 153.756836 0.083574 -0.219398 0.972049 -0.061872 0.000000 0.000000 0.000000 1.000000
0.990887 0.115497 -0.069304 -0.296256 -0.096339 0.967302 0.234619 153.189835 0.094135 -0.225804 0.969614 0.571014 0.000000 0.000000 0.000000 1.000000
0.992128 0.092394 -0.084533 -1.067602 -0.069517 0.967806 0.241907 152.217300 0.104163 -0.234127 0.966610 1.348052 0.000000 0.000000 0.000000 1.000000
0.993213 0.069100 -0.093563 -1.899796 -0.043942 0.967705 0.248226 151.089371 0.107694 -0.242430 0.964173 2.317446 0.000000 0.000000 0.000000 1.000000
0.994419 0.053884 -0.090703 -2.732344 -0.029328 0.967035 0.252948 149.926346 0.101343 -0.248876 0.963219 3.460599 0.000000 0.000000 0.000000 1.000000
0.996023 0.042626 -0.078241 -3.577546 -0.021209 0.966320 0.256468 148.870178 0.086538 -0.253789 0.963381 4.654545 0.000000 0.000000 0.000000 1.000000
0.997764 0.026391 -0.061410 -4.525296 -0.009577 0.965718 0.259418 148.026794 0.066151 -0.258249 0.963811 5.790382 0.000000 0.000000 0.000000 1.000000
0.999106 0.003815 -0.042096 -5.621489 0.007374 0.964914 0.262461 147.436432 0.041620 -0.262537 0.964024 6.875453 0.000000 0.000000 0.000000 1.000000
0.999746 -0.013324 -0.018180 -6.759528 0.017691 0.963629 0.266658 147.111435 0.013966 -0.266912 0.963620 8.024832 0.000000 0.000000 0.000000 1.000000
0.999877 -0.009229 0.012665 -7.779675 0.005420 0.961967 0.273112 147.064072 -0.014704 -0.273010 0.961899 9.339781 0.000000 0.000000 0.000000 1.000000
0.998600 0.019796 0.049053 -8.662898 -0.032871 0.958778 0.282247 147.368179 -0.041443 -0.283465 0.958087 10.806498 0.000000 0.000000 0.000000 1.000000
0.994489 0.059938 0.086021 -9.569366 -0.082807 0.952271 0.293806 148.115906 -0.064306 -0.299310 0.951986 12.314524 0.000000 0.000000 0.000000 1.000000
0.988484 0.092643 0.119655 -10.632764 -0.125606 0.943283 0.307312 149.312851 -0.084398 -0.318802 0.944056 13.777676 0.000000 0.000000 0.000000 1.000000
0.982494 0.109927 0.150404 -11.760195 -0.153857 0.934018 0.322395 150.858932 -0.105040 -0.339891 0.934580 15.218213 0.000000 0.000000 0.000000 1.000000
0.976900 0.114796 0.180244 -12.676838 -0.171306 0.924918 0.339383 152.641342 -0.127751 -0.362420 0.923218 16.708511 0.000000 0.000000 0.000000 1.000000
0.971898 0.111318 0.207421 -13.139730 -0.181632 0.915126 0.359936 154.641266 -0.149749 -0.387495 0.909628 18.260729 0.000000 0.000000 0.000000 1.000000
0.969024 0.099021 0.226248 -13.105268 -0.182625 0.904015 0.386529 156.876953 -0.166257 -0.415875 0.894096 19.805853 0.000000 0.000000 0.000000 1.000000
0.969608 0.075557 0.232706 -12.722561 -0.170357 0.891171 0.420468 159.236328 -0.175612 -0.447332 0.876958 21.254093 0.000000 0.000000 0.000000 1.000000
0.972529 0.041560 0.229043 -12.191594 -0.145727 0.875974 0.459819 161.455475 -0.181525 -0.480565 0.857966 22.555901 0.000000 0.000000 0.000000 1.000000
0.975090 0.002919 0.221789 -11.634739 -0.116121 0.858657 0.499223 163.252914 -0.188984 -0.512542 0.837607 23.729742 0.000000 0.000000 0.000000 1.000000
0.976077 -0.030942 0.215214 -11.084363 -0.090612 0.841883 0.531999 164.462234 -0.197646 -0.538772 0.818939 24.842215 0.000000 0.000000 0.000000 1.000000
0.976862 -0.053057 0.207185 -10.547641 -0.072222 0.829998 0.553071 165.084259 -0.201308 -0.555237 0.806961 25.940390 0.000000 0.000000 0.000000 1.000000
0.979251 -0.066049 0.191584 -10.056432 -0.054024 0.826095 0.560936 165.229050 -0.195316 -0.559647 0.805386 27.005432 0.000000 0.000000 0.000000 1.000000
0.982852 -0.081911 0.165204 -9.661669 -0.024699 0.829368 0.558156 165.006500 -0.182734 -0.552665 0.813123 27.997116 0.000000 0.000000 0.000000 1.000000
0.984948 -0.110239 0.133136 -9.380724 0.018976 0.834534 0.550629 164.476837 -0.171807 -0.539815 0.824064 28.937527 0.000000 0.000000 0.000000 1.000000
0.983471 -0.146085 0.106977 -9.161246 0.064810 0.835683 0.545374 163.674377 -0.169070 -0.529426 0.831338 29.919811 0.000000 0.000000 0.000000 1.000000
0.980062 -0.173712 0.096453 -8.944810 0.093656 0.832007 0.546803 162.642181 -0.175236 -0.526868 0.831687 31.019232 0.000000 0.000000 0.000000 1.000000
0.977820 -0.182354 0.103026 -8.762148 0.095901 0.827119 0.553785 161.443146 -0.186199 -0.531622 0.826262 32.200974 0.000000 0.000000 0.000000 1.000000
0.977272 -0.173747 0.121453 -8.689069 0.076912 0.824492 0.560623 160.178467 -0.197543 -0.538540 0.819116 33.331596 0.000000 0.000000 0.000000 1.000000
0.976972 -0.156014 0.145553 -8.734292 0.048292 0.826149 0.561378 158.942062 -0.207831 -0.541422 0.814659 34.309624 0.000000 0.000000 0.000000 1.000000
0.975930 -0.135457 0.170914 -8.829474 0.018613 0.832589 0.553579 157.753189 -0.217288 -0.537073 0.815070 35.164768 0.000000 0.000000 0.000000 1.000000
0.974464 -0.114736 0.193017 -8.882067 -0.007534 0.842407 0.538789 156.630112 -0.224417 -0.526485 0.820031 35.971558 0.000000 0.000000 0.000000 1.000000
0.973763 -0.096180 0.206241 -8.847984 -0.026008 0.853321 0.520737 155.660660 -0.226074 -0.512438 0.828431 36.734787 0.000000 0.000000 0.000000 1.000000
0.974913 -0.083355 0.206389 -8.733541 -0.032588 0.863788 0.502800 154.978516 -0.220187 -0.496913 0.839402 37.389771 0.000000 0.000000 0.000000 1.000000
0.977958 -0.078518 0.193477 -8.544938 -0.026102 0.873362 0.486372 154.656296 -0.207164 -0.480701 0.852062 37.881256 0.000000 0.000000 0.000000 1.000000
0.982177 -0.078731 0.170677 -8.245441 -0.011105 0.882153 0.470833 154.663055 -0.187632 -0.464336 0.865555 38.199986 0.000000 0.000000 0.000000 1.000000
0.987067 -0.076454 0.140906 -7.772233 0.004050 0.890565 0.454839 154.920135 -0.160260 -0.448385 0.879356 38.356400 0.000000 0.000000 0.000000 1.000000
0.992173 -0.066315 0.105811 -7.100243 0.013400 0.898987 0.437771 155.367645 -0.124154 -0.432927 0.892838 38.360493 0.000000 0.000000 0.000000 1.000000
0.996360 -0.051597 0.067860 -6.291253 0.018358 0.907216 0.420264 155.981369 -0.083248 -0.417489 0.904861 38.229160 0.000000 0.000000 0.000000 1.000000
0.998616 -0.042115 0.031499 -5.468204 0.025837 0.914547 0.403654 156.731201 -0.045807 -0.402282 0.914369 37.985477 0.000000 0.000000 0.000000 1.000000
0.999002 -0.044662 0.000836 -4.702353 0.040818 0.920313 0.389048 157.549347 -0.018145 -0.388626 0.921217 37.634468 0.000000 0.000000 0.000000 1.000000
0.998112 -0.056823 -0.023323 -3.931843 0.061423 0.924284 0.376732 158.414642 0.000150 -0.377453 0.926029 37.133533 0.000000 0.000000 0.000000 1.000000
0.996476 -0.072292 -0.042545 -3.074104 0.082876 0.926802 0.366292 159.277603 0.012951 -0.368527 0.929527 36.422573 0.000000 0.000000 0.000000 1.000000
0.994463 -0.087176 -0.058678 -2.081045 0.102470 0.928239 0.357593 160.154892 0.023293 -0.361626 0.932032 35.435471 0.000000 0.000000 0.000000 1.000000
0.992269 -0.100794 -0.072408 -0.971981 0.119975 0.928334 0.351856 161.102951 0.031754 -0.357823 0.933249 34.166645 0.000000 0.000000 0.000000 1.000000
0.990069 -0.113160 -0.083414 0.172531 0.135496 0.926266 0.351671 162.152069 0.037468 -0.359481 0.932400 32.697838 0.000000 0.000000 0.000000 1.000000
0.988086 -0.123502 -0.091828 1.244060 0.148560 0.921219 0.359562 163.283386 0.040187 -0.368920 0.928592 31.150747 0.000000 0.000000 0.000000 1.000000
0.986568 -0.129588 -0.099447 2.142882 0.157853 0.912922 0.376373 164.504852 0.042013 -0.387016 0.921116 29.620897 0.000000 0.000000 0.000000 1.000000
0.985692 -0.128884 -0.108631 2.796778 0.162088 0.901602 0.401051 165.912949 0.046253 -0.412920 0.909592 28.151255 0.000000 0.000000 0.000000 1.000000
0.985488 -0.121378 -0.118665 3.188819 0.161302 0.887373 0.431915 167.685364 0.052875 -0.444788 0.894074 26.726631 0.000000 0.000000 0.000000 1.000000
0.986078 -0.111599 -0.123268 3.363705 0.156914 0.869819 0.467754 169.976334 0.055020 -0.480585 0.875221 25.297293 0.000000 0.000000 0.000000 1.000000
0.987899 -0.106152 -0.113081 3.404612 0.149273 0.848676 0.507412 172.744278 0.042106 -0.518151 0.854252 23.841557 0.000000 0.000000 0.000000 1.000000
0.990693 -0.107774 -0.083144 3.381897 0.135785 0.825201 0.548275 175.602036 0.009520 -0.554462 0.832155 22.362137 0.000000 0.000000 0.000000 1.000000
0.992813 -0.112914 -0.039659 3.298250 0.114669 0.802662 0.585307 177.965622 -0.034257 -0.585648 0.809841 20.772362 0.000000 0.000000 0.000000 1.000000
0.993284 -0.115675 0.002611 3.171133 0.089890 0.785682 0.612065 179.443726 -0.072852 -0.607719 0.790803 18.877401 0.000000 0.000000 0.000000 1.000000
0.993044 -0.113601 0.030959 3.064511 0.069714 0.779168 0.622926 180.049255 -0.094888 -0.616435 0.781668 16.549244 0.000000 0.000000 0.000000 1.000000
0.993018 -0.110256 0.041927 2.990070 0.061323 0.786161 0.614972 180.067017 -0.100766 -0.608107 0.787434 13.884480 0.000000 0.000000 0.000000 1.000000
0.992976 -0.111386 0.039887 2.891051 0.066611 0.804954 0.589586 179.757507 -0.097779 -0.582788 0.806720 11.166637 0.000000 0.000000 0.000000 1.000000
0.992456 -0.118587 0.031117 2.727074 0.081661 0.828711 0.553688 179.162170 -0.091447 -0.546970 0.832143 8.666525 0.000000 0.000000 0.000000 1.000000
0.991577 -0.128120 0.018990 2.540192 0.099829 0.849426 0.518179 178.135468 -0.082519 -0.511918 0.855062 6.479209 0.000000 0.000000 0.000000 1.000000
0.990753 -0.135616 0.004106 2.430081 0.116086 0.862962 0.491753 176.571579 -0.070233 -0.486729 0.870725 4.538145 0.000000 0.000000 0.000000 1.000000
0.989844 -0.141627 -0.012297 2.442524 0.130468 0.870675 0.474240 174.544220 -0.056458 -0.471028 0.880310 2.757815 0.000000 0.000000 0.000000 1.000000
0.987967 -0.152282 -0.027034 2.495808 0.147697 0.877080 0.457074 172.226166 -0.045893 -0.455567 0.889018 1.154038 0.000000 0.000000 0.000000 1.000000
0.984370 -0.172141 -0.037182 2.454341 0.171192 0.885759 0.431420 169.791824 -0.041331 -0.431042 0.901385 -0.181216 0.000000 0.000000 0.000000 1.000000
0.979733 -0.195815 -0.042175 2.290602 0.196340 0.897116 0.395769 167.417816 -0.039662 -0.396029 0.917381 -1.200835 0.000000 0.000000 0.000000 1.000000
0.976769 -0.209797 -0.043664 2.129300 0.211424 0.910244 0.356027 165.262054 -0.034948 -0.356988 0.933455 -1.947447 0.000000 0.000000 0.000000 1.000000
0.977951 -0.204140 -0.044038 2.098008 0.207395 0.924633 0.319439 163.389221 -0.024491 -0.321529 0.946583 -2.492866 0.000000 0.000000 0.000000 1.000000
0.982569 -0.180294 -0.045310 2.189083 0.185652 0.939048 0.289349 161.769409 -0.009619 -0.292717 0.956151 -2.876655 0.000000 0.000000 0.000000 1.000000
0.987883 -0.147226 -0.049107 2.302023 0.155008 0.951673 0.265126 160.358383 0.007700 -0.269525 0.962963 -3.094585 0.000000 0.000000 0.000000 1.000000
0.992048 -0.112580 -0.056275 2.368193 0.123037 0.961645 0.245156 159.150940 0.026517 -0.250130 0.967849 -3.128806 0.000000 0.000000 0.000000 1.000000
0.994724 -0.079034 -0.065410 2.382741 0.092051 0.969080 0.228933 158.155914 0.045294 -0.233746 0.971242 -2.988288 0.000000 0.000000 0.000000 1.000000
0.996254 -0.046973 -0.072600 2.343745 0.061754 0.974194 0.217102 157.348602 0.060528 -0.220772 0.973445 -2.720850 0.000000 0.000000 0.000000 1.000000
0.997100 -0.016947 -0.074194 2.221222 0.032270 0.977060 0.210506 156.673889 0.068924 -0.212290 0.974773 -2.385858 0.000000 0.000000 0.000000 1.000000
0.997477 0.011771 -0.070011 1.997217 0.003142 0.977873 0.209178 156.087753 0.070924 -0.208870 0.975368 -2.016140 0.000000 0.000000 0.000000 1.000000
0.997105 0.042508 -0.063047 1.692784 -0.028253 0.976900 0.211823 155.567261 0.070594 -0.209429 0.975272 -1.609267 0.000000 0.000000 0.000000 1.000000
0.995431 0.076885 -0.056618 1.326459 -0.062940 0.974267 0.216430 155.068359 0.071801 -0.211877 0.974655 -1.149249 0.000000 0.000000 0.000000 1.000000
0.992689 0.108146 -0.053598 0.875771 -0.093769 0.970595 0.221704 154.501450 0.075998 -0.215057 0.973640 -0.629610 0.000000 0.000000 0.000000 1.000000
0.990708 0.123328 -0.057342 0.295443 -0.107300 0.967809 0.227666 153.756836 0.083574 -0.219398 0.972049 -0.061874 0.000000 0.000000 0.000000 1.000000</float_array>
        <technique_common>
          <accessor source="#mixamorig_Hips-Matrix-animation-output-transform-array" count="78" stride="16">
            <param type="float4x4"/>
          </accessor>
        </technique_common>
      </source>
      <source id="mixamorig_Hips-Interpolations">
        <Name_array id="mixamorig_Hips-Interpolations-array" count="78">
 LINEAR LINEAR LINEAR LINEAR LINEAR LINEAR LINEAR LINEAR LINEAR LINEAR LINEAR
LINEAR LINEAR LINEAR LINEAR LINEAR LINEAR LINEAR LINEAR LINEAR LINEAR LINEAR LINEAR
LINEAR LINEAR LINEAR LINEAR LINEAR LINEAR LINEAR LINEAR LINEAR LINEAR LINEAR LINEAR
LINEAR LINEAR LINEAR LINEAR LINEAR LINEAR LINEAR LINEAR LINEAR LINEAR LINEAR LINEAR
LINEAR LINEAR LINEAR LINEAR LINEAR LINEAR LINEAR LINEAR LINEAR LINEAR LINEAR LINEAR
LINEAR LINEAR LINEAR LINEAR LINEAR LINEAR LINEAR LINEAR LINEAR LINEAR LINEAR LINEAR
LINEAR LINEAR LINEAR LINEAR LINEAR LINEAR LINEAR</Name_array>
        <technique_common>
          <accessor source="#mixamorig_Hips-Interpolations-array" count="78">
            <param type="name"/>
          </accessor>
        </technique_common>
      </source>
      <sampler id="mixamorig_Hips-Matrix-animation-transform">
        <input semantic="INPUT" source="#mixamorig_Hips-Matrix-animation-input"/>
        <input semantic="OUTPUT" source="#mixamorig_Hips-Matrix-animation-output-transform"/>
        <input semantic="INTERPOLATION" source="#mixamorig_Hips-Interpolations"/>
      </sampler>
      <channel source="#mixamorig_Hips-Matrix-animation-transform" target="mixamorig_Hips/matrix"/>
    </animation>
    <animation id="mixamorig_Spine-anim" name="mixamorig_Spine">
      <source id="mixamorig_Spine-Matrix-animation-input">
        <float_array id="mixamorig_Spine-Matrix-animation-input-array" count="78">

0.000000 0.033333 0.066667 0.100000 0.133333 0.166667 0.200000 0.233333 0.266667 0.300000 0.333333 0.366667 0.400000 0.433333 0.466667 0.500000
0.533333 0.566667 0.600000 0.633333 0.666667 0.700000 0.733333 0.766667 0.800000 0.833333 0.866667 0.900000 0.933333 0.966667 1.000000 1.033333
1.066667 1.100000 1.133333 1.166667 1.200000 1.233333 1.266667 1.300000 1.333333 1.366667 1.400000 1.433333 1.466667 1.500000 1.533333 1.566667
1.600000 1.633333 1.666667 1.700000 1.733333 1.766667 1.800000 1.833333 1.866667 1.900000 1.933333 1.966667 2.000000 2.033333 2.066667 2.100000
2.133333 2.166667 2.200000 2.233333 2.266667 2.300000 2.333333 2.366667 2.400000 2.433333 2.466667 2.500000 2.533333 2.566667</float_array>
        <technique_common>
          <accessor source="#mixamorig_Spine-Matrix-animation-input-array" count="78">
            <param name="TIME" type="float"/>
          </accessor>
        </technique_common>
      </source>
      <source id="mixamorig_Spine-Matrix-animation-output-transform">
        <float_array id="mixamorig_Spine-Matrix-animation-output-transform-array" count="1248">

0.995887 0.076880 -0.047949 0.000400 -0.075266 0.996562 0.034619 10.664600 0.050446 -0.030868 0.998250 -0.060300 0.000000 0.000000 0.000000 1.000000
0.994605 0.085017 -0.059445 0.000400 -0.083218 0.996014 0.032122 10.664600 0.061939 -0.027002 0.997715 -0.060300 0.000000 0.000000 0.000000 1.000000
0.992271 0.103832 -0.067949 0.000400 -0.101978 0.994328 0.030214 10.664600 0.070701 -0.023051 0.997231 -0.060300 0.000000 0.000000 0.000000 1.000000
0.989843 0.121999 -0.072993 0.000400 -0.120121 0.992318 0.029603 10.664600 0.076044 -0.020535 0.996893 -0.060300 0.000000 0.000000 0.000000 1.000000
0.988064 0.134339 -0.075386 0.000400 -0.132390 0.990734 0.030316 10.664600 0.078760 -0.019974 0.996693 -0.060300 0.000000 0.000000 0.000000 1.000000
0.986187 0.146712 -0.076878 0.000400 -0.144685 0.988982 0.031325 10.664600 0.080626 -0.019769 0.996548 -0.060300 0.000000 0.000000 0.000000 1.000000
0.982678 0.168274 -0.077633 0.000400 -0.166287 0.985576 0.031435 10.664600 0.081803 -0.017981 0.996486 -0.060300 0.000000 0.000000 0.000000 1.000000
0.977003 0.199046 -0.076462 0.000400 -0.197301 0.979889 0.029812 10.664600 0.080858 -0.014041 0.996627 -0.060300 0.000000 0.000000 0.000000 1.000000
0.971336 0.225896 -0.074007 0.000400 -0.224581 0.974115 0.025739 10.664600 0.077905 -0.008381 0.996926 -0.060300 0.000000 0.000000 0.000000 1.000000
0.969622 0.233375 -0.073279 0.000400 -0.232609 0.972386 0.018945 10.664600 0.075677 -0.001324 0.997132 -0.060300 0.000000 0.000000 0.000000 1.000000
0.972837 0.218586 -0.076210 0.000400 -0.218431 0.975796 0.010459 10.664600 0.076652 0.006472 0.997037 -0.060300 0.000000 0.000000 0.000000 1.000000
0.977573 0.194194 -0.081491 0.000400 -0.194652 0.980869 0.002353 10.664600 0.080389 0.013562 0.996671 -0.060300 0.000000 0.000000 0.000000 1.000000
0.980553 0.176051 -0.086723 0.000400 -0.177077 0.984188 -0.004227 10.664600 0.084608 0.019502 0.996223 -0.060300 0.000000 0.000000 0.000000 1.000000
0.981363 0.169413 -0.090700 0.000400 -0.171038 0.985209 -0.010401 10.664600 0.087596 0.025721 0.995824 -0.060300 0.000000 0.000000 0.000000 1.000000
0.981483 0.168401 -0.091276 0.000400 -0.170679 0.985168 -0.017696 10.664600 0.086942 0.032947 0.995668 -0.060300 0.000000 0.000000 0.000000 1.000000
0.982851 0.165458 -0.081407 0.000400 -0.167958 0.985481 -0.024841 10.664600 0.076115 0.038088 0.996371 -0.060300 0.000000 0.000000 0.000000 1.000000
0.986240 0.157374 -0.050643 0.000400 -0.158915 0.986896 -0.027977 10.664600 0.045576 0.035639 0.998325 -0.060300 0.000000 0.000000 0.000000 1.000000
0.989597 0.143753 0.005662 0.000400 -0.143567 0.989316 -0.025340 10.664600 -0.009244 0.024264 0.999663 -0.060300 0.000000 0.000000 0.000000 1.000000
0.989173 0.124972 0.076932 0.000400 -0.123672 0.992091 -0.021459 10.664600 -0.079005 0.011713 0.996805 -0.060300 0.000000 0.000000 0.000000 1.000000
0.984802 0.104277 0.138893 0.000400 -0.101812 0.994496 -0.024759 10.664600 -0.140710 0.010242 0.989998 -0.060300 0.000000 0.000000 0.000000 1.000000
0.981712 0.089446 0.168052 0.000400 -0.083952 0.995685 -0.039534 10.664600 -0.170863 0.024702 0.984985 -0.060300 0.000000 0.000000 0.000000 1.000000
0.983488 0.089624 0.157222 0.000400 -0.080875 0.994844 -0.061196 10.664600 -0.161896 0.047470 0.985665 -0.060300 0.000000 0.000000 0.000000 1.000000
0.986711 0.109950 0.119631 0.000400 -0.100819 0.991692 -0.079889 10.664600 -0.127421 0.066766 0.989599 -0.060300 0.000000 0.000000 0.000000 1.000000
0.985918 0.147344 0.079088 0.000400 -0.140261 0.986134 -0.088697 10.664600 -0.091060 0.076355 0.992914 -0.060300 0.000000 0.000000 0.000000 1.000000
0.980213 0.190565 0.053555 0.000400 -0.185423 0.978659 -0.088576 10.664600 -0.069291 0.076893 0.994629 -0.060300 0.000000 0.000000 0.000000 1.000000
0.973104 0.225812 0.045589 0.000400 -0.221424 0.971433 -0.085381 10.664600 -0.063567 0.072990 0.995305 -0.060300 0.000000 0.000000 0.000000 1.000000
0.968594 0.244304 0.046272 0.000400 -0.239949 0.967174 -0.083662 10.664600 -0.065192 0.069931 0.995419 -0.060300 0.000000 0.000000 0.000000 1.000000
0.968003 0.246726 0.045780 0.000400 -0.242373 0.966530 -0.084111 10.664600 -0.065000 0.070323 0.995404 -0.060300 0.000000 0.000000 0.000000 1.000000
0.969667 0.241089 0.040275 0.000400 -0.237072 0.967746 -0.085228 10.664600 -0.059524 0.073095 0.995547 -0.060300 0.000000 0.000000 0.000000 1.000000
0.971229 0.236108 0.031113 0.000400 -0.232772 0.968768 -0.085471 10.664600 -0.050322 0.075770 0.995855 -0.060300 0.000000 0.000000 0.000000 1.000000
0.971529 0.236042 0.020376 0.000400 -0.233597 0.968709 -0.083874 10.664600 -0.039536 0.076726 0.996268 -0.060300 0.000000 0.000000 0.000000 1.000000
0.970625 0.240441 0.008712 0.000400 -0.239003 0.967719 -0.079990 10.664600 -0.027663 0.075558 0.996758 -0.060300 0.000000 0.000000 0.000000 1.000000
0.968893 0.247448 -0.004023 0.000400 -0.247059 0.966162 -0.074115 10.664600 -0.014453 0.072804 0.997242 -0.060300 0.000000 0.000000 0.000000 1.000000
0.966617 0.255643 -0.017291 0.000400 -0.256226 0.964266 -0.067376 10.664600 -0.000551 0.069557 0.997578 -0.060300 0.000000 0.000000 0.000000 1.000000
0.964385 0.262862 -0.029406 0.000400 -0.264220 0.962519 -0.061196 10.664600 0.012218 0.066787 0.997692 -0.060300 0.000000 0.000000 0.000000 1.000000
0.963714 0.264206 -0.038083 0.000400 -0.266054 0.962293 -0.056636 10.664600 0.021683 0.064713 0.997668 -0.060300 0.000000 0.000000 0.000000 1.000000
0.966438 0.253513 -0.041574 0.000400 -0.255539 0.965280 -0.054168 10.664600 0.026399 0.062974 0.997666 -0.060300 0.000000 0.000000 0.000000 1.000000
0.972686 0.228689 -0.039787 0.000400 -0.230622 0.971559 -0.053732 10.664600 0.026367 0.061440 0.997762 -0.060300 0.000000 0.000000 0.000000 1.000000
0.980083 0.195562 -0.034533 0.000400 -0.197241 0.978824 -0.054763 10.664600 0.023092 0.060484 0.997902 -0.060300 0.000000 0.000000 0.000000 1.000000
0.985899 0.164889 -0.028536 0.000400 -0.166281 0.984468 -0.056337 10.664600 0.018804 0.060287 0.998004 -0.060300 0.000000 0.000000 0.000000 1.000000
0.989286 0.144068 -0.023597 0.000400 -0.145214 0.987722 -0.057608 10.664600 0.015008 0.060417 0.998060 -0.060300 0.000000 0.000000 0.000000 1.000000
0.991120 0.131554 -0.019377 0.000400 -0.132475 0.989471 -0.058289 10.664600 0.011505 0.060338 0.998112 -0.060300 0.000000 0.000000 0.000000 1.000000
0.992519 0.121184 -0.014858 0.000400 -0.121854 0.990813 -0.058669 10.664600 0.007611 0.060041 0.998167 -0.060300 0.000000 0.000000 0.000000 1.000000
0.994079 0.108261 -0.009294 0.000400 -0.108623 0.992312 -0.059311 10.664600 0.002802 0.059969 0.998196 -0.060300 0.000000 0.000000 0.000000 1.000000
0.995774 0.091803 -0.002369 0.000400 -0.091777 0.993919 -0.060849 10.664600 -0.003231 0.060810 0.998144 -0.060300 0.000000 0.000000 0.000000 1.000000
0.997274 0.073548 0.005933 0.000400 -0.073019 0.995268 -0.064103 10.664600 -0.010619 0.063495 0.997926 -0.060300 0.000000 0.000000 0.000000 1.000000
0.998285 0.056615 0.014912 0.000400 -0.055441 0.996008 -0.069960 10.664600 -0.018813 0.069014 0.997438 -0.060300 0.000000 0.000000 0.000000 1.000000
0.998812 0.043399 0.022174 0.000400 -0.041537 0.996049 -0.078494 10.664600 -0.025493 0.077480 0.996668 -0.060300 0.000000 0.000000 0.000000 1.000000
0.999132 0.034375 0.023523 0.000400 -0.032187 0.995616 -0.087817 10.664600 -0.026439 0.086983 0.995859 -0.060300 0.000000 0.000000 0.000000 1.000000
0.999455 0.029412 0.014962 0.000400 -0.027873 0.995152 -0.094319 10.664600 -0.017663 0.093850 0.995430 -0.060300 0.000000 0.000000 0.000000 1.000000
0.999518 0.030754 -0.004345 0.000400 -0.031027 0.994991 -0.095031 10.664600 0.001401 0.095120 0.995465 -0.060300 0.000000 0.000000 0.000000 1.000000
0.998567 0.043155 -0.031639 0.000400 -0.045862 0.994839 -0.090508 10.664600 0.027570 0.091830 0.995393 -0.060300 0.000000 0.000000 0.000000 1.000000
0.995627 0.069051 -0.062924 0.000400 -0.074309 0.993568 -0.085448 10.664600 0.056619 0.089750 0.994354 -0.060300 0.000000 0.000000 0.000000 1.000000
0.990066 0.104365 -0.094223 0.000400 -0.112498 0.989960 -0.085572 10.664600 0.084346 0.095322 0.991867 -0.060300 0.000000 0.000000 0.000000 1.000000
0.982756 0.139916 -0.120889 0.000400 -0.151510 0.984099 -0.092700 10.664600 0.105997 0.109418 0.988328 -0.060300 0.000000 0.000000 0.000000 1.000000
0.976317 0.167322 -0.137141 0.000400 -0.181999 0.977941 -0.102509 10.664600 0.116964 0.125041 0.985233 -0.060300 0.000000 0.000000 0.000000 1.000000
0.973039 0.184903 -0.137860 0.000400 -0.200251 0.973859 -0.107228 10.664600 0.114430 0.131944 0.984630 -0.060300 0.000000 0.000000 0.000000 1.000000
0.972624 0.197213 -0.122920 0.000400 -0.209970 0.972455 -0.101213 10.664600 0.099573 0.124252 0.987242 -0.060300 0.000000 0.000000 0.000000 1.000000
0.972814 0.208913 -0.099941 0.000400 -0.217559 0.972323 -0.085179 10.664600 0.079380 0.104607 0.991341 -0.060300 0.000000 0.000000 0.000000 1.000000
0.972063 0.220361 -0.080837 0.000400 -0.225799 0.971957 -0.065677 10.664600 0.064098 0.082095 0.994561 -0.060300 0.000000 0.000000 0.000000 1.000000
0.970536 0.229422 -0.073663 0.000400 -0.233339 0.971120 -0.049785 10.664600 0.060114 0.065507 0.996040 -0.060300 0.000000 0.000000 0.000000 1.000000
0.968352 0.237456 -0.076876 0.000400 -0.240926 0.969743 -0.039417 10.664600 0.065190 0.056691 0.996261 -0.060300 0.000000 0.000000 0.000000 1.000000
0.964449 0.251410 -0.081437 0.000400 -0.254559 0.966568 -0.030751 10.664600 0.070983 0.050388 0.996204 -0.060300 0.000000 0.000000 0.000000 1.000000
0.957730 0.276755 -0.078490 0.000400 -0.279012 0.960096 -0.019199 10.664600 0.070044 0.040287 0.996730 -0.060300 0.000000 0.000000 0.000000 1.000000
0.948955 0.308533 -0.065509 0.000400 -0.309476 0.950897 -0.004516 10.664600 0.060899 0.024559 0.997842 -0.060300 0.000000 0.000000 0.000000 1.000000
0.941995 0.332402 -0.046423 0.000400 -0.332340 0.943114 0.009262 10.664600 0.046861 0.006703 0.998879 -0.060300 0.000000 0.000000 0.000000 1.000000
0.941427 0.336107 -0.027326 0.000400 -0.335704 0.941789 0.018343 10.664600 0.031901 -0.008095 0.999458 -0.060300 0.000000 0.000000 0.000000 1.000000
0.947749 0.318782 -0.012291 0.000400 -0.318459 0.947664 0.022718 10.664600 0.018890 -0.017616 0.999666 -0.060300 0.000000 0.000000 0.000000 1.000000
0.957271 0.289185 -0.002067 0.000400 -0.289042 0.956980 0.025359 10.664600 0.009312 -0.023678 0.999676 -0.060300 0.000000 0.000000 0.000000 1.000000
0.966373 0.257101 0.004611 0.000400 -0.257125 0.965943 0.029002 10.664600 0.003003 -0.029212 0.999569 -0.060300 0.000000 0.000000 0.000000 1.000000
0.973749 0.227445 0.009018 0.000400 -0.227621 0.973152 0.034109 10.664600 -0.001018 -0.035266 0.999377 -0.060300 0.000000 0.000000 0.000000 1.000000
0.979552 0.200875 0.011306 0.000400 -0.201168 0.978769 0.039289 10.664600 -0.003174 -0.040760 0.999164 -0.060300 0.000000 0.000000 0.000000 1.000000
0.984203 0.176729 0.010548 0.000400 -0.177022 0.983274 0.042839 10.664600 -0.002801 -0.044029 0.999026 -0.060300 0.000000 0.000000 0.000000 1.000000
0.988078 0.153857 0.005440 0.000400 -0.153947 0.987105 0.043875 10.664600 0.001380 -0.044189 0.999022 -0.060300 0.000000 0.000000 0.000000 1.000000
0.991446 0.130432 -0.004670 0.000400 -0.130118 0.990581 0.042635 10.664600 0.010187 -0.041662 0.999080 -0.060300 0.000000 0.000000 0.000000 1.000000
0.994182 0.106075 -0.018720 0.000400 -0.105262 0.993635 0.040114 10.664600 0.022856 -0.037910 0.999020 -0.060300 0.000000 0.000000 0.000000 1.000000
0.995767 0.085399 -0.033996 0.000400 -0.084125 0.995757 0.037304 10.664600 0.037037 -0.034286 0.998726 -0.060300 0.000000 0.000000 0.000000 1.000000
0.995887 0.076880 -0.047949 0.000400 -0.075266 0.996562 0.034619 10.664600 0.050445 -0.030868 0.998250 -0.060300 0.000000 0.000000 0.000000 1.000000</float_array>
        <technique_common>
          <accessor source="#mixamorig_Spine-Matrix-animation-output-transform-array" count="78" stride="16">
            <param type="float4x4"/>
          </accessor>
        </technique_common>
      </source>
      <source id="mixamorig_Spine-Interpolations">
        <Name_array id="mixamorig_Spine-Interpolations-array" count="78">
 LINEAR LINEAR LINEAR LINEAR LINEAR LINEAR LINEAR LINEAR LINEAR LINEAR LINEAR
LINEAR LINEAR LINEAR LINEAR LINEAR LINEAR LINEAR LINEAR LINEAR LINEAR LINEAR LINEAR
LINEAR LINEAR LINEAR LINEAR LINEAR LINEAR LINEAR LINEAR LINEAR LINEAR LINEAR LINEAR
LINEAR LINEAR LINEAR LINEAR LINEAR LINEAR LINEAR LINEAR LINEAR LINEAR LINEAR LINEAR
LINEAR LINEAR LINEAR LINEAR LINEAR LINEAR LINEAR LINEAR LINEAR LINEAR LINEAR LINEAR
LINEAR LINEAR LINEAR LINEAR LINEAR LINEAR LINEAR LINEAR LINEAR LINEAR LINEAR LINEAR
LINEAR LINEAR LINEAR LINEAR LINEAR LINEAR LINEAR</Name_array>
        <technique_common>
          <accessor source="#mixamorig_Spine-Interpolations-array" count="78">
            <param type="name"/>
          </accessor>
        </technique_common>
      </source>
      <sampler id="mixamorig_Spine-Matrix-animation-transform">
        <input semantic="INPUT" source="#mixamorig_Spine-Matrix-animation-input"/>
        <input semantic="OUTPUT" source="#mixamorig_Spine-Matrix-animation-output-transform"/>
        <input semantic="INTERPOLATION" source="#mixamorig_Spine-Interpolations"/>
      </sampler>
      <channel source="#mixamorig_Spine-Matrix-animation-transform" target="mixamorig_Spine/matrix"/>
    </animation>
    <animation id="mixamorig_Spine1-anim" name="mixamorig_Spine1">
      <source id="mixamorig_Spine1-Matrix-animation-input">
        <float_array id="mixamorig_Spine1-Matrix-animation-input-array" count="78">

0.000000 0.033333 0.066667 0.100000 0.133333 0.166667 0.200000 0.233333 0.266667 0.300000 0.333333 0.366667 0.400000 0.433333 0.466667 0.500000
0.533333 0.566667 0.600000 0.633333 0.666667 0.700000 0.733333 0.766667 0.800000 0.833333 0.866667 0.900000 0.933333 0.966667 1.000000 1.033333
1.066667 1.100000 1.133333 1.166667 1.200000 1.233333 1.266667 1.300000 1.333333 1.366667 1.400000 1.433333 1.466667 1.500000 1.533333 1.566667
1.600000 1.633333 1.666667 1.700000 1.733333 1.766667 1.800000 1.833333 1.866667 1.900000 1.933333 1.966667 2.000000 2.033333 2.066667 2.100000
2.133333 2.166667 2.200000 2.233333 2.266667 2.300000 2.333333 2.366667 2.400000 2.433333 2.466667 2.500000 2.533333 2.566667</float_array>
        <technique_common>
          <accessor source="#mixamorig_Spine1-Matrix-animation-input-array" count="78">
            <param name="TIME" type="float"/>
          </accessor>
        </technique_common>
      </source>
      <source id="mixamorig_Spine1-Matrix-animation-output-transform">
        <float_array id="mixamorig_Spine1-Matrix-animation-output-transform-array" count="1248">

0.999556 -0.026802 -0.013004 0.000000 0.028569 0.986123 0.163540 11.673000 0.008440 -0.163839 0.986451 -0.000000 0.000000 0.000000 0.000000 1.000000
0.999548 -0.026348 -0.014462 0.000000 0.028341 0.986452 0.161584 11.673000 0.010009 -0.161921 0.986753 0.000000 0.000000 0.000000 0.000000 1.000000
0.999580 -0.024244 -0.015872 0.000000 0.026469 0.986834 0.159555 11.673000 0.011795 -0.159908 0.987061 0.000000 0.000000 0.000000 0.000000 1.000000
0.999633 -0.021287 -0.016741 0.000000 0.023675 0.987067 0.158552 11.673000 0.013149 -0.158891 0.987209 0.000000 0.000000 0.000000 0.000000 1.000000
0.999688 -0.018348 -0.016966 0.000000 0.020816 0.987046 0.159084 11.673000 0.013828 -0.159387 0.987119 0.000000 0.000000 0.000000 0.000000 1.000000
0.999736 -0.015579 -0.016880 0.000000 0.018091 0.986841 0.160680 11.673000 0.014155 -0.160943 0.986862 -0.000000 0.000000 0.000000 0.000000 1.000000
0.999789 -0.012043 -0.016659 0.000000 0.014596 0.986554 0.162781 11.673000 0.014475 -0.162989 0.986522 -0.000000 0.000000 0.000000 0.000000 1.000000
0.999846 -0.006923 -0.016146 0.000000 0.009499 0.986180 0.165402 11.673000 0.014777 -0.165530 0.986094 0.000000 0.000000 0.000000 0.000000 1.000000
0.999883 -0.001112 -0.015285 0.000000 0.003676 0.985656 0.168724 11.673000 0.014878 -0.168761 0.985545 -0.000000 0.000000 0.000000 0.000000 1.000000
0.999892 0.003292 -0.014321 -0.000000 -0.000773 0.985021 0.172433 11.673000 0.014674 -0.172403 0.984917 -0.000000 0.000000 0.000000 0.000000 1.000000
0.999895 0.005404 -0.013468 0.000000 -0.002953 0.984437 0.175714 11.673000 0.014208 -0.175656 0.984349 -0.000000 0.000000 0.000000 0.000000 1.000000
0.999896 0.006886 -0.012643 -0.000000 -0.004528 0.984038 0.177900 11.673000 0.013666 -0.177824 0.983967 0.000000 0.000000 0.000000 0.000000 1.000000
0.999878 0.010378 -0.011661 -0.000000 -0.008123 0.983797 0.179100 11.673000 0.013331 -0.178983 0.983762 0.000000 0.000000 0.000000 0.000000 1.000000
0.999807 0.016653 -0.010469 0.000000 -0.014497 0.983551 0.180051 11.673000 0.013295 -0.179864 0.983602 0.000000 0.000000 0.000000 0.000000 1.000000
0.999682 0.023583 -0.008880 0.000000 -0.021587 0.983238 0.181046 11.673000 0.013001 -0.180797 0.983435 0.000000 0.000000 0.000000 0.000000 1.000000
0.999587 0.028083 -0.006096 -0.000000 -0.026517 0.983131 0.180968 11.673000 0.011075 -0.180731 0.983470 0.000000 0.000000 0.000000 0.000000 1.000000
0.999571 0.029283 -0.000883 0.000000 -0.028659 0.983643 0.177832 11.673000 0.006076 -0.177731 0.984060 -0.000000 0.000000 0.000000 0.000000 1.000000
0.999527 0.029888 0.007301 0.000000 -0.030697 0.984812 0.170889 11.673000 -0.002083 -0.171032 0.985263 0.000000 0.000000 0.000000 0.000000 1.000000
0.999284 0.033736 0.017121 -0.000000 -0.036071 0.986085 0.162281 11.673000 -0.011408 -0.162782 0.986596 0.000000 0.000000 0.000000 0.000000 1.000000
0.998833 0.041063 0.025420 0.000000 -0.044539 0.986733 0.156125 11.673000 -0.018672 -0.157075 0.987410 0.000000 0.000000 0.000000 0.000000 1.000000
0.998499 0.046512 0.028934 0.000000 -0.050461 0.986551 0.155468 11.673000 -0.021314 -0.156695 0.987417 -0.000000 0.000000 0.000000 0.000000 1.000000
0.998696 0.043616 0.026543 -0.000000 -0.047312 0.986000 0.159892 11.673000 -0.019198 -0.160939 0.986778 0.000000 0.000000 0.000000 0.000000 1.000000
0.999273 0.032318 0.020239 0.000000 -0.035235 0.985494 0.166010 11.673000 -0.014580 -0.166603 0.985916 -0.000000 0.000000 0.000000 0.000000 1.000000
0.999685 0.020916 0.013868 -0.000000 -0.022975 0.985111 0.170380 11.673000 -0.010098 -0.170645 0.985281 0.000000 0.000000 0.000000 0.000000 1.000000
0.999766 0.018896 0.010513 0.000000 -0.020422 0.984899 0.171919 11.673000 -0.007106 -0.172093 0.985055 0.000000 0.000000 0.000000 0.000000 1.000000
0.999553 0.027950 0.010640 -0.000000 -0.029362 0.984715 0.171679 11.673000 -0.005679 -0.171914 0.985096 0.000000 0.000000 0.000000 0.000000 1.000000
0.999077 0.041110 0.012465 0.000000 -0.042637 0.984349 0.170997 11.673000 -0.005240 -0.171371 0.985193 0.000000 0.000000 0.000000 0.000000 1.000000
0.998643 0.050206 0.013862 0.000000 -0.051835 0.984036 0.170253 11.673000 -0.005093 -0.170741 0.985303 0.000000 0.000000 0.000000 0.000000 1.000000
0.998517 0.052638 0.013890 -0.000000 -0.054230 0.984121 0.169009 11.673000 -0.004773 -0.169512 0.985517 0.000000 0.000000 0.000000 0.000000 1.000000
0.998613 0.051060 0.012826 0.000000 -0.052486 0.984565 0.166965 11.673000 -0.004102 -0.167406 0.985879 0.000000 0.000000 0.000000 0.000000 1.000000
0.998747 0.048749 0.011292 0.000000 -0.049944 0.985101 0.164564 11.673000 -0.003101 -0.164922 0.986302 0.000000 0.000000 0.000000 0.000000 1.000000
0.998854 0.046879 0.009630 -0.000000 -0.047821 0.985529 0.162624 11.673000 -0.001867 -0.162898 0.986641 0.000000 0.000000 0.000000 0.000000 1.000000
0.998936 0.045438 0.007924 0.000000 -0.046121 0.985786 0.161554 11.673000 -0.000471 -0.161747 0.986832 0.000000 0.000000 0.000000 0.000000 1.000000
0.998976 0.044812 0.006257 0.000000 -0.045235 0.985905 0.161075 11.673000 0.001049 -0.161193 0.986922 -0.000000 0.000000 0.000000 0.000000 1.000000
0.998948 0.045612 0.004772 0.000000 -0.045786 0.985955 0.160613 11.673000 0.002621 -0.160662 0.987006 0.000000 0.000000 0.000000 0.000000 1.000000
0.998864 0.047529 0.003559 0.000000 -0.047487 0.986004 0.159816 11.673000 0.004087 -0.159803 0.987140 0.000000 0.000000 0.000000 0.000000 1.000000
0.998785 0.049202 0.002602 0.000000 -0.048991 0.986111 0.158699 11.673000 0.005243 -0.158634 0.987324 -0.000000 0.000000 0.000000 0.000000 1.000000
0.998778 0.049387 0.001855 -0.000000 -0.049063 0.986311 0.157426 11.673000 0.005945 -0.157325 0.987529 0.000000 0.000000 0.000000 0.000000 1.000000
0.998845 0.048025 0.001320 0.000000 -0.047642 0.986592 0.156095 11.673000 0.006195 -0.155977 0.987741 0.000000 0.000000 0.000000 0.000000 1.000000
0.998941 0.046000 0.001032 0.000000 -0.045606 0.986904 0.154728 11.673000 0.006099 -0.154611 0.987957 0.000000 0.000000 0.000000 0.000000 1.000000
0.999030 0.044017 0.001002 0.000000 -0.043650 0.987205 0.153363 11.673000 0.005762 -0.153258 0.988169 -0.000000 0.000000 0.000000 0.000000 1.000000
0.999121 0.041913 0.001171 0.000000 -0.041604 0.987495 0.152060 11.673000 0.005217 -0.151975 0.988371 0.000000 0.000000 0.000000 0.000000 1.000000
0.999237 0.039027 0.001443 0.000000 -0.038798 0.987801 0.150809 11.673000 0.004461 -0.150750 0.988562 -0.000000 0.000000 0.000000 0.000000 1.000000
0.999386 0.034990 0.001741 0.000000 -0.034857 0.988149 0.149489 11.673000 0.003510 -0.149458 0.988762 0.000000 0.000000 0.000000 0.000000 1.000000
0.999549 0.029967 0.002068 0.000000 -0.029943 0.988537 0.147981 11.673000 0.002390 -0.147976 0.988988 0.000000 0.000000 0.000000 0.000000 1.000000
0.999702 0.024272 0.002477 0.000000 -0.024373 0.988926 0.146394 11.673000 0.001104 -0.146410 0.989223 0.000000 0.000000 0.000000 0.000000 1.000000
0.999831 0.018151 0.002912 0.000000 -0.018381 0.989231 0.145207 11.673000 -0.000245 -0.145236 0.989397 -0.000000 0.000000 0.000000 0.000000 1.000000
0.999921 0.012235 0.003048 0.000000 -0.012548 0.989324 0.145195 11.673000 -0.001239 -0.145221 0.989398 0.000000 0.000000 0.000000 0.000000 1.000000
0.999965 0.008069 0.002356 -0.000000 -0.008328 0.989077 0.147162 11.673000 -0.001143 -0.147176 0.989110 0.000000 0.000000 0.000000 0.000000 1.000000
0.999971 0.007613 0.000482 0.000000 -0.007598 0.988407 0.151635 11.673000 0.000678 -0.151634 0.988436 0.000000 0.000000 0.000000 0.000000 1.000000
0.999929 0.011647 -0.002387 -0.000000 -0.011122 0.987293 0.158522 11.673000 0.004203 -0.158484 0.987353 0.000000 0.000000 0.000000 0.000000 1.000000
0.999813 0.018525 -0.005615 0.000000 -0.017330 0.985855 0.166704 11.673000 0.008624 -0.166575 0.985991 -0.000000 0.000000 0.000000 0.000000 1.000000
0.999657 0.024749 -0.008622 0.000000 -0.022875 0.984501 0.173882 11.673000 0.012792 -0.173625 0.984729 -0.000000 0.000000 0.000000 0.000000 1.000000
0.999569 0.027137 -0.011209 0.000000 -0.024722 0.983849 0.177284 11.673000 0.015839 -0.176930 0.984096 0.000000 0.000000 0.000000 0.000000 1.000000
0.999606 0.024697 -0.013312 -0.000000 -0.021983 0.984266 0.175322 11.673000 0.017432 -0.174960 0.984421 0.000000 0.000000 0.000000 0.000000 1.000000
0.999718 0.018791 -0.014549 -0.000000 -0.016061 0.985458 0.169156 11.673000 0.017516 -0.168875 0.985482 -0.000000 0.000000 0.000000 0.000000 1.000000
0.999828 0.011816 -0.014298 0.000000 -0.009337 0.986664 0.162505 11.673000 0.016028 -0.162343 0.986604 0.000000 0.000000 0.000000 0.000000 1.000000
0.999906 0.005753 -0.012418 -0.000000 -0.003703 0.987235 0.159226 11.673000 0.013176 -0.159165 0.987164 0.000000 0.000000 0.000000 0.000000 1.000000
0.999951 0.001474 -0.009815 -0.000000 0.000119 0.987052 0.160402 11.673000 0.009924 -0.160395 0.987003 0.000000 0.000000 0.000000 0.000000 1.000000
0.999967 -0.001116 -0.008052 0.000000 0.002418 0.986523 0.163603 11.673000 0.007761 -0.163617 0.986493 0.000000 0.000000 0.000000 0.000000 1.000000
