<?xml version="1.0" encoding="utf-8"?>
<COLLADA xmlns="http://www.collada.org/2005/11/COLLADASchema" version="1.4.1">
  <asset>
    <contributor>
      <author>Mixamo</author>
      <authoring_tool>COLLADA Mixamo exporter</authoring_tool>
      <comments/>
    </contributor>
    <created>2026-01-29T14:55:46Z</created>
    <modified>2026-01-29T14:55:46Z</modified>
    <revision/>
    <title/>
    <unit meter="0.010000"/>
    <up_axis>Y_UP</up_axis>
  </asset>
  <library_animations>
    <animation id="mixamorig_Hips-anim" name="mixamorig_Hips">
      <source id="mixamorig_Hips-Matrix-animation-input">
        <float_array id="mixamorig_Hips-Matrix-animation-input-array" count="73">

0.000000 0.033333 0.066667 0.100000 0.133333 0.166667 0.200000 0.233333 0.266667 0.300000 0.333333 0.366667 0.400000 0.433333 0.466667 0.500000
0.533333 0.566667 0.600000 0.633333 0.666667 0.700000 0.733333 0.766667 0.800000 0.833333 0.866667 0.900000 0.933333 0.966667 1.000000 1.033333
1.066667 1.100000 1.133333 1.166667 1.200000 1.233333 1.266667 1.300000 1.333333 1.366667 1.400000 1.433333 1.466667 1.500000 1.533333 1.566667
1.600000 1.633333 1.666667 1.700000 1.733333 1.766667 1.800000 1.833333 1.866667 1.900000 1.933333 1.966667 2.000000 2.033333 2.066667 2.100000
2.133333 2.166667 2.200000 2.233333 2.266667 2.300000 2.333333 2.366667 2.400000</float_array>
        <technique_common>
          <accessor source="#mixamorig_Hips-Matrix-animation-input-array" count="73">
            <param name="TIME" type="float"/>
          </accessor>
        </technique_common>
      </source>
      <source id="mixamorig_Hips-Matrix-animation-output-transform">
        <float_array id="mixamorig_Hips-Matrix-animation-output-transform-array" count="1168">

0.986615 -0.102001 0.127226 -0.108758 0.042969 0.915257 0.400572 152.297974 -0.157303 -0.389744 0.907389 -0.198817 0.000000 0.000000 0.000000 1.000000
0.981748 -0.103922 0.159285 -0.233354 0.031113 0.913989 0.404545 151.576447 -0.187626 -0.392205 0.900540 0.652650 0.000000 0.000000 0.000000 1.000000
0.978395 -0.105557 0.177764 -0.222151 0.024404 0.912789 0.407702 150.825302 -0.205297 -0.394556 0.895644 1.358043 0.000000 0.000000 0.000000 1.000000
0.976986 -0.106511 0.184810 -0.140217 0.022324 0.912707 0.408004 150.189880 -0.212134 -0.394488 0.894079 1.930965 0.000000 0.000000 0.000000 1.000000
0.977618 -0.104691 0.182492 -0.123670 0.022217 0.913923 0.405280 149.835114 -0.209213 -0.392155 0.895793 2.422495 0.000000 0.000000 0.000000 1.000000
0.980094 -0.096514 0.173496 -0.260043 0.019037 0.915543 0.401769 149.801331 -0.197619 -0.390469 0.899156 2.893228 0.000000 0.000000 0.000000 1.000000
0.983118 -0.081607 0.163766 -0.510981 0.009511 0.916611 0.399666 149.915512 -0.182725 -0.391361 0.901913 3.372580 0.000000 0.000000 0.000000 1.000000
0.984546 -0.068747 0.161066 -0.827554 -0.001180 0.917098 0.398659 149.996704 -0.175120 -0.392689 0.902845 3.825989 0.000000 0.000000 0.000000 1.000000
0.983427 -0.067026 0.168458 -1.250098 -0.005331 0.918062 0.396401 150.062317 -0.181224 -0.390730 0.902490 4.181416 0.000000 0.000000 0.000000 1.000000
0.980537 -0.071889 0.182700 -1.847097 -0.005192 0.920733 0.390159 150.250336 -0.196266 -0.383514 0.902439 4.391458 0.000000 0.000000 0.000000 1.000000
0.977329 -0.069211 0.200093 -2.614520 -0.011598 0.926141 0.377000 150.646881 -0.211407 -0.370773 0.904342 4.457265 0.000000 0.000000 0.000000 1.000000
0.974037 -0.051815 0.220378 -3.466706 -0.030615 0.934364 0.355002 151.232178 -0.224308 -0.352533 0.908519 4.419352 0.000000 0.000000 0.000000 1.000000
0.969673 -0.023902 0.243236 -4.304568 -0.058360 0.943775 0.325396 151.925858 -0.237338 -0.329723 0.913758 4.303513 0.000000 0.000000 0.000000 1.000000
0.964341 0.007530 0.264555 -5.069842 -0.087697 0.952216 0.292565 152.706085 -0.249710 -0.305333 0.918921 4.076545 0.000000 0.000000 0.000000 1.000000
0.959511 0.038300 0.279054 -5.734059 -0.114253 0.958471 0.261305 153.578171 -0.257457 -0.282608 0.924039 3.684438 0.000000 0.000000 0.000000 1.000000
0.955871 0.067520 0.285923 -6.259679 -0.137942 0.962430 0.233882 154.474869 -0.259389 -0.263001 0.929273 3.107301 0.000000 0.000000 0.000000 1.000000
0.952424 0.096952 0.288945 -6.593973 -0.161951 0.964124 0.210324 155.283951 -0.258188 -0.247113 0.933956 2.384375 0.000000 0.000000 0.000000 1.000000
0.948176 0.127980 0.290831 -6.716467 -0.188708 0.963206 0.191374 155.960526 -0.255638 -0.236339 0.937440 1.614926 0.000000 0.000000 0.000000 1.000000
0.943875 0.157462 0.290354 -6.667597 -0.215441 0.959815 0.179832 156.585831 -0.250369 -0.232293 0.939870 0.926297 0.000000 0.000000 0.000000 1.000000
0.940961 0.180239 0.286540 -6.640312 -0.237218 0.954952 0.178310 157.099854 -0.241494 -0.235755 0.941329 0.267254 0.000000 0.000000 0.000000 1.000000
0.940833 0.193146 0.278437 -6.701697 -0.250335 0.949944 0.186920 157.329865 -0.228396 -0.245563 0.942090 -0.388210 0.000000 0.000000 0.000000 1.000000
0.944294 0.195239 0.264934 -6.720809 -0.252487 0.946133 0.202690 157.351059 -0.211089 -0.258292 0.942723 -0.948081 0.000000 0.000000 0.000000 1.000000
0.950127 0.190318 0.247059 -6.638800 -0.246615 0.943421 0.221670 157.101776 -0.190893 -0.271543 0.943305 -1.475317 0.000000 0.000000 0.000000 1.000000
0.956967 0.181632 0.226327 -6.405206 -0.235977 0.940988 0.242604 156.533707 -0.168906 -0.285571 0.943355 -2.038314 0.000000 0.000000 0.000000 1.000000
0.964258 0.169500 0.203658 -6.027105 -0.221158 0.938179 0.266288 155.666229 -0.145932 -0.301811 0.942133 -2.696512 0.000000 0.000000 0.000000 1.000000
0.971749 0.152878 0.179813 -5.558931 -0.200952 0.935498 0.290623 154.590088 -0.123785 -0.318546 0.939790 -3.526505 0.000000 0.000000 0.000000 1.000000
0.978802 0.134207 0.154709 -5.053946 -0.176974 0.934429 0.309067 153.462509 -0.103086 -0.329894 0.938373 -4.648171 0.000000 0.000000 0.000000 1.000000
0.984726 0.118215 0.127830 -4.534141 -0.153360 0.936513 0.315315 152.373428 -0.082440 -0.330103 0.940338 -6.070540 0.000000 0.000000 0.000000 1.000000
0.989183 0.108718 0.098472 -4.012317 -0.134224 0.941634 0.308721 151.343033 -0.059161 -0.318599 0.946042 -7.616285 0.000000 0.000000 0.000000 1.000000
0.992052 0.105619 0.068392 -3.518371 -0.121195 0.948197 0.293657 150.366684 -0.033834 -0.299612 0.953461 -9.068769 0.000000 0.000000 0.000000 1.000000
0.993516 0.104808 0.044069 -3.092516 -0.112919 0.954822 0.274891 149.471008 -0.013268 -0.278084 0.960465 -10.397666 0.000000 0.000000 0.000000 1.000000
0.994194 0.102775 0.031882 -2.756319 -0.107517 0.960857 0.255331 148.727249 -0.004393 -0.257277 0.966328 -11.693693 0.000000 0.000000 0.000000 1.000000
0.994514 0.099417 0.032524 -2.498552 -0.104308 0.965869 0.237101 148.205887 -0.007842 -0.239193 0.970940 -13.013317 0.000000 0.000000 0.000000 1.000000
0.994412 0.097490 0.040494 -2.300674 -0.104101 0.969274 0.222871 147.898712 -0.017522 -0.225841 0.974007 -14.279357 0.000000 0.000000 0.000000 1.000000
0.993772 0.099846 0.049485 -2.163669 -0.108235 0.970503 0.215428 147.750168 -0.026515 -0.219443 0.975265 -15.386230 0.000000 0.000000 0.000000 1.000000
0.992610 0.106870 0.057476 -2.086097 -0.116870 0.969410 0.215836 147.734924 -0.032651 -0.220958 0.974737 -16.309088 0.000000 0.000000 0.000000 1.000000
0.991046 0.116535 0.065177 -2.041387 -0.128250 0.966622 0.221796 147.908600 -0.037155 -0.228169 0.972912 -17.131704 0.000000 0.000000 0.000000 1.000000
0.989435 0.125743 0.072164 -1.989141 -0.139122 0.963533 0.228579 148.354614 -0.040790 -0.236203 0.970847 -17.969990 0.000000 0.000000 0.000000 1.000000
0.988351 0.131734 0.076215 -1.895617 -0.146107 0.961473 0.232857 149.108765 -0.042604 -0.241280 0.969520 -18.890995 0.000000 0.000000 0.000000 1.000000
0.988214 0.133194 0.075446 -1.739773 -0.147462 0.960579 0.235676 150.144913 -0.041081 -0.244024 0.968899 -19.884920 0.000000 0.000000 0.000000 1.000000
0.989006 0.130438 0.069667 -1.518071 -0.143565 0.959875 0.240892 151.389069 -0.035450 -0.248245 0.968048 -20.868322 0.000000 0.000000 0.000000 1.000000
0.990375 0.124973 0.059488 -1.252695 -0.136002 0.958490 0.250599 152.753021 -0.025700 -0.256278 0.966261 -21.742802 0.000000 0.000000 0.000000 1.000000
0.991906 0.118420 0.045818 -0.983983 -0.126332 0.956650 0.262414 154.148895 -0.012756 -0.266078 0.963867 -22.478817 0.000000 0.000000 0.000000 1.000000
0.993313 0.111300 0.030685 -0.733970 -0.115449 0.955564 0.271235 155.469315 0.000867 -0.272964 0.962024 -23.125559 0.000000 0.000000 0.000000 1.000000
0.994495 0.103366 0.017164 -0.476137 -0.104108 0.956218 0.273513 156.595337 0.011859 -0.273794 0.961715 -23.754534 0.000000 0.000000 0.000000 1.000000
0.995484 0.094575 0.008249 -0.161294 -0.093279 0.958278 0.270189 157.452484 0.017648 -0.269738 0.962772 -24.400372 0.000000 0.000000 0.000000 1.000000
0.996338 0.085314 0.005664 0.220622 -0.083742 0.960304 0.266091 158.063400 0.017262 -0.265590 0.963931 -25.048847 0.000000 0.000000 0.000000 1.000000
0.997090 0.075754 0.008482 0.624263 -0.075275 0.960991 0.266140 158.521683 0.012010 -0.266004 0.963897 -25.650930 0.000000 0.000000 0.000000 1.000000
0.997800 0.065212 0.011949 1.004008 -0.066002 0.960078 0.271833 158.914917 0.006255 -0.272024 0.962270 -26.136978 0.000000 0.000000 0.000000 1.000000
0.998580 0.052503 0.009044 1.362381 -0.052923 0.958014 0.281795 159.284729 0.006131 -0.281873 0.959432 -26.439991 0.000000 0.000000 0.000000 1.000000
0.999291 0.037364 -0.004728 1.727059 -0.034309 0.954916 0.294888 159.643188 0.015533 -0.294517 0.955520 -26.533348 0.000000 0.000000 0.000000 1.000000
0.999388 0.021368 -0.027706 2.098640 -0.011701 0.950376 0.310884 159.993683 0.032974 -0.310369 0.950044 -26.454306 0.000000 0.000000 0.000000 1.000000
0.998527 0.007082 -0.053786 2.444918 0.010985 0.944511 0.328297 160.332001 0.053127 -0.328404 0.943042 -26.275175 0.000000 0.000000 0.000000 1.000000
0.997019 -0.003787 -0.077067 2.741706 0.030137 0.938569 0.343772 160.631897 0.071031 -0.345070 0.935885 -26.039736 0.000000 0.000000 0.000000 1.000000
0.995508 -0.011433 -0.093979 2.998438 0.044222 0.933886 0.354826 160.837402 0.083710 -0.357388 0.930197 -25.733309 0.000000 0.000000 0.000000 1.000000
0.994574 -0.017290 -0.102583 3.237844 0.053552 0.930495 0.362368 160.889771 0.089188 -0.365895 0.926373 -25.317638 0.000000 0.000000 0.000000 1.000000
0.994438 -0.022662 -0.102854 3.458170 0.059328 0.927424 0.369276 160.784195 0.087020 -0.373324 0.923611 -24.774622 0.000000 0.000000 0.000000 1.000000
0.994794 -0.028103 -0.097959 3.621434 0.063198 0.924195 0.376656 160.596893 0.079948 -0.380886 0.921159 -24.102385 0.000000 0.000000 0.000000 1.000000
0.995154 -0.034078 -0.092231 3.679383 0.067024 0.921432 0.382715 160.431686 0.071943 -0.387043 0.919251 -23.284483 0.000000 0.000000 0.000000 1.000000
0.995351 -0.042078 -0.086634 3.608733 0.072452 0.919782 0.385683 160.314667 0.063456 -0.390167 0.918555 -22.282335 0.000000 0.000000 0.000000 1.000000
0.995468 -0.052870 -0.079049 3.427982 0.079505 0.918763 0.386721 160.179733 0.052182 -0.391253 0.918803 -21.086742 0.000000 0.000000 0.000000 1.000000
0.995471 -0.064686 -0.069668 3.185539 0.086813 0.917207 0.388837 159.922836 0.038748 -0.393124 0.918669 -19.740652 0.000000 0.000000 0.000000 1.000000
0.995279 -0.074049 -0.062743 2.938249 0.092846 0.914741 0.393228 159.514694 0.028275 -0.397197 0.917298 -18.323776 0.000000 0.000000 0.000000 1.000000
0.994909 -0.080194 -0.061040 2.728186 0.097932 0.912296 0.397650 158.976700 0.023797 -0.401603 0.915504 -16.868328 0.000000 0.000000 0.000000 1.000000
0.994493 -0.084841 -0.061526 2.566382 0.102417 0.911279 0.398849 158.351990 0.022229 -0.402954 0.914950 -15.347207 0.000000 0.000000 0.000000 1.000000
0.994289 -0.089513 -0.058118 2.423477 0.105272 0.912130 0.396153 157.674561 0.017551 -0.400008 0.916343 -13.720170 0.000000 0.000000 0.000000 1.000000
0.994451 -0.094060 -0.047113 2.247063 0.105019 0.913889 0.392145 156.960617 0.006171 -0.394917 0.918696 -11.978315 0.000000 0.000000 0.000000 1.000000
0.994834 -0.097417 -0.028536 1.999200 0.100814 0.915295 0.389962 156.212524 -0.011870 -0.390825 0.920388 -10.138815 0.000000 0.000000 0.000000 1.000000
0.995062 -0.099194 -0.003582 1.674471 0.092707 0.915882 0.390596 155.435684 -0.035464 -0.388999 0.920555 -8.218610 0.000000 0.000000 0.000000 1.000000
0.994593 -0.100279 0.026993 1.284886 0.081683 0.915923 0.392954 154.651001 -0.064129 -0.388624 0.919162 -6.233439 0.000000 0.000000 0.000000 1.000000
0.992925 -0.101566 0.061515 0.844000 0.069158 0.915766 0.395713 153.875778 -0.096524 -0.388660 0.916312 -4.212661 0.000000 0.000000 0.000000 1.000000
0.990053 -0.102553 0.096323 0.370984 0.056082 0.915535 0.398309 153.098999 -0.129035 -0.388945 0.912180 -2.192358 0.000000 0.000000 0.000000 1.000000
0.986615 -0.102001 0.127226 -0.108756 0.042969 0.915257 0.400572 152.298004 -0.157303 -0.389744 0.907389 -0.198820 0.000000 0.000000 0.000000 1.000000</float_array>
        <technique_common>
          <accessor source="#mixamorig_Hips-Matrix-animation-output-transform-array" count="73" stride="16">
            <param type="float4x4"/>
          </accessor>
        </technique_common>
      </source>
      <source id="mixamorig_Hips-Interpolations">
        <Name_array id="mixamorig_Hips-Interpolations-array" count="73">
 LINEAR LINEAR LINEAR LINEAR LINEAR LINEAR LINEAR LINEAR LINEAR LINEAR LINEAR
LINEAR LINEAR LINEAR LINEAR LINEAR LINEAR LINEAR LINEAR LINEAR LINEAR LINEAR LINEAR
LINEAR LINEAR LINEAR LINEAR LINEAR LINEAR LINEAR LINEAR LINEAR LINEAR LINEAR LINEAR
LINEAR LINEAR LINEAR LINEAR LINEAR LINEAR LINEAR LINEAR LINEAR LINEAR LINEAR LINEAR
LINEAR LINEAR LINEAR LINEAR LINEAR LINEAR LINEAR LINEAR LINEAR LINEAR LINEAR LINEAR
LINEAR LINEAR LINEAR LINEAR LINEAR LINEAR LINEAR LINEAR LINEAR LINEAR LINEAR LINEAR
LINEAR LINEAR</Name_array>
        <technique_common>
          <accessor source="#mixamorig_Hips-Interpolations-array" count="73">
            <param type="name"/>
          </accessor>
        </technique_common>
      </source>
      <sampler id="mixamorig_Hips-Matrix-animation-transform">
        <input semantic="INPUT" source="#mixamorig_Hips-Matrix-animation-input"/>
        <input semantic="OUTPUT" source="#mixamorig_Hips-Matrix-animation-output-transform"/>
        <input semantic="INTERPOLATION" source="#mixamorig_Hips-Interpolations"/>
      </sampler>
      <channel source="#mixamorig_Hips-Matrix-animation-transform" target="mixamorig_Hips/matrix"/>
    </animation>
    <animation id="mixamorig_Spine-anim" name="mixamorig_Spine">
      <source id="mixamorig_Spine-Matrix-animation-input">
        <float_array id="mixamorig_Spine-Matrix-animation-input-array" count="73">

0.000000 0.033333 0.066667 0.100000 0.133333 0.166667 0.200000 0.233333 0.266667 0.300000 0.333333 0.366667 0.400000 0.433333 0.466667 0.500000
0.533333 0.566667 0.600000 0.633333 0.666667 0.700000 0.733333 0.766667 0.800000 0.833333 0.866667 0.900000 0.933333 0.966667 1.000000 1.033333
1.066667 1.100000 1.133333 1.166667 1.200000 1.233333 1.266667 1.300000 1.333333 1.366667 1.400000 1.433333 1.466667 1.500000 1.533333 1.566667
1.600000 1.633333 1.666667 1.700000 1.733333 1.766667 1.800000 1.833333 1.866667 1.900000 1.933333 1.966667 2.000000 2.033333 2.066667 2.100000
2.133333 2.166667 2.200000 2.233333 2.266667 2.300000 2.333333 2.366667 2.400000</float_array>
        <technique_common>
          <accessor source="#mixamorig_Spine-Matrix-animation-input-array" count="73">
            <param name="TIME" type="float"/>
          </accessor>
        </technique_common>
      </source>
      <source id="mixamorig_Spine-Matrix-animation-output-transform">
        <float_array id="mixamorig_Spine-Matrix-animation-output-transform-array" count="1168">

0.989826 0.139776 -0.026590 0.000400 -0.140832 0.989092 -0.043171 10.664600 0.020266 0.046477 0.998714 -0.060300 0.000000 0.000000 0.000000 1.000000
0.988698 0.146843 -0.030208 0.000400 -0.148043 0.988077 -0.042283 10.664600 0.023639 0.046277 0.998649 -0.060300 0.000000 0.000000 0.000000 1.000000
0.988039 0.150593 -0.033178 0.000400 -0.151936 0.987474 -0.042552 10.664600 0.026354 0.047084 0.998543 -0.060300 0.000000 0.000000 0.000000 1.000000
0.987955 0.150690 -0.035188 0.000400 -0.152150 0.987407 -0.043334 10.664600 0.028215 0.048166 0.998441 -0.060300 0.000000 0.000000 0.000000 1.000000
0.988652 0.145805 -0.036163 0.000400 -0.147323 0.988127 -0.043603 10.664600 0.029376 0.048435 0.998394 -0.060300 0.000000 0.000000 0.000000 1.000000
0.990144 0.135186 -0.036590 0.000400 -0.136703 0.989690 -0.042732 10.664600 0.030436 0.047313 0.998416 -0.060300 0.000000 0.000000 0.000000 1.000000
0.991851 0.121816 -0.037321 0.000400 -0.123328 0.991505 -0.041316 10.664600 0.031971 0.045582 0.998449 -0.060300 0.000000 0.000000 0.000000 1.000000
0.992700 0.114196 -0.038806 0.000400 -0.115758 0.992442 -0.040731 10.664600 0.033861 0.044925 0.998416 -0.060300 0.000000 0.000000 0.000000 1.000000
0.992040 0.119187 -0.040644 0.000400 -0.120870 0.991787 -0.041824 10.664600 0.035325 0.046403 0.998298 -0.060300 0.000000 0.000000 0.000000 1.000000
0.989995 0.134698 -0.042022 0.000400 -0.136518 0.989662 -0.043946 10.664600 0.035668 0.049243 0.998150 -0.060300 0.000000 0.000000 0.000000 1.000000
0.987642 0.150784 -0.042743 0.000400 -0.152689 0.987227 -0.045476 10.664600 0.035340 0.051440 0.998051 -0.060300 0.000000 0.000000 0.000000 1.000000
0.986205 0.159653 -0.043710 0.000400 -0.161595 0.985820 -0.045229 10.664600 0.035869 0.051669 0.998020 -0.060300 0.000000 0.000000 0.000000 1.000000
0.985673 0.162331 -0.045790 0.000400 -0.164311 0.985453 -0.043417 10.664600 0.038076 0.050319 0.998007 -0.060300 0.000000 0.000000 0.000000 1.000000
0.985284 0.163702 -0.049169 0.000400 -0.165767 0.985298 -0.041334 10.664600 0.041680 0.048876 0.997935 -0.060300 0.000000 0.000000 0.000000 1.000000
0.984744 0.165533 -0.053641 0.000400 -0.167769 0.985005 -0.040228 10.664600 0.046178 0.048613 0.997750 -0.060300 0.000000 0.000000 0.000000 1.000000
0.984494 0.165285 -0.058753 0.000400 -0.167799 0.984978 -0.040774 10.664600 0.051131 0.050001 0.997439 -0.060300 0.000000 0.000000 0.000000 1.000000
0.985183 0.159310 -0.063516 0.000400 -0.162215 0.985796 -0.043514 10.664600 0.055681 0.053172 0.997032 -0.060300 0.000000 0.000000 0.000000 1.000000
0.986926 0.146860 -0.066399 0.000400 -0.150238 0.987431 -0.049083 10.664600 0.058357 0.058417 0.996585 -0.060300 0.000000 0.000000 0.000000 1.000000
0.989006 0.132204 -0.066258 0.000400 -0.136061 0.989029 -0.057519 10.664600 0.057927 0.065902 0.996143 -0.060300 0.000000 0.000000 0.000000 1.000000
0.990651 0.120122 -0.064669 0.000400 -0.124457 0.989906 -0.067796 10.664600 0.055872 0.075211 0.995601 -0.060300 0.000000 0.000000 0.000000 1.000000
0.991675 0.112578 -0.062511 0.000400 -0.117311 0.990023 -0.078058 10.664600 0.053099 0.084742 0.994987 -0.060300 0.000000 0.000000 0.000000 1.000000
0.992138 0.110354 -0.059034 0.000400 -0.115216 0.989565 -0.086519 10.664600 0.048870 0.092640 0.994500 -0.060300 0.000000 0.000000 0.000000 1.000000
0.992403 0.110298 -0.054507 0.000400 -0.115033 0.988987 -0.093119 10.664600 0.043635 0.098682 0.994162 -0.060300 0.000000 0.000000 0.000000 1.000000
0.992689 0.109897 -0.049908 0.000400 -0.114425 0.988444 -0.099420 10.664600 0.038406 0.104404 0.993793 -0.060300 0.000000 0.000000 0.000000 1.000000
0.992884 0.109524 -0.046763 0.000400 -0.113994 0.987697 -0.107050 10.664600 0.034463 0.111619 0.993153 -0.060300 0.000000 0.000000 0.000000 1.000000
0.992644 0.111723 -0.046644 0.000400 -0.116468 0.986408 -0.115911 10.664600 0.033060 0.120491 0.992164 -0.060300 0.000000 0.000000 0.000000 1.000000
0.992008 0.116432 -0.048611 0.000400 -0.121666 0.984779 -0.124125 10.664600 0.033419 0.129047 0.991075 -0.060300 0.000000 0.000000 0.000000 1.000000
0.991465 0.120468 -0.049837 0.000400 -0.126021 0.983515 -0.129680 10.664600 0.033393 0.134853 0.990303 -0.060300 0.000000 0.000000 0.000000 1.000000
0.991622 0.120113 -0.047518 0.000400 -0.125430 0.983274 -0.132058 10.664600 0.030862 0.136912 0.990102 -0.060300 0.000000 0.000000 0.000000 1.000000
0.992527 0.114762 -0.041481 0.000400 -0.119300 0.984035 -0.132074 10.664600 0.025662 0.136035 0.990372 -0.060300 0.000000 0.000000 0.000000 1.000000
0.993631 0.107198 -0.034724 0.000400 -0.110859 0.985187 -0.130832 10.664600 0.020185 0.133848 0.990796 -0.060300 0.000000 0.000000 0.000000 1.000000
0.994580 0.099690 -0.029539 0.000400 -0.102695 0.986297 -0.129119 10.664600 0.016262 0.131452 0.991189 -0.060300 0.000000 0.000000 0.000000 1.000000
0.995353 0.092660 -0.026206 0.000400 -0.095259 0.987286 -0.127247 10.664600 0.014082 0.129152 0.991525 -0.060300 0.000000 0.000000 0.000000 1.000000
0.996035 0.085717 -0.023796 0.000400 -0.088038 0.988188 -0.125433 10.664600 0.012763 0.127031 0.991817 -0.060300 0.000000 0.000000 0.000000 1.000000
0.996674 0.078671 -0.021277 0.000400 -0.080713 0.988982 -0.124096 10.664600 0.011280 0.125401 0.992042 -0.060300 0.000000 0.000000 0.000000 1.000000
0.997243 0.071830 -0.018645 0.000400 -0.073589 0.989614 -0.123489 10.664600 0.009581 0.124520 0.992171 -0.060300 0.000000 0.000000 0.000000 1.000000
0.997700 0.065759 -0.016438 0.000400 -0.067287 0.990114 -0.123069 10.664600 0.008182 0.123892 0.992262 -0.060300 0.000000 0.000000 0.000000 1.000000
0.998006 0.061344 -0.014884 0.000400 -0.062703 0.990591 -0.121649 10.664600 0.007281 0.122340 0.992462 -0.060300 0.000000 0.000000 0.000000 1.000000
0.998140 0.059423 -0.013587 0.000400 -0.060618 0.991098 -0.118531 10.664600 0.006423 0.119134 0.992857 -0.060300 0.000000 0.000000 0.000000 1.000000
0.998141 0.059720 -0.012183 0.000400 -0.060724 0.991582 -0.114355 10.664600 0.005252 0.114882 0.993365 -0.060300 0.000000 0.000000 0.000000 1.000000
0.998087 0.060774 -0.011374 0.000400 -0.061661 0.991965 -0.110473 10.664600 0.004568 0.110962 0.993814 -0.060300 0.000000 0.000000 0.000000 1.000000
0.998066 0.060959 -0.012199 0.000400 -0.061919 0.992277 -0.107486 10.664600 0.005553 0.108034 0.994132 -0.060300 0.000000 0.000000 0.000000 1.000000
0.998128 0.059461 -0.014294 0.000400 -0.060633 0.992663 -0.104608 10.664600 0.007969 0.105279 0.994411 -0.060300 0.000000 0.000000 0.000000 1.000000
0.998282 0.056479 -0.015611 0.000400 -0.057766 0.993263 -0.100455 10.664600 0.009832 0.101184 0.994819 -0.060300 0.000000 0.000000 0.000000 1.000000
0.998534 0.052282 -0.013997 0.000400 -0.053375 0.994090 -0.094530 10.664600 0.008972 0.095138 0.995424 -0.060300 0.000000 0.000000 0.000000 1.000000
0.998859 0.046806 -0.009429 0.000400 -0.047456 0.994979 -0.088114 10.664600 0.005257 0.088461 0.996066 -0.060300 0.000000 0.000000 0.000000 1.000000
0.999171 0.040444 -0.004598 0.000400 -0.040687 0.995663 -0.083665 10.664600 0.001195 0.083783 0.996483 -0.060300 0.000000 0.000000 0.000000 1.000000
0.999388 0.034854 -0.003080 0.000400 -0.034989 0.995943 -0.082905 10.664600 0.000178 0.082962 0.996553 -0.060300 0.000000 0.000000 0.000000 1.000000
0.999455 0.032372 -0.006515 0.000400 -0.032810 0.995829 -0.085139 10.664600 0.003732 0.085306 0.996348 -0.060300 0.000000 0.000000 0.000000 1.000000
0.999331 0.034135 -0.013099 0.000400 -0.035155 0.995526 -0.087704 10.664600 0.010047 0.088106 0.996060 -0.060300 0.000000 0.000000 0.000000 1.000000
0.999067 0.038877 -0.018819 0.000400 -0.040396 0.995259 -0.088471 10.664600 0.015290 0.089148 0.995901 -0.060300 0.000000 0.000000 0.000000 1.000000
0.998820 0.043972 -0.020605 0.000400 -0.045616 0.995110 -0.087608 10.664600 0.016652 0.088445 0.995942 -0.060300 0.000000 0.000000 0.000000 1.000000
0.998701 0.047498 -0.018444 0.000400 -0.048922 0.995046 -0.086548 10.664600 0.014242 0.087337 0.996077 -0.060300 0.000000 0.000000 0.000000 1.000000
0.998679 0.049251 -0.014671 0.000400 -0.050334 0.995030 -0.085912 10.664600 0.010367 0.086537 0.996195 -0.060300 0.000000 0.000000 0.000000 1.000000
0.998673 0.050155 -0.011700 0.000400 -0.050972 0.995056 -0.085236 10.664600 0.007367 0.085719 0.996292 -0.060300 0.000000 0.000000 0.000000 1.000000
0.998648 0.050909 -0.010530 0.000400 -0.051617 0.995105 -0.084272 10.664600 0.006188 0.084701 0.996387 -0.060300 0.000000 0.000000 0.000000 1.000000
0.998615 0.051465 -0.010894 0.000400 -0.052198 0.995135 -0.083554 10.664600 0.006540 0.084007 0.996444 -0.060300 0.000000 0.000000 0.000000 1.000000
0.998579 0.051917 -0.012048 0.000400 -0.052743 0.995124 -0.083340 10.664600 0.007662 0.083857 0.996448 -0.060300 0.000000 0.000000 0.000000 1.000000
0.998476 0.053568 -0.013302 0.000400 -0.054487 0.995089 -0.082635 10.664600 0.008810 0.083233 0.996491 -0.060300 0.000000 0.000000 0.000000 1.000000
0.998161 0.058889 -0.014405 0.000400 -0.059856 0.995000 -0.079945 10.664600 0.009625 0.080660 0.996695 -0.060300 0.000000 0.000000 0.000000 1.000000
0.997484 0.069171 -0.015524 0.000400 -0.070146 0.994713 -0.075001 10.664600 0.010254 0.075901 0.997063 -0.060300 0.000000 0.000000 0.000000 1.000000
0.996392 0.083160 -0.016960 0.000400 -0.084142 0.994050 -0.069176 10.664600 0.011107 0.070354 0.997460 -0.060300 0.000000 0.000000 0.000000 1.000000
0.995112 0.097009 -0.018499 0.000400 -0.098008 0.993116 -0.064154 10.664600 0.012148 0.065653 0.997769 -0.060300 0.000000 0.000000 0.000000 1.000000
0.994007 0.107557 -0.019559 0.000400 -0.108556 0.992254 -0.060400 10.664600 0.012911 0.062162 0.997983 -0.060300 0.000000 0.000000 0.000000 1.000000
0.993329 0.113648 -0.019514 0.000400 -0.114593 0.991763 -0.057232 10.664600 0.012849 0.059086 0.998170 -0.060300 0.000000 0.000000 0.000000 1.000000
0.993062 0.116188 -0.018118 0.000400 -0.117010 0.991658 -0.054058 10.664600 0.011686 0.055802 0.998373 -0.060300 0.000000 0.000000 0.000000 1.000000
0.992973 0.117304 -0.015660 0.000400 -0.117961 0.991697 -0.051201 10.664600 0.009524 0.052688 0.998566 -0.060300 0.000000 0.000000 0.000000 1.000000
0.992799 0.119090 -0.012980 0.000400 -0.119591 0.991595 -0.049376 10.664600 0.006991 0.050572 0.998696 -0.060300 0.000000 0.000000 0.000000 1.000000
0.992390 0.122605 -0.011371 0.000400 -0.123016 0.991214 -0.048601 10.664600 0.005313 0.049631 0.998754 -0.060300 0.000000 0.000000 0.000000 1.000000
0.991750 0.127615 -0.012089 0.000400 -0.128053 0.990606 -0.047989 10.664600 0.005851 0.049141 0.998775 -0.060300 0.000000 0.000000 0.000000 1.000000
0.991001 0.132955 -0.015503 0.000400 -0.133543 0.989942 -0.046711 10.664600 0.009137 0.048361 0.998788 -0.060300 0.000000 0.000000 0.000000 1.000000
0.990313 0.137292 -0.020775 0.000400 -0.138107 0.989401 -0.044858 10.664600 0.014396 0.047293 0.998777 -0.060300 0.000000 0.000000 0.000000 1.000000
0.989826 0.139775 -0.026590 0.000400 -0.140832 0.989092 -0.043171 10.664600 0.020266 0.046477 0.998714 -0.060300 0.000000 0.000000 0.000000 1.000000</float_array>
        <technique_common>
          <accessor source="#mixamorig_Spine-Matrix-animation-output-transform-array" count="73" stride="16">
            <param type="float4x4"/>
          </accessor>
        </technique_common>
      </source>
      <source id="mixamorig_Spine-Interpolations">
        <Name_array id="mixamorig_Spine-Interpolations-array" count="73">
 LINEAR LINEAR LINEAR LINEAR LINEAR LINEAR LINEAR LINEAR LINEAR LINEAR LINEAR
LINEAR LINEAR LINEAR LINEAR LINEAR LINEAR LINEAR LINEAR LINEAR LINEAR LINEAR LINEAR
LINEAR LINEAR LINEAR LINEAR LINEAR LINEAR LINEAR LINEAR LINEAR LINEAR LINEAR LINEAR
LINEAR LINEAR LINEAR LINEAR LINEAR LINEAR LINEAR LINEAR LINEAR LINEAR LINEAR LINEAR
LINEAR LINEAR LINEAR LINEAR LINEAR LINEAR LINEAR LINEAR LINEAR LINEAR LINEAR LINEAR
LINEAR LINEAR LINEAR LINEAR LINEAR LINEAR LINEAR LINEAR LINEAR LINEAR LINEAR LINEAR
LINEAR LINEAR</Name_array>
        <technique_common>
          <accessor source="#mixamorig_Spine-Interpolations-array" count="73">
            <param type="name"/>
          </accessor>
        </technique_common>
      </source>
      <sampler id="mixamorig_Spine-Matrix-animation-transform">
        <input semantic="INPUT" source="#mixamorig_Spine-Matrix-animation-input"/>
        <input semantic="OUTPUT" source="#mixamorig_Spine-Matrix-animation-output-transform"/>
        <input semantic="INTERPOLATION" source="#mixamorig_Spine-Interpolations"/>
      </sampler>
      <channel source="#mixamorig_Spine-Matrix-animation-transform" target="mixamorig_Spine/matrix"/>
    </animation>
    <animation id="mixamorig_Spine1-anim" name="mixamorig_Spine1">
      <source id="mixamorig_Spine1-Matrix-animation-input">
        <float_array id="mixamorig_Spine1-Matrix-animation-input-array" count="73">

0.000000 0.033333 0.066667 0.100000 0.133333 0.166667 0.200000 0.233333 0.266667 0.300000 0.333333 0.366667 0.400000 0.433333 0.466667 0.500000
0.533333 0.566667 0.600000 0.633333 0.666667 0.700000 0.733333 0.766667 0.800000 0.833333 0.866667 0.900000 0.933333 0.966667 1.000000 1.033333
1.066667 1.100000 1.133333 1.166667 1.200000 1.233333 1.266667 1.300000 1.333333 1.366667 1.400000 1.433333 1.466667 1.500000 1.533333 1.566667
1.600000 1.633333 1.666667 1.700000 1.733333 1.766667 1.800000 1.833333 1.866667 1.900000 1.933333 1.966667 2.000000 2.033333 2.066667 2.100000
2.133333 2.166667 2.200000 2.233333 2.266667 2.300000 2.333333 2.366667 2.400000</float_array>
        <technique_common>
          <accessor source="#mixamorig_Spine1-Matrix-animation-input-array" count="73">
            <param name="TIME" type="float"/>
          </accessor>
        </technique_common>
      </source>
      <source id="mixamorig_Spine1-Matrix-animation-output-transform">
        <float_array id="mixamorig_Spine1-Matrix-animation-output-transform-array" count="1168">

0.997121 0.068247 -0.033032 0.000000 -0.061689 0.983528 0.169901 11.673000 0.044084 -0.167374 0.984907 0.000000 0.000000 0.000000 0.000000 1.000000
0.996458 0.073342 -0.041150 0.000000 -0.065297 0.983103 0.171008 11.673000 0.052997 -0.167716 0.984410 0.000000 0.000000 0.000000 0.000000 1.000000
0.996037 0.074668 -0.048330 0.000000 -0.065432 0.983185 0.170488 11.673000 0.060248 -0.166650 0.984174 0.000000 0.000000 0.000000 0.000000 1.000000
0.995813 0.073565 -0.054256 0.000000 -0.063443 0.983547 0.169144 11.673000 0.065806 -0.164993 0.984097 -0.000000 0.000000 0.000000 0.000000 1.000000
0.995611 0.073131 -0.058397 0.000000 -0.062359 0.983690 0.168719 11.673000 0.069783 -0.164337 0.983933 0.000000 0.000000 0.000000 0.000000 1.000000
0.995232 0.076327 -0.060718 -0.000000 -0.064997 0.983198 0.170576 11.673000 0.072718 -0.165816 0.983472 -0.000000 0.000000 0.000000 0.000000 1.000000
0.994539 0.083657 -0.062401 -0.000000 -0.071711 0.982166 0.173802 11.673000 0.075828 -0.168378 0.982802 0.000000 0.000000 0.000000 0.000000 1.000000
0.993469 0.093655 -0.065182 -0.000000 -0.080980 0.981147 0.175481 11.673000 0.080388 -0.169056 0.982323 0.000000 0.000000 0.000000 0.000000 1.000000
0.992052 0.104965 -0.069388 0.000000 -0.091619 0.980574 0.173438 11.673000 0.086245 -0.165702 0.982397 0.000000 0.000000 0.000000 0.000000 1.000000
0.990409 0.117248 -0.073094 0.000000 -0.103584 0.980198 0.168766 11.673000 0.091434 -0.159576 0.982942 -0.000000 0.000000 0.000000 0.000000 1.000000
0.988706 0.130443 -0.073793 0.000000 -0.116876 0.979315 0.165175 11.673000 0.093813 -0.154685 0.983500 0.000000 0.000000 0.000000 0.000000 1.000000
0.987046 0.144075 -0.070590 -0.000000 -0.130832 0.977471 0.165629 11.673000 0.092863 -0.154248 0.983659 0.000000 0.000000 0.000000 0.000000 1.000000
0.985380 0.157731 -0.064405 0.000000 -0.144923 0.974745 0.169910 11.673000 0.089578 -0.158092 0.983353 -0.000000 0.000000 0.000000 0.000000 1.000000
0.983517 0.171732 -0.056590 0.000000 -0.159537 0.971481 0.175423 11.673000 0.085102 -0.163504 0.982865 0.000000 0.000000 0.000000 0.000000 1.000000
0.981315 0.186270 -0.048211 0.000000 -0.174933 0.968065 0.179580 11.673000 0.080122 -0.167791 0.982561 -0.000000 0.000000 0.000000 0.000000 1.000000
0.979057 0.199521 -0.040476 0.000000 -0.189203 0.965127 0.180921 11.673000 0.075162 -0.169474 0.982664 0.000000 0.000000 0.000000 0.000000 1.000000
0.977592 0.207611 -0.034806 -0.000000 -0.198316 0.963748 0.178497 11.673000 0.070602 -0.167595 0.983325 0.000000 0.000000 0.000000 0.000000 1.000000
0.977662 0.207754 -0.031857 0.000000 -0.199448 0.964832 0.171230 11.673000 0.066310 -0.161051 0.984716 0.000000 0.000000 0.000000 0.000000 1.000000
0.979010 0.201490 -0.030689 0.000000 -0.194261 0.968042 0.158610 11.673000 0.061666 -0.149319 0.986864 0.000000 0.000000 0.000000 0.000000 1.000000
0.980573 0.193975 -0.029178 0.000000 -0.188020 0.971837 0.142061 11.673000 0.055913 -0.133815 0.989428 0.000000 0.000000 0.000000 0.000000 1.000000
0.981523 0.189666 -0.025285 0.000000 -0.185135 0.974735 0.124966 11.673000 0.048348 -0.117976 0.991839 0.000000 0.000000 0.000000 0.000000 1.000000
0.981788 0.189104 -0.018224 -0.000000 -0.185999 0.976316 0.110502 11.673000 0.038689 -0.105100 0.993709 0.000000 0.000000 0.000000 0.000000 1.000000
0.981738 0.190031 -0.008929 0.000000 -0.188236 0.977117 0.099047 11.673000 0.027546 -0.095558 0.995043 0.000000 0.000000 0.000000 0.000000 1.000000
0.981635 0.190766 0.000531 0.000000 -0.190073 0.977827 0.087899 11.673000 0.016249 -0.086385 0.996129 0.000000 0.000000 0.000000 0.000000 1.000000
0.981431 0.191633 0.008355 0.000000 -0.191721 0.978654 0.074025 11.673000 0.006009 -0.074252 0.997221 0.000000 0.000000 0.000000 0.000000 1.000000
0.980991 0.193545 0.014065 0.000000 -0.194037 0.979311 0.057434 11.673000 -0.002658 -0.059071 0.998250 -0.000000 0.000000 0.000000 0.000000 1.000000
0.980376 0.196296 0.018209 -0.000000 -0.196902 0.979538 0.041653 11.673000 -0.009660 -0.044421 0.998966 0.000000 0.000000 0.000000 0.000000 1.000000
0.979867 0.198502 0.021373 -0.000000 -0.199098 0.979497 0.030759 11.673000 -0.014829 -0.034395 0.999298 0.000000 0.000000 0.000000 0.000000 1.000000
0.979784 0.198644 0.023740 0.000000 -0.199241 0.979600 0.026196 11.673000 -0.018052 -0.030396 0.999375 -0.000000 0.000000 0.000000 0.000000 1.000000
0.980286 0.195971 0.025206 -0.000000 -0.196618 0.980124 0.026426 11.673000 -0.019526 -0.030861 0.999333 0.000000 0.000000 0.000000 0.000000 1.000000
0.981297 0.190816 0.025421 0.000000 -0.191521 0.981062 0.028941 11.673000 -0.019417 -0.033269 0.999258 -0.000000 0.000000 0.000000 0.000000 1.000000
0.982583 0.184273 0.023966 0.000000 -0.184987 0.982217 0.032090 11.673000 -0.017626 -0.035965 0.999198 0.000000 0.000000 0.000000 0.000000 1.000000
0.983917 0.177388 0.021007 0.000000 -0.178046 0.983391 0.035241 11.673000 -0.014406 -0.038415 0.999158 0.000000 0.000000 0.000000 0.000000 1.000000
0.985194 0.170539 0.017567 0.000000 -0.171099 0.984524 0.037909 11.673000 -0.010830 -0.040353 0.999127 0.000000 0.000000 0.000000 0.000000 1.000000
0.986426 0.163550 0.014688 0.000000 -0.164011 0.985672 0.039375 11.673000 -0.008037 -0.041250 0.999117 0.000000 0.000000 0.000000 0.000000 1.000000
0.987629 0.156307 0.012521 0.000000 -0.156686 0.986860 0.039465 11.673000 -0.006188 -0.040938 0.999143 -0.000000 0.000000 0.000000 0.000000 1.000000
0.988748 0.149203 0.010804 0.000000 -0.149517 0.987974 0.039387 11.673000 -0.004797 -0.040559 0.999166 -0.000000 0.000000 0.000000 0.000000 1.000000
0.989655 0.143117 0.010016 0.000000 -0.143410 0.988810 0.041079 11.673000 -0.004025 -0.042090 0.999106 0.000000 0.000000 0.000000 0.000000 1.000000
0.990247 0.138874 0.011181 0.000000 -0.139242 0.989220 0.045334 11.673000 -0.004765 -0.046449 0.998909 0.000000 0.000000 0.000000 0.000000 1.000000
0.990564 0.136323 0.014093 0.000000 -0.136870 0.989279 0.050928 11.673000 -0.006999 -0.052377 0.998603 0.000000 0.000000 0.000000 0.000000 1.000000
0.990872 0.133812 0.016368 0.000000 -0.134528 0.989325 0.056017 11.673000 -0.008697 -0.057708 0.998296 -0.000000 0.000000 0.000000 0.000000 1.000000
0.991536 0.128933 0.015248 0.000000 -0.129625 0.989732 0.060241 11.673000 -0.007324 -0.061708 0.998067 0.000000 0.000000 0.000000 0.000000 1.000000
0.992719 0.119976 0.010675 0.000000 -0.120419 0.990582 0.065169 11.673000 -0.002756 -0.065980 0.997817 0.000000 0.000000 0.000000 0.000000 1.000000
0.994278 0.106648 0.006085 0.000000 -0.106807 0.991607 0.072850 11.673000 0.001735 -0.073084 0.997324 0.000000 0.000000 0.000000 0.000000 1.000000
0.995949 0.089761 0.005404 -0.000000 -0.089898 0.992419 0.083808 11.673000 0.002160 -0.083954 0.996467 0.000000 0.000000 0.000000 0.000000 1.000000
0.997436 0.071003 0.008900 0.000000 -0.071530 0.992834 0.095728 11.673000 -0.002039 -0.096119 0.995368 -0.000000 0.000000 0.000000 0.000000 1.000000
0.998512 0.053149 0.012205 0.000000 -0.054133 0.993091 0.104117 11.673000 -0.006587 -0.104622 0.994490 -0.000000 0.000000 0.000000 0.000000 1.000000
0.999166 0.039625 0.009884 0.000000 -0.040447 0.993596 0.105500 11.673000 -0.005640 -0.105812 0.994370 0.000000 0.000000 0.000000 0.000000 1.000000
0.999462 0.032790 0.000437 0.000000 -0.032667 0.994362 0.100880 11.673000 0.002874 -0.100840 0.994899 -0.000000 0.000000 0.000000 0.000000 1.000000
0.999408 0.032241 -0.011977 0.000000 -0.030955 0.994965 0.095322 11.673000 0.014990 -0.094895 0.995374 0.000000 0.000000 0.000000 0.000000 1.000000
0.999175 0.034880 -0.020782 0.000000 -0.032800 0.995109 0.093178 11.673000 0.023931 -0.092419 0.995433 -0.000000 0.000000 0.000000 0.000000 1.000000
0.999072 0.036910 -0.022195 0.000000 -0.034661 0.994935 0.094353 11.673000 0.025565 -0.093496 0.995291 0.000000 0.000000 0.000000 0.000000 1.000000
0.999196 0.036041 -0.017574 0.000000 -0.034193 0.994793 0.096004 11.673000 0.020943 -0.095326 0.995226 0.000000 0.000000 0.000000 0.000000 1.000000
0.999415 0.032280 -0.011269 0.000000 -0.031043 0.994836 0.096630 11.673000 0.014330 -0.096224 0.995257 0.000000 0.000000 0.000000 0.000000 1.000000
0.999605 0.027228 -0.006898 0.000000 -0.026431 0.994927 0.097065 11.673000 0.009506 -0.096844 0.995254 0.000000 0.000000 0.000000 0.000000 1.000000
0.999721 0.022925 -0.005687 0.000000 -0.022256 0.994919 0.098188 11.673000 0.007909 -0.098034 0.995152 0.000000 0.000000 0.000000 0.000000 1.000000
0.999756 0.020908 -0.007123 0.000000 -0.020096 0.994833 0.099516 11.673000 0.009167 -0.099349 0.995010 0.000000 0.000000 0.000000 0.000000 1.000000
0.999718 0.021607 -0.009875 -0.000000 -0.020505 0.994714 0.100621 11.673000 0.011997 -0.100390 0.994876 0.000000 0.000000 0.000000 0.000000 1.000000
0.999626 0.024444 -0.012256 -0.000000 -0.023058 0.994444 0.102710 11.673000 0.014699 -0.102389 0.994636 -0.000000 0.000000 0.000000 0.000000 1.000000
0.999499 0.028844 -0.013060 0.000000 -0.027273 0.993816 0.107639 11.673000 0.016084 -0.107229 0.994104 -0.000000 0.000000 0.000000 0.000000 1.000000
0.999307 0.035061 -0.012504 0.000000 -0.033384 0.992734 0.115608 11.673000 0.016467 -0.115110 0.993216 -0.000000 0.000000 0.000000 0.000000 1.000000
0.998985 0.043454 -0.011890 -0.000000 -0.041636 0.991316 0.124732 11.673000 0.017206 -0.124110 0.992119 0.000000 0.000000 0.000000 0.000000 1.000000
0.998529 0.052847 -0.012098 0.000000 -0.050774 0.989816 0.132986 11.673000 0.019003 -0.132176 0.991044 0.000000 0.000000 0.000000 0.000000 1.000000
0.998096 0.060346 -0.012718 -0.000000 -0.057981 0.988466 0.139904 11.673000 0.021014 -0.138901 0.990083 0.000000 0.000000 0.000000 0.000000 1.000000
0.997906 0.063446 -0.012581 0.000000 -0.060934 0.987381 0.146172 11.673000 0.021696 -0.145099 0.989179 0.000000 0.000000 0.000000 0.000000 1.000000
0.998008 0.062167 -0.010758 0.000000 -0.059814 0.986549 0.152130 11.673000 0.020071 -0.151184 0.988302 0.000000 0.000000 0.000000 0.000000 1.000000
0.998247 0.058748 -0.007199 0.000000 -0.056890 0.985935 0.157147 11.673000 0.016330 -0.156462 0.987549 0.000000 0.000000 0.000000 0.000000 1.000000
0.998450 0.055574 -0.003119 0.000000 -0.054355 0.985553 0.160409 11.673000 0.011989 -0.159991 0.987046 0.000000 0.000000 0.000000 0.000000 1.000000
0.998542 0.053972 -0.000956 -0.000000 -0.053104 0.985348 0.162078 11.673000 0.009689 -0.161791 0.986777 0.000000 0.000000 0.000000 0.000000 1.000000
0.998505 0.054562 -0.003204 0.000000 -0.053307 0.985129 0.163337 11.673000 0.012069 -0.162922 0.986565 0.000000 0.000000 0.000000 0.000000 1.000000
0.998285 0.057585 -0.010568 0.000000 -0.055053 0.984720 0.165217 11.673000 0.019920 -0.164351 0.986201 -0.000000 0.000000 0.000000 0.000000 1.000000
