<?xml version="1.0" encoding="utf-8"?>
<COLLADA xmlns="http://www.collada.org/2005/11/COLLADASchema" version="1.4.1">
  <asset>
    <contributor>
      <author>Mixamo</author>
      <authoring_tool>COLLADA Mixamo exporter</authoring_tool>
      <comments/>
    </contributor>
    <created>2026-01-26T10:39:10Z</created>
    <modified>2026-01-26T10:39:10Z</modified>
    <revision/>
    <title/>
    <unit meter="0.010000"/>
    <up_axis>Y_UP</up_axis>
  </asset>
  <library_animations>
    <animation id="mixamorig_Hips-anim" name="mixamorig_Hips">
      <source id="mixamorig_Hips-Matrix-animation-input">
        <float_array id="mixamorig_Hips-Matrix-animation-input-array" count="62">

0.000000 0.033333 0.066667 0.100000 0.133333 0.166667 0.200000 0.233333 0.266667 0.300000 0.333333 0.366667 0.400000 0.433333 0.466667 0.500000
0.533333 0.566667 0.600000 0.633333 0.666667 0.700000 0.733333 0.766667 0.800000 0.833333 0.866667 0.900000 0.933333 0.966667 1.000000 1.033333
1.066667 1.100000 1.133333 1.166667 1.200000 1.233333 1.266667 1.300000 1.333333 1.366667 1.400000 1.433333 1.466667 1.500000 1.533333 1.566667
1.600000 1.633333 1.666667 1.700000 1.733333 1.766667 1.800000 1.833333 1.866667 1.900000 1.933333 1.966667 2.000000 2.033333</float_array>
        <technique_common>
          <accessor source="#mixamorig_Hips-Matrix-animation-input-array" count="62">
            <param name="TIME" type="float"/>
          </accessor>
        </technique_common>
      </source>
      <source id="mixamorig_Hips-Matrix-animation-output-transform">
        <float_array id="mixamorig_Hips-Matrix-animation-output-transform-array" count="992">
0.992745 -0.054247 0.107307 -9.758600 0.051760 0.998325 0.025831 105.488060 -0.108529 -0.020089 0.993890 1.032138 0.000000 0.000000 0.000000 1.000000 0.992548 -0.053254 0.109600 -9.699886 0.050524 0.998343 0.027541 104.565483 -0.110886 -0.021799 0.993594 1.261649 0.000000 0.000000 0.000000 1.000000 0.992353 -0.052502 0.111707 -9.598589 0.049428 0.998324 0.030114 103.620422 -0.113101 -0.024363 0.993285 1.545520 0.000000 0.000000 0.000000 1.000000 0.992236 -0.050841 0.113503 -9.442960 0.047177 0.998282 0.034741 102.682410 -0.115075 -0.029117 0.992930 1.913628 0.000000 0.000000 0.000000 1.000000 0.992098 -0.046388 0.116576 -9.213428 0.041852 0.998280 0.041063 101.767614 -0.118281 -0.035859 0.992332 2.342902 0.000000 0.000000 0.000000 1.000000 0.991888 -0.038386 0.121178 -8.863137 0.033181 0.998450 0.044688 100.884839 -0.122706 -0.040305 0.991624 2.702100 0.000000 0.000000 0.000000 1.000000 0.992575 -0.028942 0.118141 -8.295647 0.024554 0.998959 0.038433 100.048634 -0.119131 -0.035247 0.992253 2.758261 0.000000 0.000000 0.000000 1.000000 0.995950 -0.022959 0.086929 -7.388990 0.021376 0.999589 0.019097 99.246388 -0.087332 -0.017161 0.996031 2.295191 0.000000 0.000000 0.000000 1.000000 0.999624 -0.024235 0.012820 -6.071411 0.024320 0.999683 -0.006544 98.297878 -0.012658 0.006853 0.999896 1.292422 0.000000 0.000000 0.000000 1.000000 0.995683 -0.029099 -0.088135 -4.429038 0.026901 0.999299 -0.026022 96.824436 0.088831 0.023538 0.995769 -0.031200 0.000000 0.000000 0.000000 1.000000 0.985812 -0.030773 -0.165010 -2.835742 0.025316 0.999064 -0.035073 94.728778 0.165935 0.030398 0.985668 -1.360687 0.000000 0.000000 0.000000 1.000000 0.985380 -0.028860 -0.167908 -1.591661 0.022528 0.998966 -0.039496 92.076052 0.168874 0.035136 0.985011 -2.543318 0.000000 0.000000 0.000000 1.000000 0.994850 -0.027619 -0.097522 -0.744719 0.024002 0.998987 -0.038074 88.794961 0.098475 0.035538 0.994505 -3.614446 0.000000 0.000000 0.000000 1.000000 0.999528 -0.029319 -0.009229 -0.173815 0.029085 0.999277 -0.024494 85.168420 0.009940 0.024214 0.999657 -4.595154 0.000000 0.000000 0.000000 1.000000 0.998239 -0.035664 0.047410 0.207334 0.036110 0.999311 -0.008584 81.813385 -0.047071 0.010280 0.998839 -5.337390 0.000000 0.000000 0.000000 1.000000 0.996497 -0.044385 0.070876 0.649549 0.045101 0.998946 -0.008534 78.972138 -0.070423 0.011701 0.997449 -5.579782 0.000000 0.000000 0.000000 1.000000 0.995087 -0.049409 0.085792 1.446604 0.051874 0.998295 -0.026749 76.674034 -0.084324 0.031068 0.995954 -5.205887 0.000000 0.000000 0.000000 1.000000 0.993144 -0.040558 0.109632 2.773234 0.046511 0.997548 -0.052302 74.937217 -0.107242 0.057042 0.992595 -4.130227 0.000000 0.000000 0.000000 1.000000 0.988996 -0.012068 0.147450 4.684374 0.023976 0.996566 -0.079254 73.906745 -0.145987 0.081917 0.985889 -2.198723 0.000000 0.000000 0.000000 1.000000 0.979024 0.032556 0.201126 7.307116 -0.010842 0.994077 -0.108132 73.517355 -0.203455 0.103683 0.973579 0.894336 0.000000 0.000000 0.000000 1.000000 0.958735 0.080764 0.272589 10.938305 -0.045110 0.989870 -0.134623 73.413968 -0.280701 0.116771 0.952666 5.382827 0.000000 0.000000 0.000000 1.000000 0.926179 0.116523 0.358628 15.558249 -0.066317 0.986568 -0.149281 73.509770 -0.371206 0.114478 0.921467 10.759820 0.000000 0.000000 0.000000 1.000000 0.883400 0.128732 0.450592 20.968489 -0.066311 0.986193 -0.151747 73.490116 -0.463905 0.104174 0.879739 16.296440 0.000000 0.000000 0.000000 1.000000 0.830545 0.120021 0.543865 26.379349 -0.045292 0.987825 -0.148830 72.871067 -0.555106 0.098977 0.825869 21.172722 0.000000 0.000000 0.000000 1.000000 0.759909 0.095070 0.643040 31.133297 -0.006303 0.990278 -0.138958 72.080349 -0.649999 0.101543 0.753120 25.205906 0.000000 0.000000 0.000000 1.000000 0.668819 0.061866 0.740846 35.517193 0.030464 0.993414 -0.110459 71.264293 -0.742801 0.096446 0.662529 28.390980 0.000000 0.000000 0.000000 1.000000 0.572362 0.025168 0.819615 39.296112 0.050029 0.996595 -0.065539 70.626712 -0.818474 0.078517 0.569154 30.721575 0.000000 0.000000 0.000000 1.000000 0.475538 -0.006992 0.879667 42.039757 0.054236 0.998299 -0.021384 70.029031 -0.878022 0.057878 0.475108 32.552151 0.000000 0.000000 0.000000 1.000000 0.355438 -0.036030 0.934005 43.702335 0.055426 0.998311 0.017419 69.372003 -0.933055 0.045577 0.356834 34.512321 0.000000 0.000000 0.000000 1.000000 0.189007 -0.096539 0.977219 44.729290 0.044180 0.994984 0.089749 68.588837 -0.980981 0.026210 0.192324 37.144848 0.000000 0.000000 0.000000 1.000000 -0.014159 -0.172811 0.984853 45.713955 0.012239 0.984848 0.172986 67.932297 -0.999825 0.014503 -0.011829 40.776112 0.000000 0.000000 0.000000 1.000000 -0.214282 -0.254009 0.943166 47.277657 -0.037420 0.967021 0.251932 67.659271 -0.976055 0.018691 -0.216721 45.283352 0.000000 0.000000 0.000000 1.000000 -0.379721 -0.328015 0.864996 49.882866 -0.095249 0.943922 0.316132 67.971160 -0.920185 0.037652 -0.389670 50.048351 0.000000 0.000000 0.000000 1.000000 -0.499865 -0.392373 0.772126 53.495831 -0.153405 0.917509 0.366940 68.882079 -0.852410 0.064972 -0.518822 54.301167 0.000000 0.000000 0.000000 1.000000 -0.585426 -0.425939 0.689820 57.682709 -0.194280 0.899781 0.390704 71.084418 -0.787103 0.094710 -0.609507 57.375568 0.000000 0.000000 0.000000 1.000000 -0.653066 -0.424257 0.627305 61.952866 -0.206802 0.896768 0.391204 75.116788 -0.728517 0.125754 -0.673386 59.049984 0.000000 0.000000 0.000000 1.000000 -0.716528 -0.384564 0.581978 66.030449 -0.190035 0.910366 0.367588 80.890134 -0.671173 0.152791 -0.725383 59.647583 0.000000 0.000000 0.000000 1.000000 -0.782736 -0.314766 0.536886 69.944237 -0.154497 0.933942 0.322308 87.526699 -0.602872 0.169336 -0.779661 59.861244 0.000000 0.000000 0.000000 1.000000 -0.847893 -0.244246 0.470554 73.823921 -0.125205 0.954702 0.269940 93.757771 -0.515171 0.169964 -0.840066 60.230030 0.000000 0.000000 0.000000 1.000000 -0.904585 -0.193881 0.379653 77.794777 -0.110506 0.966796 0.230423 99.345791 -0.411721 0.166483 -0.895974 60.620094 0.000000 0.000000 0.000000 1.000000 -0.943995 -0.170902 0.282251 81.833725 -0.112157 0.970675 0.212628 103.921489 -0.310312 0.169064 -0.935480 60.759293 0.000000 0.000000 0.000000 1.000000 -0.968393 -0.160126 0.191245 86.039932 -0.119858 0.971141 0.206202 107.708262 -0.218744 0.176762 -0.959639 60.263809 0.000000 0.000000 0.000000 1.000000 -0.984839 -0.138586 0.104337 90.409500 -0.116218 0.973642 0.196253 110.889200 -0.128785 0.181152 -0.974986 59.200729 0.000000 0.000000 0.000000 1.000000 -0.994841 -0.099294 0.020783 94.732574 -0.093803 0.978390 0.184267 113.165353 -0.038630 0.181367 -0.982657 57.906956 0.000000 0.000000 0.000000 1.000000 -0.997454 -0.050660 -0.050192 98.737564 -0.059199 0.980638 0.186668 114.433999 0.039763 0.189164 -0.981140 56.615776 0.000000 0.000000 0.000000 1.000000 -0.994770 -0.003019 -0.102093 102.272247 -0.024581 0.977261 0.210610 115.453789 0.099136 0.212019 -0.972224 55.378830 0.000000 0.000000 0.000000 1.000000 -0.988396 0.041713 -0.146057 105.310432 0.005416 0.970622 0.240550 116.736671 0.151800 0.236967 -0.959585 54.119160 0.000000 0.000000 0.000000 1.000000 -0.976848 0.083329 -0.197038 107.737946 0.030146 0.965448 0.258845 118.333076 0.211799 0.246912 -0.945609 52.674522 0.000000 0.000000 0.000000 1.000000 -0.961254 0.115159 -0.250456 109.426437 0.045550 0.962425 0.267698 120.107352 0.271874 0.245918 -0.930381 50.969837 0.000000 0.000000 0.000000 1.000000 -0.948066 0.130135 -0.290233 110.416733 0.046826 0.959635 0.277322 122.205878 0.314607 0.249330 -0.915892 49.196617 0.000000 0.000000 0.000000 1.000000 -0.939502 0.129548 -0.317102 110.777878 0.036316 0.958179 0.283855 125.241811 0.340613 0.255167 -0.904916 47.693977 0.000000 0.000000 0.000000 1.000000 -0.929911 0.124062 -0.346229 110.580582 0.025619 0.960953 0.275524 129.533238 0.366892 0.247343 -0.896779 46.687595 0.000000 0.000000 0.000000 1.000000 -0.917275 0.121342 -0.379320 109.906799 0.023820 0.967464 0.251883 134.226292 0.397542 0.222011 -0.890321 46.127327 0.000000 0.000000 0.000000 1.000000 -0.910484 0.120226 -0.395682 108.970879 0.032040 0.974440 0.222353 137.976963 0.412301 0.189771 -0.891064 45.819122 0.000000 0.000000 0.000000 1.000000 -0.921705 0.111109 -0.371639 108.017242 0.038065 0.979382 0.198400 141.787540 0.386020 0.168720 -0.906930 46.183388 0.000000 0.000000 0.000000 1.000000 -0.945494 0.095779 -0.311236 107.143951 0.035466 0.980369 0.193955 144.389713 0.323703 0.172344 -0.930330 46.818916 0.000000 0.000000 0.000000 1.000000 -0.966127 0.082271 -0.244603 106.349312 0.028731 0.976221 0.214866 145.341815 0.256463 0.200561 -0.945517 47.341068 0.000000 0.000000 0.000000 1.000000 -0.978854 0.076729 -0.189623 105.486816 0.028312 0.968882 0.245900 145.769320 0.202590 0.235331 -0.950566 47.770229 0.000000 0.000000 0.000000 1.000000 -0.988685 0.070091 -0.132623 104.427032 0.032980 0.964056 0.263643 145.907212 0.146335 0.256286 -0.955460 48.025810 0.000000 0.000000 0.000000 1.000000 -0.996573 0.054956 -0.061822 103.354073 0.036905 0.964286 0.262279 145.919343 0.074028 0.259098 -0.963010 48.083340 0.000000 0.000000 0.000000 1.000000 -0.999225 0.038400 0.008687 102.566887 0.039341 0.965479 0.257491 145.750733 0.001500 0.257633 -0.966242 47.930401 0.000000 0.000000 0.000000 1.000000 -0.997881 0.031187 0.057099 102.152306 0.045354 0.962685 0.266796 145.383850 -0.046648 0.268821 -0.962060 47.488274 0.000000 0.000000 0.000000 1.000000
</float_array>
        <technique_common>
          <accessor source="#mixamorig_Hips-Matrix-animation-output-transform-array" count="62" stride="16">
            <param type="float4x4"/>
          </accessor>
        </technique_common>
      </source>
      <source id="mixamorig_Hips-Interpolations">
        <Name_array id="mixamorig_Hips-Interpolations-array" count="62">
 LINEAR LINEAR LINEAR LINEAR LINEAR LINEAR LINEAR LINEAR LINEAR LINEAR LINEAR
LINEAR LINEAR LINEAR LINEAR LINEAR LINEAR LINEAR LINEAR LINEAR LINEAR LINEAR LINEAR
LINEAR LINEAR LINEAR LINEAR LINEAR LINEAR LINEAR LINEAR LINEAR LINEAR LINEAR LINEAR
LINEAR LINEAR LINEAR LINEAR LINEAR LINEAR LINEAR LINEAR LINEAR LINEAR LINEAR LINEAR
LINEAR LINEAR LINEAR LINEAR LINEAR LINEAR LINEAR LINEAR LINEAR LINEAR LINEAR LINEAR
LINEAR LINEAR LINEAR</Name_array>
        <technique_common>
          <accessor source="#mixamorig_Hips-Interpolations-array" count="62">
            <param type="name"/>
          </accessor>
        </technique_common>
      </source>
      <sampler id="mixamorig_Hips-Matrix-animation-transform">
        <input semantic="INPUT" source="#mixamorig_Hips-Matrix-animation-input"/>
        <input semantic="OUTPUT" source="#mixamorig_Hips-Matrix-animation-output-transform"/>
        <input semantic="INTERPOLATION" source="#mixamorig_Hips-Interpolations"/>
      </sampler>
      <channel source="#mixamorig_Hips-Matrix-animation-transform" target="mixamorig_Hips/matrix"/>
    </animation>
    <animation id="mixamorig_Spine-anim" name="mixamorig_Spine">
      <source id="mixamorig_Spine-Matrix-animation-input">
        <float_array id="mixamorig_Spine-Matrix-animation-input-array" count="62">

0.000000 0.033333 0.066667 0.100000 0.133333 0.166667 0.200000 0.233333 0.266667 0.300000 0.333333 0.366667 0.400000 0.433333 0.466667 0.500000
0.533333 0.566667 0.600000 0.633333 0.666667 0.700000 0.733333 0.766667 0.800000 0.833333 0.866667 0.900000 0.933333 0.966667 1.000000 1.033333
1.066667 1.100000 1.133333 1.166667 1.200000 1.233333 1.266667 1.300000 1.333333 1.366667 1.400000 1.433333 1.466667 1.500000 1.533333 1.566667
1.600000 1.633333 1.666667 1.700000 1.733333 1.766667 1.800000 1.833333 1.866667 1.900000 1.933333 1.966667 2.000000 2.033333</float_array>
        <technique_common>
          <accessor source="#mixamorig_Spine-Matrix-animation-input-array" count="62">
            <param name="TIME" type="float"/>
          </accessor>
        </technique_common>
      </source>
      <source id="mixamorig_Spine-Matrix-animation-output-transform">
        <float_array id="mixamorig_Spine-Matrix-animation-output-transform-array" count="992">

0.999939 0.011007 0.000627 0.000400 -0.010905 0.995794 -0.090972 10.664600 -0.001626 0.090960 0.995853 -0.060300 0.000000 0.000000 0.000000 1.000000
0.999943 0.010650 0.000744 0.000400 -0.010541 0.995912 -0.089711 10.664600 -0.001697 0.089698 0.995968 -0.060300 0.000000 0.000000 0.000000 1.000000
0.999947 0.010228 0.001001 0.000400 -0.010101 0.996124 -0.087379 10.664600 -0.001891 0.087365 0.996175 -0.060300 0.000000 0.000000 0.000000 1.000000
0.999956 0.009299 0.001445 0.000400 -0.009144 0.996410 -0.084159 10.664600 -0.002222 0.084142 0.996451 -0.060300 0.000000 0.000000 0.000000 1.000000
0.999971 0.007307 0.002182 0.000400 -0.007109 0.996758 -0.080143 10.664600 -0.002760 0.080125 0.996781 -0.060300 0.000000 0.000000 0.000000 1.000000
0.999985 0.004093 0.003564 0.000400 -0.003814 0.997171 -0.075073 10.664600 -0.003861 0.075059 0.997172 -0.060300 0.000000 0.000000 0.000000 1.000000
0.999978 -0.000022 0.006661 0.000400 0.000479 0.997643 -0.068617 10.664600 -0.006644 0.068619 0.997621 -0.060300 0.000000 0.000000 0.000000 1.000000
0.999902 -0.004952 0.013061 0.000400 0.005750 0.998069 -0.061841 10.664600 -0.012730 0.061910 0.998001 -0.060300 0.000000 0.000000 0.000000 1.000000
0.999662 -0.011978 0.023072 0.000400 0.013313 0.998192 -0.058614 10.664600 -0.022328 0.058902 0.998014 -0.060300 0.000000 0.000000 0.000000 1.000000
0.999178 -0.022138 0.033964 0.000400 0.024253 0.997708 -0.063178 10.664600 -0.032487 0.063950 0.997424 -0.060300 0.000000 0.000000 0.000000 1.000000
0.998584 -0.033863 0.041040 0.000400 0.036833 0.996584 -0.073912 10.664600 -0.038397 0.075319 0.996420 -0.060300 0.000000 0.000000 0.000000 1.000000
0.998159 -0.044483 0.041222 0.000400 0.047835 0.995295 -0.084256 10.664600 -0.037280 0.086073 0.995591 -0.060300 0.000000 0.000000 0.000000 1.000000
0.998025 -0.051193 0.036417 0.000400 0.054363 0.994257 -0.092180 10.664600 -0.031489 0.093978 0.995076 -0.060300 0.000000 0.000000 0.000000 1.000000
0.997970 -0.054181 0.033466 0.000400 0.057306 0.993251 -0.100837 10.664600 -0.027777 0.102550 0.994340 -0.060300 0.000000 0.000000 0.000000 1.000000
0.997908 -0.053630 0.036117 0.000400 0.057321 0.992229 -0.110434 10.664600 -0.029914 0.112273 0.993227 -0.060300 0.000000 0.000000 0.000000 1.000000
0.997926 -0.049227 0.041485 0.000400 0.053800 0.991615 -0.117492 10.664600 -0.035354 0.119480 0.992207 -0.060300 0.000000 0.000000 0.000000 1.000000
0.998027 -0.042828 0.045918 0.000400 0.048095 0.991542 -0.120544 10.664600 -0.040367 0.122514 0.991645 -0.060300 0.000000 0.000000 0.000000 1.000000
0.997991 -0.039058 0.049892 0.000400 0.044807 0.991779 -0.119861 10.664600 -0.044800 0.121856 0.991536 -0.060300 0.000000 0.000000 0.000000 1.000000
0.997629 -0.041215 0.055120 0.000400 0.047327 0.992281 -0.114622 10.664600 -0.049971 0.116959 0.991879 -0.060300 0.000000 0.000000 0.000000 1.000000
0.996958 -0.048270 0.061200 0.000400 0.054390 0.993232 -0.102621 10.664600 -0.055833 0.105637 0.992836 -0.060300 0.000000 0.000000 0.000000 1.000000
0.996287 -0.055821 0.065551 0.000400 0.061285 0.994533 -0.084549 10.664600 -0.060473 0.088252 0.994261 -0.060300 0.000000 0.000000 0.000000 1.000000
0.995999 -0.060148 0.066086 0.000400 0.064510 0.995734 -0.065977 10.664600 -0.061836 0.069977 0.995630 -0.060300 0.000000 0.000000 0.000000 1.000000
0.996339 -0.057737 0.063051 0.000400 0.061040 0.996792 -0.051769 10.664600 -0.059859 0.055428 0.996667 -0.060300 0.000000 0.000000 0.000000 1.000000
0.997182 -0.048320 0.057391 0.000400 0.050792 0.997807 -0.042437 10.664600 -0.055215 0.045233 0.997449 -0.060300 0.000000 0.000000 0.000000 1.000000
0.998209 -0.034725 0.048704 0.000400 0.036660 0.998551 -0.039406 10.664600 -0.047265 0.041121 0.998036 -0.060300 0.000000 0.000000 0.000000 1.000000
0.998897 -0.025162 0.039653 0.000400 0.026862 0.998716 -0.042948 10.664600 -0.038521 0.043966 0.998290 -0.060300 0.000000 0.000000 0.000000 1.000000
0.999103 -0.021887 0.036264 0.000400 0.023753 0.998372 -0.051863 10.664600 -0.035070 0.052678 0.997996 -0.060300 0.000000 0.000000 0.000000 1.000000
0.998988 -0.023399 0.038410 0.000400 0.025772 0.997714 -0.062474 10.664600 -0.036861 0.063401 0.997307 -0.060300 0.000000 0.000000 0.000000 1.000000
0.998887 -0.025190 0.039884 0.000400 0.028060 0.996929 -0.073110 10.664600 -0.037920 0.074147 0.996526 -0.060300 0.000000 0.000000 0.000000 1.000000
0.998928 -0.029668 0.035529 0.000400 0.032635 0.995757 -0.086046 10.664600 -0.032825 0.087113 0.995657 -0.060300 0.000000 0.000000 0.000000 1.000000
0.999015 -0.036842 0.024734 0.000400 0.039234 0.993756 -0.104449 10.664600 -0.020732 0.105317 0.994223 -0.060300 0.000000 0.000000 0.000000 1.000000
0.998948 -0.044470 0.011211 0.000400 0.045529 0.991011 -0.125798 10.664600 -0.005516 0.126176 0.991993 -0.060300 0.000000 0.000000 0.000000 1.000000
0.998737 -0.050234 -0.000519 0.000400 0.049648 0.988558 -0.142436 10.664600 0.007668 0.142231 0.989804 -0.060300 0.000000 0.000000 0.000000 1.000000
0.998480 -0.054580 -0.007623 0.000400 0.052835 0.987394 -0.149202 10.664600 0.015670 0.148572 0.988777 -0.060300 0.000000 0.000000 0.000000 1.000000
0.998402 -0.055356 -0.011344 0.000400 0.053108 0.987820 -0.146259 10.664600 0.019302 0.145423 0.989181 -0.060300 0.000000 0.000000 0.000000 1.000000
0.998652 -0.049833 -0.014511 0.000400 0.047403 0.989570 -0.136029 10.664600 0.021138 0.135157 0.990599 -0.060300 0.000000 0.000000 0.000000 1.000000
0.999123 -0.037690 -0.018251 0.000400 0.035198 0.991952 -0.121624 10.664600 0.022688 0.120875 0.992408 -0.060300 0.000000 0.000000 0.000000 1.000000
0.999541 -0.019936 -0.022809 0.000400 0.017358 0.993988 -0.108100 10.664600 0.024827 0.107655 0.993878 -0.060300 0.000000 0.000000 0.000000 1.000000
0.999593 -0.007084 -0.027650 0.000400 0.004260 0.994890 -0.100870 10.664600 0.028224 0.100712 0.994515 -0.060300 0.000000 0.000000 0.000000 1.000000
0.999516 0.000543 -0.031097 0.000400 -0.003665 0.994936 -0.100444 10.664600 0.030885 0.100509 0.994457 -0.060300 0.000000 0.000000 0.000000 1.000000
0.999531 0.003640 -0.030397 0.000400 -0.006788 0.994543 -0.104105 10.664600 0.029852 0.104262 0.994102 -0.060300 0.000000 0.000000 0.000000 1.000000
0.999625 0.004158 -0.027071 0.000400 -0.007058 0.994134 -0.107926 10.664600 0.026463 0.108076 0.993790 -0.060300 0.000000 0.000000 0.000000 1.000000
0.999653 0.007025 -0.025402 0.000400 -0.009773 0.993911 -0.109749 10.664600 0.024476 0.109959 0.993635 -0.060300 0.000000 0.000000 0.000000 1.000000
0.999575 0.013495 -0.025847 0.000400 -0.016262 0.993793 -0.110046 10.664600 0.024202 0.110420 0.993590 -0.060300 0.000000 0.000000 0.000000 1.000000
0.999372 0.022720 -0.027201 0.000400 -0.025620 0.993433 -0.111511 10.664600 0.024489 0.112137 0.993391 -0.060300 0.000000 0.000000 0.000000 1.000000
0.999032 0.033197 -0.028874 0.000400 -0.036331 0.992605 -0.115827 10.664600 0.024815 0.116763 0.992850 -0.060300 0.000000 0.000000 0.000000 1.000000
0.998500 0.044021 -0.032554 0.000400 -0.047618 0.991687 -0.119541 10.664600 0.027021 0.120912 0.992295 -0.060300 0.000000 0.000000 0.000000 1.000000
0.997750 0.053919 -0.039839 0.000400 -0.058289 0.991278 -0.118199 10.664600 0.033118 0.120255 0.992190 -0.060300 0.000000 0.000000 0.000000 1.000000
0.996942 0.060862 -0.049016 0.000400 -0.066019 0.991562 -0.111563 10.664600 0.041812 0.114458 0.992548 -0.060300 0.000000 0.000000 0.000000 1.000000
0.996526 0.062457 -0.055093 0.000400 -0.067870 0.992408 -0.102571 10.664600 0.048269 0.105953 0.993199 -0.060300 0.000000 0.000000 0.000000 1.000000
0.996780 0.057691 -0.055686 0.000400 -0.062707 0.993691 -0.092984 10.664600 0.049971 0.096176 0.994109 -0.060300 0.000000 0.000000 0.000000 1.000000
0.997322 0.049785 -0.053571 0.000400 -0.054116 0.995104 -0.082696 10.664600 0.049192 0.085373 0.995134 -0.060300 0.000000 0.000000 0.000000 1.000000
0.997872 0.041464 -0.050325 0.000400 -0.045040 0.996376 -0.072148 10.664600 0.047151 0.074261 0.996124 -0.060300 0.000000 0.000000 0.000000 1.000000
0.998432 0.034573 -0.044036 0.000400 -0.037340 0.997273 -0.063663 10.664600 0.041714 0.065207 0.996999 -0.060300 0.000000 0.000000 0.000000 1.000000
0.999096 0.027469 -0.032458 0.000400 -0.029390 0.997749 -0.060278 10.664600 0.030729 0.061177 0.997654 -0.060300 0.000000 0.000000 0.000000 1.000000
0.999608 0.020201 -0.019368 0.000400 -0.021380 0.997800 -0.062749 10.664600 0.018058 0.063139 0.997841 -0.060300 0.000000 0.000000 0.000000 1.000000
0.999832 0.014810 -0.010762 0.000400 -0.015512 0.997538 -0.068384 10.664600 0.009723 0.068540 0.997601 -0.060300 0.000000 0.000000 0.000000 1.000000
0.999881 0.013435 -0.007602 0.000400 -0.013957 0.997208 -0.073362 10.664600 0.006596 0.073459 0.997276 -0.060300 0.000000 0.000000 0.000000 1.000000
0.999916 0.012369 -0.003900 0.000400 -0.012623 0.997190 -0.073849 10.664600 0.002976 0.073892 0.997262 -0.060300 0.000000 0.000000 0.000000 1.000000
0.999949 0.009414 0.003623 0.000400 -0.009131 0.997410 -0.071345 10.664600 -0.004286 0.071308 0.997445 -0.060300 0.000000 0.000000 0.000000 1.000000
0.999906 0.006548 0.012050 0.000400 -0.005698 0.997584 -0.069242 10.664600 -0.012474 0.069166 0.997527 -0.060300 0.000000 0.000000 0.000000 1.000000
0.999848 0.006598 0.016108 0.000400 -0.005478 0.997625 -0.068667 10.664600 -0.016523 0.068568 0.997510 -0.060300 0.000000 0.000000 0.000000 1.000000</float_array>
        <technique_common>
          <accessor source="#mixamorig_Spine-Matrix-animation-output-transform-array" count="62" stride="16">
            <param type="float4x4"/>
          </accessor>
        </technique_common>
      </source>
      <source id="mixamorig_Spine-Interpolations">
        <Name_array id="mixamorig_Spine-Interpolations-array" count="62">
 LINEAR LINEAR LINEAR LINEAR LINEAR LINEAR LINEAR LINEAR LINEAR LINEAR LINEAR
LINEAR LINEAR LINEAR LINEAR LINEAR LINEAR LINEAR LINEAR LINEAR LINEAR LINEAR LINEAR
LINEAR LINEAR LINEAR LINEAR LINEAR LINEAR LINEAR LINEAR LINEAR LINEAR LINEAR LINEAR
LINEAR LINEAR LINEAR LINEAR LINEAR LINEAR LINEAR LINEAR LINEAR LINEAR LINEAR LINEAR
LINEAR LINEAR LINEAR LINEAR LINEAR LINEAR LINEAR LINEAR LINEAR LINEAR LINEAR LINEAR
LINEAR LINEAR LINEAR</Name_array>
        <technique_common>
          <accessor source="#mixamorig_Spine-Interpolations-array" count="62">
            <param type="name"/>
          </accessor>
        </technique_common>
      </source>
      <sampler id="mixamorig_Spine-Matrix-animation-transform">
        <input semantic="INPUT" source="#mixamorig_Spine-Matrix-animation-input"/>
        <input semantic="OUTPUT" source="#mixamorig_Spine-Matrix-animation-output-transform"/>
        <input semantic="INTERPOLATION" source="#mixamorig_Spine-Interpolations"/>
      </sampler>
      <channel source="#mixamorig_Spine-Matrix-animation-transform" target="mixamorig_Spine/matrix"/>
    </animation>
    <animation id="mixamorig_Spine1-anim" name="mixamorig_Spine1">
      <source id="mixamorig_Spine1-Matrix-animation-input">
        <float_array id="mixamorig_Spine1-Matrix-animation-input-array" count="62">

0.000000 0.033333 0.066667 0.100000 0.133333 0.166667 0.200000 0.233333 0.266667 0.300000 0.333333 0.366667 0.400000 0.433333 0.466667 0.500000
0.533333 0.566667 0.600000 0.633333 0.666667 0.700000 0.733333 0.766667 0.800000 0.833333 0.866667 0.900000 0.933333 0.966667 1.000000 1.033333
1.066667 1.100000 1.133333 1.166667 1.200000 1.233333 1.266667 1.300000 1.333333 1.366667 1.400000 1.433333 1.466667 1.500000 1.533333 1.566667
1.600000 1.633333 1.666667 1.700000 1.733333 1.766667 1.800000 1.833333 1.866667 1.900000 1.933333 1.966667 2.000000 2.033333</float_array>
        <technique_common>
          <accessor source="#mixamorig_Spine1-Matrix-animation-input-array" count="62">
            <param name="TIME" type="float"/>
          </accessor>
        </technique_common>
      </source>
      <source id="mixamorig_Spine1-Matrix-animation-output-transform">
        <float_array id="mixamorig_Spine1-Matrix-animation-output-transform-array" count="992">

0.999918 0.012402 0.003283 0.000000 -0.012540 0.998857 0.046124 11.673000 -0.002708 -0.046161 0.998930 0.000000 0.000000 0.000000 0.000000 1.000000
0.999919 0.012256 0.003348 0.000000 -0.012405 0.998738 0.048671 11.673000 -0.002748 -0.048708 0.998809 0.000000 0.000000 0.000000 0.000000 1.000000
0.999921 0.012009 0.003654 0.000000 -0.012187 0.998501 0.053364 11.673000 -0.003008 -0.053404 0.998568 -0.000000 0.000000 0.000000 0.000000 1.000000
0.999931 0.011023 0.004154 -0.000000 -0.011252 0.998144 0.059848 11.673000 -0.003486 -0.059890 0.998199 0.000000 0.000000 0.000000 0.000000 1.000000
0.999952 0.008503 0.004912 0.000000 -0.008818 0.997650 0.067940 11.673000 -0.004322 -0.067980 0.997677 0.000000 0.000000 0.000000 0.000000 1.000000
0.999970 0.004007 0.006611 0.000000 -0.004512 0.996931 0.078150 11.673000 -0.006277 -0.078178 0.996920 0.000000 0.000000 0.000000 0.000000 1.000000
0.999931 -0.002989 0.011362 0.000000 0.001941 0.995838 0.091119 11.673000 -0.011587 -0.091091 0.995775 0.000000 0.000000 0.000000 0.000000 1.000000
0.999657 -0.014160 0.022034 0.000000 0.011778 0.994433 0.104706 11.673000 -0.023394 -0.104410 0.994259 0.000000 0.000000 0.000000 0.000000 1.000000
0.998736 -0.031969 0.038787 -0.000000 0.027476 0.993408 0.111295 11.673000 -0.042090 -0.110088 0.993030 -0.000000 0.000000 0.000000 0.000000 1.000000
0.996842 -0.055925 0.056381 0.000000 0.049937 0.993475 0.102532 11.673000 -0.061747 -0.099393 0.993131 0.000000 0.000000 0.000000 0.000000 1.000000
0.994788 -0.077621 0.066125 0.000000 0.072155 0.994068 0.081380 11.673000 -0.072050 -0.076184 0.994487 0.000000 0.000000 0.000000 0.000000 1.000000
0.994017 -0.089842 0.062120 0.000000 0.086095 0.994443 0.060580 11.673000 -0.067217 -0.054870 0.996228 0.000000 0.000000 0.000000 0.000000 1.000000
0.994360 -0.094143 0.048840 0.000000 0.092000 0.994768 0.044425 11.673000 -0.052767 -0.039681 0.997818 -0.000000 0.000000 0.000000 0.000000 1.000000
0.994646 -0.095246 0.040092 0.000000 0.094214 0.995189 0.026889 11.673000 -0.042461 -0.022968 0.998834 -0.000000 0.000000 0.000000 0.000000 1.000000
0.994657 -0.093741 0.043234 0.000000 0.093498 0.995590 0.007614 11.673000 -0.043757 -0.003531 0.999036 0.000000 0.000000 0.000000 0.000000 1.000000
0.994806 -0.087330 0.052285 0.000000 0.087787 0.996118 -0.006495 11.673000 -0.051515 0.011052 0.998611 0.000000 0.000000 0.000000 0.000000 1.000000
0.995201 -0.077591 0.059615 0.000000 0.078472 0.996837 -0.012586 11.673000 -0.058450 0.017204 0.998142 0.000000 0.000000 0.000000 0.000000 1.000000
0.995291 -0.072107 0.064777 0.000000 0.072979 0.997271 -0.011201 11.673000 -0.063792 0.015876 0.997837 0.000000 0.000000 0.000000 0.000000 1.000000
0.994613 -0.075812 0.070690 0.000000 0.076048 0.997104 -0.000654 11.673000 -0.070436 0.006027 0.997498 0.000000 0.000000 0.000000 0.000000 1.000000
0.993135 -0.087149 0.078030 0.000000 0.085561 0.996056 0.023473 11.673000 -0.079768 -0.016635 0.996675 -0.000000 0.000000 0.000000 0.000000 1.000000
0.991384 -0.100081 0.084505 0.000000 0.095220 0.993663 0.059733 11.673000 -0.089947 -0.051172 0.994631 0.000000 0.000000 0.000000 0.000000 1.000000
0.990427 -0.106368 0.087978 0.000000 0.097775 0.990488 0.096813 11.673000 -0.097439 -0.087284 0.991407 0.000000 0.000000 0.000000 0.000000 1.000000
0.990958 -0.101472 0.087783 0.000000 0.090095 0.988049 0.125072 11.673000 -0.099425 -0.116032 0.988257 0.000000 0.000000 0.000000 0.000000 1.000000
0.992683 -0.086856 0.083881 -0.000000 0.074209 0.986847 0.143619 11.673000 -0.095252 -0.136343 0.986072 0.000000 0.000000 0.000000 0.000000 1.000000
0.995038 -0.066756 0.073775 0.000000 0.055134 0.987201 0.149650 11.673000 -0.082821 -0.144840 0.985983 0.000000 0.000000 0.000000 0.000000 1.000000
0.996788 -0.053009 0.060033 0.000000 0.043995 0.988800 0.142613 11.673000 -0.066920 -0.139514 0.987956 -0.000000 0.000000 0.000000 0.000000 1.000000
0.997186 -0.052805 0.053209 -0.000000 0.045815 0.991103 0.124960 11.673000 -0.059334 -0.122171 0.990734 0.000000 0.000000 0.000000 0.000000 1.000000
0.996330 -0.063474 0.057426 0.000000 0.057259 0.992922 0.104050 11.673000 -0.063624 -0.100380 0.992913 0.000000 0.000000 0.000000 0.000000 1.000000
0.995086 -0.077088 0.062143 -0.000000 0.071808 0.993947 0.083139 11.673000 -0.068176 -0.078268 0.994599 0.000000 0.000000 0.000000 0.000000 1.000000
0.994289 -0.091499 0.054928 -0.000000 0.088352 0.994445 0.057216 11.673000 -0.059858 -0.052036 0.996850 0.000000 0.000000 0.000000 0.000000 1.000000
0.993958 -0.104247 0.034342 0.000000 0.103620 0.994425 0.019559 11.673000 -0.036189 -0.015883 0.999219 -0.000000 0.000000 0.000000 0.000000 1.000000
0.993744 -0.111390 0.008022 0.000000 0.111556 0.993457 -0.024475 11.673000 -0.005244 0.025217 0.999668 -0.000000 0.000000 0.000000 0.000000 1.000000
0.993679 -0.111257 -0.014960 0.000000 0.110205 0.992173 -0.058714 11.673000 0.021375 0.056694 0.998163 0.000000 0.000000 0.000000 0.000000 1.000000
0.993955 -0.105717 -0.029614 0.000000 0.103355 0.992010 -0.072341 11.673000 0.037025 0.068843 0.996940 -0.000000 0.000000 0.000000 0.000000 1.000000
0.994521 -0.097494 -0.037713 0.000000 0.094866 0.993292 -0.066116 11.673000 0.043906 0.062176 0.997099 0.000000 0.000000 0.000000 0.000000 1.000000
0.995483 -0.084111 -0.044034 0.000000 0.082118 0.995594 -0.045264 11.673000 0.047647 0.041444 0.998004 -0.000000 0.000000 0.000000 0.000000 1.000000
0.996849 -0.061116 -0.050572 -0.000000 0.060380 0.998048 -0.015965 11.673000 0.051449 0.012861 0.998593 0.000000 0.000000 0.000000 0.000000 1.000000
0.997937 -0.031638 -0.055865 0.000000 0.032323 0.999413 0.011394 11.673000 0.055471 -0.013176 0.998373 -0.000000 0.000000 0.000000 0.000000 1.000000
0.998251 -0.006597 -0.058747 0.000000 0.008149 0.999623 0.026215 11.673000 0.058552 -0.026648 0.997929 0.000000 0.000000 0.000000 0.000000 1.000000
0.998236 0.008678 -0.058732 0.000000 -0.007086 0.999603 0.027257 11.673000 0.058945 -0.026792 0.997902 -0.000000 0.000000 0.000000 0.000000 1.000000
0.998344 0.017477 -0.054811 0.000000 -0.016392 0.999662 0.020190 11.673000 0.055146 -0.019258 0.998293 0.000000 0.000000 0.000000 0.000000 1.000000
0.998378 0.027574 -0.049815 0.000000 -0.026951 0.999550 0.013142 11.673000 0.050155 -0.011778 0.998672 -0.000000 0.000000 0.000000 0.000000 1.000000
0.997944 0.042920 -0.047609 0.000000 -0.042484 0.999046 0.010118 11.673000 0.047998 -0.008075 0.998815 -0.000000 0.000000 0.000000 0.000000 1.000000
0.996766 0.063671 -0.049024 0.000000 -0.063249 0.997947 0.010114 11.673000 0.049567 -0.006980 0.998746 -0.000000 0.000000 0.000000 0.000000 1.000000
0.994747 0.088036 -0.052232 -0.000000 -0.087751 0.996113 0.007716 11.673000 0.052708 -0.003092 0.998605 0.000000 0.000000 0.000000 0.000000 1.000000
0.992040 0.112740 -0.056093 0.000000 -0.112947 0.993601 -0.000518 11.673000 0.055676 0.006850 0.998425 -0.000000 0.000000 0.000000 0.000000 1.000000
0.988998 0.134147 -0.062352 0.000000 -0.134881 0.990832 -0.007696 11.673000 0.060748 0.016022 0.998025 0.000000 0.000000 0.000000 0.000000 1.000000
0.986024 0.149646 -0.073224 -0.000000 -0.150395 0.988614 -0.004795 11.673000 0.071673 0.015740 0.997304 -0.000000 0.000000 0.000000 0.000000 1.000000
0.983631 0.158216 -0.086247 0.000000 -0.158061 0.987391 0.008666 11.673000 0.086530 0.005108 0.996236 0.000000 0.000000 0.000000 0.000000 1.000000
0.982662 0.159156 -0.095101 0.000000 -0.157294 0.987188 0.026810 11.673000 0.098149 -0.011387 0.995107 0.000000 0.000000 0.000000 0.000000 1.000000
0.983620 0.152084 -0.096758 0.000000 -0.148198 0.987878 0.046196 11.673000 0.102610 -0.031100 0.994235 0.000000 0.000000 0.000000 0.000000 1.000000
0.985956 0.138287 -0.093635 -0.000000 -0.132373 0.988954 0.066695 11.673000 0.101823 -0.053364 0.993370 0.000000 0.000000 0.000000 0.000000 1.000000
0.989056 0.118875 -0.087391 0.000000 -0.111283 0.989960 0.087155 11.673000 0.096874 -0.076476 0.992354 -0.000000 0.000000 0.000000 0.000000 1.000000
0.992524 0.096383 -0.074883 0.000000 -0.088441 0.990745 0.102972 11.673000 0.084114 -0.095579 0.991862 0.000000 0.000000 0.000000 0.000000 1.000000
0.995839 0.073549 -0.053803 0.000000 -0.067373 0.991781 0.108774 11.673000 0.061361 -0.104697 0.992609 0.000000 0.000000 0.000000 0.000000 1.000000
0.998043 0.054251 -0.031108 0.000000 -0.050774 0.993345 0.103379 11.673000 0.036509 -0.101597 0.994155 0.000000 0.000000 0.000000 0.000000 1.000000
0.999069 0.039908 -0.016400 0.000000 -0.038238 0.995034 0.091899 11.673000 0.019986 -0.091186 0.995633 0.000000 0.000000 0.000000 0.000000 1.000000
0.999561 0.027691 -0.010507 -0.000000 -0.026743 0.996305 0.081615 11.673000 0.012728 -0.081298 0.996609 0.000000 0.000000 0.000000 0.000000 1.000000
0.999898 0.013627 -0.004199 0.000000 -0.013246 0.996682 0.080309 11.673000 0.005280 -0.080245 0.996761 0.000000 0.000000 0.000000 0.000000 1.000000
0.999956 -0.002657 0.009041 0.000000 0.001876 0.996358 0.085245 11.673000 -0.009235 -0.085225 0.996319 0.000000 0.000000 0.000000 0.000000 1.000000
0.999549 -0.017129 0.024682 0.000000 0.014853 0.995865 0.089622 11.673000 -0.026115 -0.089215 0.995670 0.000000 0.000000 0.000000 0.000000 1.000000
0.999122 -0.025637 0.033130 -0.000000 0.022533 0.995605 0.090903 11.673000 -0.035315 -0.090077 0.995309 -0.000000 0.000000 0.000000 0.000000 1.000000</float_array>
        <technique_common>
          <accessor source="#mixamorig_Spine1-Matrix-animation-output-transform-array" count="62" stride="16">
            <param type="float4x4"/>
          </accessor>
        </technique_common>
      </source>
      <source id="mixamorig_Spine1-Interpolations">
        <Name_array id="mixamorig_Spine1-Interpolations-array" count="62">
 LINEAR LINEAR LINEAR LINEAR LINEAR LINEAR LINEAR LINEAR LINEAR LINEAR LINEAR
LINEAR LINEAR LINEAR LINEAR LINEAR LINEAR LINEAR LINEAR LINEAR LINEAR LINEAR LINEAR
LINEAR LINEAR LINEAR LINEAR LINEAR LINEAR LINEAR LINEAR LINEAR LINEAR LINEAR LINEAR
LINEAR LINEAR LINEAR LINEAR LINEAR LINEAR LINEAR LINEAR LINEAR LINEAR LINEAR LINEAR
LINEAR LINEAR LINEAR LINEAR LINEAR LINEAR LINEAR LINEAR LINEAR LINEAR LINEAR LINEAR
LINEAR LINEAR LINEAR</Name_array>
        <technique_common>
          <accessor source="#mixamorig_Spine1-Interpolations-array" count="62">
            <param type="name"/>
          </accessor>
        </technique_common>
      </source>
      <sampler id="mixamorig_Spine1-Matrix-animation-transform">
        <input semantic="INPUT" source="#mixamorig_Spine1-Matrix-animation-input"/>
        <input semantic="OUTPUT" source="#mixamorig_Spine1-Matrix-animation-output-transform"/>
        <input semantic="INTERPOLATION" source="#mixamorig_Spine1-Interpolations"/>
      </sampler>
      <channel source="#mixamorig_Spine1-Matrix-animation-transform" target="mixamorig_Spine1/matrix"/>
    </animation>
    <animation id="mixamorig_Spine2-anim" name="mixamorig_Spine2">
      <source id="mixamorig_Spine2-Matrix-animation-input">
        <float_array id="mixamorig_Spine2-Matrix-animation-input-array" count="62">

0.000000 0.033333 0.066667 0.100000 0.133333 0.166667 0.200000 0.233333 0.266667 0.300000 0.333333 0.366667 0.400000 0.433333 0.466667 0.500000
0.533333 0.566667 0.600000 0.633333 0.666667 0.700000 0.733333 0.766667 0.800000 0.833333 0.866667 0.900000 0.933333 0.966667 1.000000 1.033333
1.066667 1.100000 1.133333 1.166667 1.200000 1.233333 1.266667 1.300000 1.333333 1.366667 1.400000 1.433333 1.466667 1.500000 1.533333 1.566667
1.600000 1.633333 1.666667 1.700000 1.733333 1.766667 1.800000 1.833333 1.866667 1.900000 1.933333 1.966667 2.000000 2.033333</float_array>
        <technique_common>
          <accessor source="#mixamorig_Spine2-Matrix-animation-input-array" count="62">
            <param name="TIME" type="float"/>
          </accessor>
        </technique_common>
      </source>
      <source id="mixamorig_Spine2-Matrix-animation-output-transform">
        <float_array id="mixamorig_Spine2-Matrix-animation-output-transform-array" count="992">

0.999674 -0.025018 -0.005187 0.000000 0.023197 0.973809 -0.226181 14.006800 0.010710 0.225987 0.974071 -0.000000 0.000000 0.000000 0.000000 1.000000
0.999670 -0.025162 -0.005117 -0.000000 0.023380 0.974378 -0.223698 14.006800 0.010615 0.223505 0.974645 0.000000 0.000000 0.000000 0.000000 1.000000
0.999666 -0.025398 -0.004803 0.000000 0.023729 0.975410 -0.219118 14.006800 0.010250 0.218930 0.975687 -0.000000 0.000000 0.000000 0.000000 1.000000
0.999643 -0.026366 -0.004270 0.000000 0.024854 0.976783 -0.212785 14.006800 0.009781 0.212603 0.977090 0.000000 0.000000 0.000000 0.000000 1.000000
0.999578 -0.028857 -0.003426 -0.000000 0.027544 0.978400 -0.204876 14.006800 0.009264 0.204695 0.978782 0.000000 0.000000 0.000000 0.000000 1.000000
0.999444 -0.033290 -0.001573 0.000000 0.032346 0.980293 -0.194881 14.006800 0.008029 0.194722 0.980826 0.000000 0.000000 0.000000 0.000000 1.000000
0.999189 -0.040113 0.003417 0.000000 0.040064 0.982454 -0.182150 14.006800 0.003949 0.182139 0.983265 0.000000 0.000000 0.000000 0.000000 1.000000
0.998599 -0.050895 0.014470 0.000000 0.052610 0.984252 -0.168762 14.006800 -0.005653 0.169287 0.985551 -0.000000 0.000000 0.000000 0.000000 1.000000
0.997172 -0.068075 0.031835 0.000000 0.072362 0.984094 -0.162245 14.006800 -0.020284 0.164089 0.986237 -0.000000 0.000000 0.000000 0.000000 1.000000
0.994552 -0.091327 0.050259 0.000000 0.098658 0.980336 -0.170902 14.006800 -0.033663 0.174930 0.984005 0.000000 0.000000 0.000000 0.000000 1.000000
0.991783 -0.112585 0.060762 0.000000 0.122292 0.973789 -0.191781 14.006800 -0.037578 0.197636 0.979555 0.000000 0.000000 0.000000 0.000000 1.000000
0.990520 -0.124899 0.057187 -0.000000 0.134308 0.967926 -0.212323 14.006800 -0.028834 0.217991 0.975525 0.000000 0.000000 0.000000 0.000000 1.000000
0.990579 -0.129661 0.044061 0.000000 0.136336 0.964000 -0.228288 14.006800 -0.012875 0.232145 0.972596 -0.000000 0.000000 0.000000 0.000000 1.000000
0.990742 -0.131072 0.035355 -0.000000 0.135745 0.959864 -0.245428 14.006800 -0.001767 0.247955 0.968770 -0.000000 0.000000 0.000000 0.000000 1.000000
0.990839 -0.129462 0.038442 -0.000000 0.135026 0.955014 -0.264038 14.006800 -0.002530 0.266810 0.963746 0.000000 0.000000 0.000000 0.000000 1.000000
0.991311 -0.122755 0.047266 0.000000 0.131087 0.951740 -0.277502 14.006800 -0.010920 0.281287 0.959562 0.000000 0.000000 0.000000 0.000000 1.000000
0.992136 -0.112793 0.054252 0.000000 0.123609 0.951057 -0.283217 14.006800 -0.019652 0.287696 0.957520 0.000000 0.000000 0.000000 0.000000 1.000000
