<?xml version="1.0" encoding="utf-8"?>
<COLLADA xmlns="http://www.collada.org/2005/11/COLLADASchema" version="1.4.1">
  <asset>
    <contributor>
      <author>Mixamo</author>
      <authoring_tool>COLLADA Mixamo exporter</authoring_tool>
      <comments/>
    </contributor>
    <created>2026-01-26T10:40:15Z</created>
    <modified>2026-01-26T10:40:15Z</modified>
    <revision/>
    <title/>
    <unit meter="0.010000"/>
    <up_axis>Y_UP</up_axis>
  </asset>
  <library_animations>
    <animation id="mixamorig_Hips-anim" name="mixamorig_Hips">
      <source id="mixamorig_Hips-Matrix-animation-input">
        <float_array id="mixamorig_Hips-Matrix-animation-input-array" count="121">

0.000000 0.033333 0.066667 0.100000 0.133333 0.166667 0.200000 0.233333 0.266667 0.300000 0.333333 0.366667 0.400000 0.433333 0.466667 0.500000
0.533333 0.566667 0.600000 0.633333 0.666667 0.700000 0.733333 0.766667 0.800000 0.833333 0.866667 0.900000 0.933333 0.966667 1.000000 1.033333
1.066667 1.100000 1.133333 1.166667 1.200000 1.233333 1.266667 1.300000 1.333333 1.366667 1.400000 1.433333 1.466667 1.500000 1.533333 1.566667
1.600000 1.633333 1.666667 1.700000 1.733333 1.766667 1.800000 1.833333 1.866667 1.900000 1.933333 1.966667 2.000000 2.033333 2.066667 2.100000
2.133333 2.166667 2.200000 2.233333 2.266667 2.300000 2.333333 2.366667 2.400000 2.433333 2.466667 2.500000 2.533333 2.566667 2.600000 2.633333
2.666667 2.700000 2.733333 2.766667 2.800000 2.833333 2.866667 2.900000 2.933333 2.966667 3.000000 3.033333 3.066667 3.100000 3.133333 3.166667
3.200000 3.233333 3.266667 3.300000 3.333333 3.366667 3.400000 3.433333 3.466667 3.500000 3.533333 3.566667 3.600000 3.633333 3.666667 3.700000
3.733333 3.766667 3.800000 3.833333 3.866667 3.900000 3.933333 3.966667 4.000000</float_array>
        <technique_common>
          <accessor source="#mixamorig_Hips-Matrix-animation-input-array" count="121">
            <param name="TIME" type="float"/>
          </accessor>
        </technique_common>
      </source>
      <source id="mixamorig_Hips-Matrix-animation-output-transform">
        <float_array id="mixamorig_Hips-Matrix-animation-output-transform-array" count="1936">
0.997881 -0.031187 -0.057099 7.446363 0.045354 0.962685 0.266796 104.508324 0.046648 -0.268820 0.962060 -0.070885 0.000000 0.000000 0.000000 1.000000 0.995242 -0.019159 -0.095528 9.395639 0.046549 0.954838 0.293457 106.720840 0.085592 -0.296507 0.951187 -0.895671 0.000000 0.000000 0.000000 1.000000 0.992809 -0.007306 -0.119487 10.986872 0.043284 0.952515 0.301399 108.782257 0.111611 -0.304403 0.945982 -1.483473 0.000000 0.000000 0.000000 1.000000 0.991347 0.005404 -0.131156 12.050006 0.033653 0.955296 0.293729 110.520935 0.126880 -0.295601 0.946848 -1.921499 0.000000 0.000000 0.000000 1.000000 0.990832 0.020541 -0.133529 12.529763 0.018202 0.959066 0.282597 111.699402 0.133868 -0.282436 0.949899 -2.212065 0.000000 0.000000 0.000000 1.000000 0.990686 0.040069 -0.130135 12.522866 -0.002017 0.959935 0.280214 112.163559 0.136149 -0.277342 0.951076 -2.264500 0.000000 0.000000 0.000000 1.000000 0.990108 0.062544 -0.125599 12.130022 -0.023674 0.956786 0.289829 111.962677 0.138298 -0.283989 0.948801 -1.996787 0.000000 0.000000 0.000000 1.000000 0.988865 0.082980 -0.123530 11.336717 -0.041351 0.950631 0.307557 111.317070 0.142952 -0.299024 0.943477 -1.378219 0.000000 0.000000 0.000000 1.000000 0.987861 0.095023 -0.122889 10.089366 -0.049972 0.943427 0.327793 110.489227 0.147084 -0.317673 0.936723 -0.474979 0.000000 0.000000 0.000000 1.000000 0.988121 0.095117 -0.120707 8.465747 -0.048152 0.937519 0.344586 109.534309 0.145941 -0.334680 0.930962 0.317773 0.000000 0.000000 0.000000 1.000000 0.989104 0.087041 -0.118729 6.671350 -0.039962 0.934955 0.352509 108.738663 0.141689 -0.343923 0.928246 0.945996 0.000000 0.000000 0.000000 1.000000 0.989070 0.079658 -0.124080 4.868329 -0.031865 0.937099 0.347606 108.522781 0.143965 -0.339853 0.929395 1.296282 0.000000 0.000000 0.000000 1.000000 0.987075 0.079099 -0.139380 3.129363 -0.029400 0.944323 0.327702 109.405647 0.157541 -0.319369 0.934443 1.230304 0.000000 0.000000 0.000000 1.000000 0.984609 0.080417 -0.155173 1.479328 -0.032280 0.956257 0.290742 111.758194 0.171766 -0.281258 0.944135 0.736192 0.000000 0.000000 0.000000 1.000000 0.984432 0.074058 -0.159404 -0.059596 -0.034730 0.970980 0.236626 115.513451 0.172302 -0.227406 0.958435 -0.113999 0.000000 0.000000 0.000000 1.000000 0.986287 0.064516 -0.151909 -1.482930 -0.037633 0.984096 0.173607 120.039459 0.160694 -0.165510 0.973028 -1.146141 0.000000 0.000000 0.000000 1.000000 0.988100 0.062313 -0.140625 -2.818248 -0.045751 0.991950 0.118078 125.107613 0.146850 -0.110239 0.982997 -2.030227 0.000000 0.000000 0.000000 1.000000 0.989154 0.068321 -0.130028 -4.071890 -0.057279 0.994574 0.086846 130.404465 0.135256 -0.078456 0.987700 -2.550776 0.000000 0.000000 0.000000 1.000000 0.990142 0.074419 -0.118662 -5.253613 -0.064569 0.994304 0.084799 135.495697 0.124297 -0.076301 0.989307 -2.652738 0.000000 0.000000 0.000000 1.000000 0.991468 0.073712 -0.107510 -6.388039 -0.063106 0.993092 0.098924 139.967026 0.114059 -0.091295 0.989270 -2.418352 0.000000 0.000000 0.000000 1.000000 0.992928 0.062842 -0.100724 -7.463161 -0.051560 0.992488 0.110948 143.567245 0.106940 -0.104970 0.988709 -2.036231 0.000000 0.000000 0.000000 1.000000 0.993842 0.047695 -0.100014 -8.347916 -0.036045 0.992686 0.115221 146.017334 0.104778 -0.110907 0.988292 -1.475436 0.000000 0.000000 0.000000 1.000000 0.994352 0.035392 -0.100056 -8.930193 -0.023157 0.992394 0.120904 147.191223 0.103574 -0.117904 0.987609 -0.597900 0.000000 0.000000 0.000000 1.000000 0.994987 0.029542 -0.095540 -9.298878 -0.016335 0.990551 0.136172 147.536438 0.098660 -0.133929 0.986068 0.443761 0.000000 0.000000 0.000000 1.000000 0.995921 0.028012 -0.085769 -9.580372 -0.014598 0.988088 0.153198 148.798187 0.089039 -0.151321 0.984466 1.284066 0.000000 0.000000 0.000000 1.000000 0.996830 0.029730 -0.073797 -9.671078 -0.017962 0.987706 0.155285 151.777237 0.077506 -0.153467 0.985110 1.680512 0.000000 0.000000 0.000000 1.000000 0.997201 0.035715 -0.065689 -9.269251 -0.026837 0.990969 0.131378 156.323486 0.069788 -0.129247 0.989154 1.663117 0.000000 0.000000 0.000000 1.000000 0.996825 0.044967 -0.065712 -8.154495 -0.039198 0.995473 0.086589 161.523102 0.069308 -0.083738 0.994075 1.251939 0.000000 0.000000 0.000000 1.000000 0.995809 0.053106 -0.074456 -6.375656 -0.050045 0.997847 0.042390 166.243790 0.076547 -0.038487 0.996323 0.334109 0.000000 0.000000 0.000000 1.000000 0.994428 0.054704 -0.090108 -4.166660 -0.052840 0.998339 0.022946 169.819305 0.091214 -0.018057 0.995668 -1.087262 0.000000 0.000000 0.000000 1.000000 0.993263 0.043581 -0.107377 -1.710099 -0.040042 0.998588 0.034898 172.365692 0.108747 -0.030363 0.993606 -2.779479 0.000000 0.000000 0.000000 1.000000 0.991938 0.019848 -0.125158 0.880407 -0.012836 0.998315 0.056585 174.433350 0.126070 -0.054522 0.990522 -4.314709 0.000000 0.000000 0.000000 1.000000 0.989142 -0.006672 -0.146813 3.415842 0.015894 0.997966 0.061731 176.320786 0.146102 -0.063394 0.987236 -5.388086 0.000000 0.000000 0.000000 1.000000 0.984516 -0.021206 -0.174009 5.778290 0.029991 0.998396 0.048011 178.121506 0.172711 -0.052487 0.983573 -5.783082 0.000000 0.000000 0.000000 1.000000 0.979759 -0.026231 -0.198454 8.002791 0.033472 0.998888 0.033217 179.756882 0.197362 -0.039188 0.979547 -5.688110 0.000000 0.000000 0.000000 1.000000 0.975859 -0.027563 -0.216656 10.214946 0.034447 0.999012 0.028061 181.116943 0.215669 -0.034847 0.975845 -5.324025 0.000000 0.000000 0.000000 1.000000 0.972024 -0.029383 -0.233035 12.388803 0.036103 0.999045 0.024623 182.337601 0.232089 -0.032348 0.972157 -4.718335 0.000000 0.000000 0.000000 1.000000 0.967532 -0.033298 -0.250547 14.222723 0.037385 0.999234 0.011572 183.674713 0.249970 -0.020563 0.968035 -3.744448 0.000000 0.000000 0.000000 1.000000 0.963835 -0.039261 -0.263592 15.311304 0.037417 0.999228 -0.012016 185.259735 0.263861 0.001718 0.964559 -2.315282 0.000000 0.000000 0.000000 1.000000 0.963261 -0.046132 -0.264576 15.436806 0.036697 0.998506 -0.040498 187.066895 0.266049 0.029301 0.963514 -0.508987 0.000000 0.000000 0.000000 1.000000 0.966113 -0.052516 -0.252721 14.652707 0.035887 0.996904 -0.069967 189.207397 0.255613 0.058527 0.965006 1.492834 0.000000 0.000000 0.000000 1.000000 0.970530 -0.056269 -0.234319 13.250433 0.033871 0.994556 -0.098540 191.989334 0.238588 0.087700 0.967153 3.548201 0.000000 0.000000 0.000000 1.000000 0.974438 -0.056074 -0.217544 11.651654 0.029837 0.992073 -0.122068 195.414215 0.222665 0.112457 0.968387 5.585471 0.000000 0.000000 0.000000 1.000000 0.977329 -0.056110 -0.204157 10.143746 0.028283 0.990202 -0.136748 199.131622 0.209830 0.127873 0.969340 7.602105 0.000000 0.000000 0.000000 1.000000 0.979920 -0.059957 -0.190162 8.730426 0.032410 0.988931 -0.144791 202.838821 0.196738 0.135721 0.971017 9.607155 0.000000 0.000000 0.000000 1.000000 0.982301 -0.069846 -0.173802 7.306222 0.037711 0.982622 -0.181749 206.440704 0.183476 0.171978 0.967864 11.517572 0.000000 0.000000 0.000000 1.000000 0.984581 -0.086236 -0.152198 5.838627 0.044094 0.964296 -0.261131 209.966568 0.169283 0.250393 0.953230 13.280622 0.000000 0.000000 0.000000 1.000000 0.986798 -0.102460 -0.125430 4.350240 0.052076 0.934057 -0.353305 213.418533 0.153358 0.342109 0.927061 14.932442 0.000000 0.000000 0.000000 1.000000 0.988860 -0.112695 -0.097244 2.859343 0.060378 0.900820 -0.429974 216.629318 0.136055 0.419313 0.897589 16.526520 0.000000 0.000000 0.000000 1.000000 0.990636 -0.116125 -0.071807 1.366724 0.069570 0.881861 -0.466349 219.412949 0.117478 0.456986 0.881682 18.073204 0.000000 0.000000 0.000000 1.000000 0.992068 -0.115268 -0.050144 -0.125084 0.079048 0.882239 -0.464117 221.590927 0.097736 0.456472 0.884353 19.497784 0.000000 0.000000 0.000000 1.000000 0.992408 -0.120285 -0.025651 -1.599759 0.096092 0.888491 -0.448720 223.149399 0.076766 0.442848 0.893304 20.721647 0.000000 0.000000 0.000000 1.000000 0.991142 -0.132802 0.000565 -3.035468 0.119989 0.893676 -0.432373 224.215897 0.056915 0.428611 0.901695 21.754730 0.000000 0.000000 0.000000 1.000000 0.988570 -0.148620 0.025322 -4.400860 0.145129 0.892634 -0.426781 224.924118 0.040824 0.425578 0.904000 22.654886 0.000000 0.000000 0.000000 1.000000 0.985602 -0.162343 0.047259 -5.649161 0.166305 0.880330 -0.444254 225.114395 0.030518 0.445717 0.894654 23.300386 0.000000 0.000000 0.000000 1.000000 0.983323 -0.170326 0.063750 -6.741955 0.179793 0.857660 -0.481762 224.856766 0.027381 0.485189 0.873980 23.875332 0.000000 0.000000 0.000000 1.000000 0.981094 -0.176534 0.079309 -7.740812 0.191574 0.827763 -0.527359 224.830002 0.027448 0.532582 0.845933 24.510572 0.000000 0.000000 0.000000 1.000000 0.978866 -0.178774 0.099304 -8.715366 0.203224 0.796133 -0.569976 225.103592 0.022838 0.578111 0.815638 24.735405 0.000000 0.000000 0.000000 1.000000 0.978214 -0.172706 0.115192 -9.585186 0.207039 0.770957 -0.602295 225.377029 0.015212 0.613023 0.789918 24.933416 0.000000 0.000000 0.000000 1.000000 0.979558 -0.161971 0.119294 -10.276842 0.200942 0.760234 -0.617791 225.782623 0.009373 0.629134 0.777241 25.780453 0.000000 0.000000 0.000000 1.000000 0.981887 -0.152169 0.112884 -10.706135 0.189243 0.758606 -0.623461 226.667831 0.009237 0.633531 0.773662 27.669643 0.000000 0.000000 0.000000 1.000000 0.984069 -0.146174 0.101198 -10.705130 0.177088 0.755543 -0.630710 229.308319 0.015734 0.638583 0.769392 31.282347 0.000000 0.000000 0.000000 1.000000 0.986131 -0.142041 0.085849 -10.194929 0.163929 0.752728 -0.637596 234.136429 0.025944 0.642826 0.765573 36.250481 0.000000 0.000000 0.000000 1.000000 0.988577 -0.135212 0.066588 -9.286165 0.146173 0.752412 -0.642269 240.311188 0.036741 0.644666 0.763581 41.207382 0.000000 0.000000 0.000000 1.000000 0.990765 -0.126874 0.047831 -8.194065 0.127656 0.753919 -0.644446 245.917816 0.045702 0.644601 0.763152 44.770130 0.000000 0.000000 0.000000 1.000000 0.991959 -0.120660 0.038203 -7.161062 0.116683 0.754943 -0.645326 250.328583 0.049024 0.644594 0.762951 47.154572 0.000000 0.000000 0.000000 1.000000 0.993324 -0.109015 0.037728 -6.313997 0.107511 0.756264 -0.645373 254.417892 0.041823 0.645121 0.762935 49.458271 0.000000 0.000000 0.000000 1.000000 0.995048 -0.090068 0.042029 -5.583345 0.095851 0.757721 -0.645501 258.455505 0.026292 0.646333 0.762602 51.637928 0.000000 0.000000 0.000000 1.000000 0.996750 -0.066602 0.045326 -4.885303 0.080190 0.766127 -0.637667 262.683533 0.007744 0.639229 0.768978 53.852596 0.000000 0.000000 0.000000 1.000000 0.997674 -0.046013 0.050300 -4.313603 0.067222 0.786732 -0.613623 266.941284 -0.011338 0.615577 0.787995 56.456299 0.000000 0.000000 0.000000 1.000000 0.997630 -0.024174 0.064415 -4.061715 0.056829 0.817290 -0.573417 271.018890 -0.038784 0.575719 0.816727 59.777950 0.000000 0.000000 0.000000 1.000000 0.995948 -0.014537 0.088749 -4.346889 0.058817 0.851826 -0.520512 274.721313 -0.068032 0.523622 0.849230 63.810398 0.000000 0.000000 0.000000 1.000000 0.992480 0.007400 0.122186 -4.975407 0.050294 0.885377 -0.462145 278.072052 -0.111600 0.464814 0.878347 68.257286 0.000000 0.000000 0.000000 1.000000 0.987223 0.033979 0.155681 -5.778185 0.032841 0.912639 -0.407446 281.104126 -0.155925 0.407353 0.899862 72.792946 0.000000 0.000000 0.000000 1.000000 0.982053 0.054758 0.180483 -6.626595 0.014205 0.932735 -0.360282 283.749451 -0.188071 0.356380 0.915217 77.404076 0.000000 0.000000 0.000000 1.000000 0.978360 0.065082 0.196406 -7.504707 0.001234 0.947390 -0.320080 285.952148 -0.206904 0.313396 0.926808 82.243591 0.000000 0.000000 0.000000 1.000000 0.975452 0.065324 0.210302 -8.524168 -0.001966 0.957535 -0.288311 287.864838 -0.220205 0.280820 0.934157 87.456177 0.000000 0.000000 0.000000 1.000000 0.972207 0.059951 0.226319 -9.689980 0.003774 0.962521 -0.271181 289.587708 -0.234095 0.264498 0.935543 92.796196 0.000000 0.000000 0.000000 1.000000 0.968969 0.049984 0.242077 -10.807816 0.015823 0.964789 -0.262547 290.965027 -0.246676 0.258230 0.934060 97.912857 0.000000 0.000000 0.000000 1.000000 0.966902 0.039684 0.252045 -11.640837 0.025183 0.968164 -0.249045 291.673737 -0.253904 0.247149 0.935120 102.510513 0.000000 0.000000 0.000000 1.000000 0.965502 0.034426 0.258109 -12.124664 0.026080 0.973454 -0.227393 291.098663 -0.259086 0.226279 0.938974 106.433014 0.000000 0.000000 0.000000 1.000000 0.963122 0.030080 0.267378 -12.346067 0.024432 0.979849 -0.198238 288.779968 -0.267953 0.197460 0.942980 109.823540 0.000000 0.000000 0.000000 1.000000 0.959481 0.024278 0.280725 -12.416361 0.024560 0.985284 -0.169154 285.035675 -0.280700 0.169195 0.944765 112.804245 0.000000 0.000000 0.000000 1.000000 0.956563 0.018794 0.290919 -12.476658 0.025742 0.988576 -0.148505 281.322479 -0.290387 0.149544 0.945152 115.614212 0.000000 0.000000 0.000000 1.000000 0.957153 0.013869 0.289252 -12.529106 0.027078 0.990190 -0.137080 279.032593 -0.288315 0.139039 0.947387 118.364388 0.000000 0.000000 0.000000 1.000000 0.962054 0.007904 0.272746 -12.523434 0.028503 0.991200 -0.129265 278.319672 -0.271367 0.132134 0.953363 121.077942 0.000000 0.000000 0.000000 1.000000 0.969480 -0.000017 0.245171 -12.435812 0.030404 0.992289 -0.120161 278.405212 -0.243279 0.123948 0.962004 123.786766 0.000000 0.000000 0.000000 1.000000 0.977301 -0.009317 0.211648 -12.209793 0.032978 0.993544 -0.108545 278.685089 -0.209271 0.113061 0.971300 126.497971 0.000000 0.000000 0.000000 1.000000 0.984521 -0.018983 0.174236 -11.748280 0.036045 0.994797 -0.095292 279.032227 -0.171520 0.100097 0.980082 129.188843 0.000000 0.000000 0.000000 1.000000 0.990766 -0.027524 0.132757 -10.957037 0.038637 0.995893 -0.081877 279.531403 -0.129958 0.086250 0.987761 131.803482 0.000000 0.000000 0.000000 1.000000 0.995382 -0.034011 0.089771 -9.813787 0.040354 0.996743 -0.069825 280.184814 -0.087104 0.073125 0.993512 134.282990 0.000000 0.000000 0.000000 1.000000 0.997925 -0.038270 0.051778 -8.335520 0.041330 0.997379 -0.059383 280.857727 -0.049370 0.061400 0.996892 136.586456 0.000000 0.000000 0.000000 1.000000 0.998897 -0.040071 0.024459 -6.604809 0.041233 0.997947 -0.049004 281.550812 -0.022445 0.049959 0.998499 138.616364 0.000000 0.000000 0.000000 1.000000 0.999194 -0.039088 0.009145 -4.683307 0.039404 0.998524 -0.037380 282.223877 -0.007670 0.037710 0.999259 140.295380 0.000000 0.000000 0.000000 1.000000 0.999341 -0.036187 0.002968 -2.672211 0.036252 0.998998 -0.026239 282.821686 -0.002016 0.026329 0.999651 141.624130 0.000000 0.000000 0.000000 1.000000 0.999402 -0.034532 0.001904 -0.738022 0.034563 0.999201 -0.020070 283.292969 -0.001210 0.020124 0.999797 142.682983 0.000000 0.000000 0.000000 1.000000 0.999371 -0.035373 0.002598 0.975841 0.035420 0.999146 -0.021294 283.581726 -0.001843 0.021373 0.999770 143.565979 0.000000 0.000000 0.000000 1.000000 0.999317 -0.036720 0.004069 2.404755 0.036815 0.998972 -0.026457 283.671936 -0.003093 0.026589 0.999642 144.313751 0.000000 0.000000 0.000000 1.000000 0.999312 -0.036214 0.007991 3.549368 0.036434 0.998904 -0.029367 283.623779 -0.006918 0.029638 0.999537 144.939316 0.000000 0.000000 0.000000 1.000000 0.999300 -0.033886 0.015859 4.426982 0.034314 0.999031 -0.027554 283.531006 -0.014910 0.028079 0.999495 145.470474 0.000000 0.000000 0.000000 1.000000 0.999156 -0.031398 0.026491 5.043462 0.032015 0.999218 -0.023197 283.437317 -0.025742 0.024025 0.999380 145.933655 0.000000 0.000000 0.000000 1.000000 0.998863 -0.029862 0.037172 5.405814 0.030567 0.999360 -0.018562 283.344757 -0.036593 0.019677 0.999136 146.337463 0.000000 0.000000 0.000000 1.000000 0.998511 -0.029079 0.046157 5.544619 0.029734 0.999466 -0.013562 283.250092 -0.045738 0.014914 0.998842 146.686966 0.000000 0.000000 0.000000 1.000000 0.998168 -0.028474 0.053391 5.519010 0.028924 0.999552 -0.007666 283.159393 -0.053149 0.009197 0.998544 146.991196 0.000000 0.000000 0.000000 1.000000 0.997834 -0.027876 0.059579 5.389735 0.028025 0.999606 -0.001663 283.081573 -0.059509 0.003329 0.998222 147.254822 0.000000 0.000000 0.000000 1.000000 0.997487 -0.027456 0.065320 5.192729 0.027302 0.999622 0.003256 283.020386 -0.065385 -0.001464 0.997859 147.476822 0.000000 0.000000 0.000000 1.000000 0.997110 -0.027512 0.070814 4.944779 0.027091 0.999609 0.006901 282.972198 -0.070976 -0.004962 0.997466 147.659302 0.000000 0.000000 0.000000 1.000000 0.996703 -0.028487 0.075968 4.662163 0.027811 0.999564 0.009941 282.931702 -0.076218 -0.007796 0.997061 147.809845 0.000000 0.000000 0.000000 1.000000 0.996264 -0.030607 0.080748 4.362981 0.029661 0.999477 0.012892 282.895752 -0.081101 -0.010449 0.996651 147.934586 0.000000 0.000000 0.000000 1.000000 0.995800 -0.033435 0.085227 4.059361 0.032219 0.999359 0.015604 282.863312 -0.085694 -0.012792 0.996239 148.034714 0.000000 0.000000 0.000000 1.000000 0.995335 -0.036317 0.089381 3.763204 0.034874 0.999236 0.017655 282.834167 -0.089954 -0.014455 0.995841 148.111740 0.000000 0.000000 0.000000 1.000000 0.994894 -0.039093 0.093043 3.499481 0.037477 0.999116 0.019053 282.807587 -0.093705 -0.015468 0.995480 148.173981 0.000000 0.000000 0.000000 1.000000 0.994499 -0.041881 0.096010 3.298618 0.040108 0.998989 0.020327 282.782288 -0.096764 -0.016365 0.995173 148.232910 0.000000 0.000000 0.000000 1.000000 0.994171 -0.044465 0.098222 3.163494 0.042514 0.998856 0.021874 282.756714 -0.099083 -0.017571 0.994924 148.290817 0.000000 0.000000 0.000000 1.000000 0.993918 -0.046417 0.099861 3.058755 0.044284 0.998743 0.023471 282.731995 -0.100825 -0.018906 0.994725 148.337753 0.000000 0.000000 0.000000 1.000000 0.993715 -0.047721 0.101254 2.947832 0.045452 0.998664 0.024603 282.713440 -0.102293 -0.019846 0.994556 148.368469 0.000000 0.000000 0.000000 1.000000 0.993515 -0.048872 0.102660 2.823752 0.046528 0.998602 0.025101 282.702240 -0.103743 -0.020161 0.994400 148.392990 0.000000 0.000000 0.000000 1.000000 0.993293 -0.050278 0.104118 2.702306 0.047897 0.998533 0.025247 282.689636 -0.105235 -0.020091 0.994244 148.419464 0.000000 0.000000 0.000000 1.000000 0.993071 -0.051831 0.105465 2.601079 0.049417 0.998456 0.025378 282.665100 -0.106618 -0.019991 0.994099 148.437119 0.000000 0.000000 0.000000 1.000000 0.992887 -0.053177 0.106526 2.524661 0.050725 0.998385 0.025598 282.627167 -0.107715 -0.020012 0.993980 148.431503 0.000000 0.000000 0.000000 1.000000 0.992751 -0.054141 0.107305 2.465924 0.051653 0.998331 0.025833 282.582703 -0.108525 -0.020104 0.993890 148.401413 0.000000 0.000000 0.000000 1.000000
</float_array>
        <technique_common>
          <accessor source="#mixamorig_Hips-Matrix-animation-output-transform-array" count="121" stride="16">
            <param type="float4x4"/>
          </accessor>
        </technique_common>
      </source>
      <source id="mixamorig_Hips-Interpolations">
        <Name_array id="mixamorig_Hips-Interpolations-array" count="121">
 LINEAR LINEAR LINEAR LINEAR LINEAR LINEAR LINEAR LINEAR LINEAR LINEAR LINEAR
LINEAR LINEAR LINEAR LINEAR LINEAR LINEAR LINEAR LINEAR LINEAR LINEAR LINEAR LINEAR
LINEAR LINEAR LINEAR LINEAR LINEAR LINEAR LINEAR LINEAR LINEAR LINEAR LINEAR LINEAR
LINEAR LINEAR LINEAR LINEAR LINEAR LINEAR LINEAR LINEAR LINEAR LINEAR LINEAR LINEAR
LINEAR LINEAR LINEAR LINEAR LINEAR LINEAR LINEAR LINEAR LINEAR LINEAR LINEAR LINEAR
LINEAR LINEAR LINEAR LINEAR LINEAR LINEAR LINEAR LINEAR LINEAR LINEAR LINEAR LINEAR
LINEAR LINEAR LINEAR LINEAR LINEAR LINEAR LINEAR LINEAR LINEAR LINEAR LINEAR LINEAR
LINEAR LINEAR LINEAR LINEAR LINEAR LINEAR LINEAR LINEAR LINEAR LINEAR LINEAR LINEAR
LINEAR LINEAR LINEAR LINEAR LINEAR LINEAR LINEAR LINEAR LINEAR LINEAR LINEAR LINEAR
LINEAR LINEAR LINEAR LINEAR LINEAR LINEAR LINEAR LINEAR LINEAR LINEAR LINEAR LINEAR
LINEAR LINEAR</Name_array>
        <technique_common>
          <accessor source="#mixamorig_Hips-Interpolations-array" count="121">
            <param type="name"/>
          </accessor>
        </technique_common>
      </source>
      <sampler id="mixamorig_Hips-Matrix-animation-transform">
        <input semantic="INPUT" source="#mixamorig_Hips-Matrix-animation-input"/>
        <input semantic="OUTPUT" source="#mixamorig_Hips-Matrix-animation-output-transform"/>
        <input semantic="INTERPOLATION" source="#mixamorig_Hips-Interpolations"/>
      </sampler>
      <channel source="#mixamorig_Hips-Matrix-animation-transform" target="mixamorig_Hips/matrix"/>
    </animation>
    <animation id="mixamorig_Spine-anim" name="mixamorig_Spine">
      <source id="mixamorig_Spine-Matrix-animation-input">
        <float_array id="mixamorig_Spine-Matrix-animation-input-array" count="121">

0.000000 0.033333 0.066667 0.100000 0.133333 0.166667 0.200000 0.233333 0.266667 0.300000 0.333333 0.366667 0.400000 0.433333 0.466667 0.500000
0.533333 0.566667 0.600000 0.633333 0.666667 0.700000 0.733333 0.766667 0.800000 0.833333 0.866667 0.900000 0.933333 0.966667 1.000000 1.033333
1.066667 1.100000 1.133333 1.166667 1.200000 1.233333 1.266667 1.300000 1.333333 1.366667 1.400000 1.433333 1.466667 1.500000 1.533333 1.566667
1.600000 1.633333 1.666667 1.700000 1.733333 1.766667 1.800000 1.833333 1.866667 1.900000 1.933333 1.966667 2.000000 2.033333 2.066667 2.100000
2.133333 2.166667 2.200000 2.233333 2.266667 2.300000 2.333333 2.366667 2.400000 2.433333 2.466667 2.500000 2.533333 2.566667 2.600000 2.633333
2.666667 2.700000 2.733333 2.766667 2.800000 2.833333 2.866667 2.900000 2.933333 2.966667 3.000000 3.033333 3.066667 3.100000 3.133333 3.166667
3.200000 3.233333 3.266667 3.300000 3.333333 3.366667 3.400000 3.433333 3.466667 3.500000 3.533333 3.566667 3.600000 3.633333 3.666667 3.700000
3.733333 3.766667 3.800000 3.833333 3.866667 3.900000 3.933333 3.966667 4.000000</float_array>
        <technique_common>
          <accessor source="#mixamorig_Spine-Matrix-animation-input-array" count="121">
            <param name="TIME" type="float"/>
          </accessor>
        </technique_common>
      </source>
      <source id="mixamorig_Spine-Matrix-animation-output-transform">
        <float_array id="mixamorig_Spine-Matrix-animation-output-transform-array" count="1936">

0.999848 0.006598 0.016108 0.000400 -0.005478 0.997625 -0.068667 10.664600 -0.016523 0.068568 0.997510 -0.060300 0.000000 0.000000 0.000000 1.000000
0.999836 0.010428 0.014815 0.000400 -0.009153 0.996450 -0.083688 10.664600 -0.015635 0.083539 0.996382 -0.060300 0.000000 0.000000 0.000000 1.000000
0.999870 0.008737 0.013566 0.000400 -0.007418 0.995504 -0.094426 10.664600 -0.014330 0.094313 0.995439 -0.060300 0.000000 0.000000 0.000000 1.000000
0.999917 0.002011 0.012745 0.000400 -0.000708 0.994845 -0.101404 10.664600 -0.012883 0.101387 0.994764 -0.060300 0.000000 0.000000 0.000000 1.000000
0.999897 -0.007105 0.012447 0.000400 0.008391 0.994274 -0.106532 10.664600 -0.011619 0.106626 0.994231 -0.060300 0.000000 0.000000 0.000000 1.000000
0.999784 -0.016394 0.012788 0.000400 0.017723 0.993566 -0.111855 10.664600 -0.010872 0.112058 0.993642 -0.060300 0.000000 0.000000 0.000000 1.000000
0.999619 -0.023935 0.013775 0.000400 0.025395 0.992698 -0.117925 10.664600 -0.010852 0.118230 0.992927 -0.060300 0.000000 0.000000 0.000000 1.000000
0.999509 -0.027579 0.014891 0.000400 0.029213 0.991877 -0.123803 10.664600 -0.011356 0.124177 0.992195 -0.060300 0.000000 0.000000 0.000000 1.000000
0.999567 -0.025432 0.014770 0.000400 0.027118 0.991382 -0.128167 10.664600 -0.011383 0.128512 0.991643 -0.060300 0.000000 0.000000 0.000000 1.000000
0.999774 -0.017523 0.012020 0.000400 0.018941 0.991294 -0.130299 10.664600 -0.009632 0.130498 0.991402 -0.060300 0.000000 0.000000 0.000000 1.000000
0.999951 -0.006910 0.007028 0.000400 0.007767 0.991445 -0.130297 10.664600 -0.006067 0.130345 0.991450 -0.060300 0.000000 0.000000 0.000000 1.000000
0.999995 0.002172 0.002470 0.000400 -0.001837 0.991701 -0.128555 10.664600 -0.002729 0.128550 0.991699 -0.060300 0.000000 0.000000 0.000000 1.000000
0.999973 0.007295 0.001277 0.000400 -0.007078 0.992120 -0.125092 10.664600 -0.002180 0.125080 0.992144 -0.060300 0.000000 0.000000 0.000000 1.000000
0.999945 0.009979 0.003227 0.000400 -0.009522 0.992787 -0.119514 10.664600 -0.004396 0.119477 0.992827 -0.060300 0.000000 0.000000 0.000000 1.000000
0.999901 0.013312 0.004538 0.000400 -0.012717 0.993575 -0.112457 10.664600 -0.006006 0.112388 0.993646 -0.060300 0.000000 0.000000 0.000000 1.000000
0.999876 0.015502 0.002718 0.000400 -0.015123 0.994158 -0.106872 10.664600 -0.004359 0.106817 0.994269 -0.060300 0.000000 0.000000 0.000000 1.000000
0.999892 0.014537 -0.002015 0.000400 -0.014669 0.994218 -0.106371 10.664600 0.000457 0.106390 0.994324 -0.060300 0.000000 0.000000 0.000000 1.000000
0.999928 0.010267 -0.006233 0.000400 -0.010904 0.993592 -0.112498 10.664600 0.005038 0.112558 0.993632 -0.060300 0.000000 0.000000 0.000000 1.000000
0.999963 0.004895 -0.007090 0.000400 -0.005731 0.992367 -0.123186 10.664600 0.006433 0.123222 0.992358 -0.060300 0.000000 0.000000 0.000000 1.000000
0.999990 -0.000049 -0.004522 0.000400 -0.000557 0.990978 -0.134023 10.664600 0.004488 0.134024 0.990968 -0.060300 0.000000 0.000000 0.000000 1.000000
0.999997 -0.001952 -0.001170 0.000400 0.001767 0.989932 -0.141534 10.664600 0.001435 0.141532 0.989933 -0.060300 0.000000 0.000000 0.000000 1.000000
0.999992 -0.003081 0.002560 0.000400 0.003421 0.989365 -0.145416 10.664600 -0.002084 0.145424 0.989367 -0.060300 0.000000 0.000000 0.000000 1.000000
0.999973 -0.004270 0.006011 0.000400 0.005110 0.989049 -0.147500 10.664600 -0.005316 0.147527 0.989044 -0.060300 0.000000 0.000000 0.000000 1.000000
0.999955 -0.004582 0.008353 0.000400 0.005777 0.988784 -0.149242 10.664600 -0.007576 0.149284 0.988765 -0.060300 0.000000 0.000000 0.000000 1.000000
0.999962 -0.002903 0.008183 0.000400 0.004100 0.988646 -0.150206 10.664600 -0.007654 0.150234 0.988621 -0.060300 0.000000 0.000000 0.000000 1.000000
0.999987 -0.000743 0.005134 0.000400 0.001496 0.988956 -0.148205 10.664600 -0.004967 0.148211 0.988943 -0.060300 0.000000 0.000000 0.000000 1.000000
0.999999 -0.000865 0.001181 0.000400 0.001024 0.989866 -0.141999 10.664600 -0.001046 0.142000 0.989866 -0.060300 0.000000 0.000000 0.000000 1.000000
0.999993 -0.003467 -0.001694 0.000400 0.003209 0.990990 -0.133900 10.664600 0.002143 0.133893 0.990993 -0.060300 0.000000 0.000000 0.000000 1.000000
0.999980 -0.005531 -0.003136 0.000400 0.005078 0.991552 -0.129609 10.664600 0.003826 0.129590 0.991560 -0.060300 0.000000 0.000000 0.000000 1.000000
0.999986 -0.003029 -0.004263 0.000400 0.002430 0.990973 -0.134040 10.664600 0.004631 0.134028 0.990967 -0.060300 0.000000 0.000000 0.000000 1.000000
0.999960 0.005763 -0.006820 0.000400 -0.006701 0.989164 -0.146664 10.664600 0.005901 0.146703 0.989163 -0.060300 0.000000 0.000000 0.000000 1.000000
0.999768 0.018596 -0.010901 0.000400 -0.020107 0.986800 -0.160692 10.664600 0.007768 0.160874 0.986944 -0.060300 0.000000 0.000000 0.000000 1.000000
0.999346 0.032308 -0.016227 0.000400 -0.034596 0.984897 -0.169650 10.664600 0.010501 0.170100 0.985371 -0.060300 0.000000 0.000000 0.000000 1.000000
0.999067 0.038865 -0.018844 0.000400 -0.041550 0.983957 -0.173502 10.664600 0.011799 0.174123 0.984653 -0.060300 0.000000 0.000000 0.000000 1.000000
0.998973 0.040351 -0.020612 0.000400 -0.043357 0.983398 -0.176205 10.664600 0.013159 0.176918 0.984138 -0.060300 0.000000 0.000000 0.000000 1.000000
0.998980 0.039378 -0.022079 0.000400 -0.042719 0.982702 -0.180201 10.664600 0.014601 0.180960 0.983382 -0.060300 0.000000 0.000000 0.000000 1.000000
0.999039 0.037469 -0.022761 0.000400 -0.041028 0.982034 -0.184190 10.664600 0.015450 0.184947 0.982627 -0.060300 0.000000 0.000000 0.000000 1.000000
0.999139 0.035101 -0.022115 0.000400 -0.038609 0.981786 -0.186025 10.664600 0.015182 0.186719 0.982296 -0.060300 0.000000 0.000000 0.000000 1.000000
0.999246 0.032808 -0.020781 0.000400 -0.036099 0.981975 -0.185533 10.664600 0.014319 0.186143 0.982418 -0.060300 0.000000 0.000000 0.000000 1.000000
0.999318 0.031101 -0.019930 0.000400 -0.034244 0.982303 -0.184142 10.664600 0.013850 0.184699 0.982698 -0.060300 0.000000 0.000000 0.000000 1.000000
0.999347 0.030038 -0.020101 0.000400 -0.033215 0.982544 -0.183044 10.664600 0.014252 0.183592 0.982899 -0.060300 0.000000 0.000000 0.000000 1.000000
0.999361 0.029197 -0.020606 0.000400 -0.032470 0.982701 -0.182332 10.664600 0.014926 0.182884 0.983021 -0.060300 0.000000 0.000000 0.000000 1.000000
0.999422 0.027769 -0.019624 0.000400 -0.030877 0.982860 -0.181752 10.664600 0.014241 0.182253 0.983149 -0.060300 0.000000 0.000000 0.000000 1.000000
0.999534 0.025602 -0.016617 0.000400 -0.028194 0.983013 -0.181356 10.664600 0.011692 0.181740 0.983277 -0.060300 0.000000 0.000000 0.000000 1.000000
0.999665 0.022822 -0.012231 0.000400 -0.024662 0.983118 -0.181303 10.664600 0.007887 0.181544 0.983351 -0.060300 0.000000 0.000000 0.000000 1.000000
0.999798 0.019030 -0.006442 0.000400 -0.019865 0.984274 -0.175531 10.664600 0.003000 0.175623 0.984453 -0.060300 0.000000 0.000000 0.000000 1.000000
0.999886 0.015081 -0.000220 0.000400 -0.014919 0.986780 -0.161376 10.664600 -0.002217 0.161361 0.986893 -0.060300 0.000000 0.000000 0.000000 1.000000
0.999914 0.011798 0.005661 0.000400 -0.010859 0.989506 -0.144081 10.664600 -0.007301 0.144007 0.989550 -0.060300 0.000000 0.000000 0.000000 1.000000
0.999897 0.008713 0.011390 0.000400 -0.007170 0.991603 -0.129124 10.664600 -0.012420 0.129029 0.991563 -0.060300 0.000000 0.000000 0.000000 1.000000
0.999839 0.005677 0.017000 0.000400 -0.003557 0.992497 -0.122217 10.664600 -0.017567 0.122137 0.992358 -0.060300 0.000000 0.000000 0.000000 1.000000
0.999731 0.001705 0.023118 0.000400 0.001164 0.992338 -0.123546 10.664600 -0.023152 0.123540 0.992069 -0.060300 0.000000 0.000000 0.000000 1.000000
0.999601 -0.001924 0.028182 0.000400 0.005506 0.991815 -0.127562 10.664600 -0.027706 0.127666 0.991430 -0.060300 0.000000 0.000000 0.000000 1.000000
0.999473 -0.004520 0.032142 0.000400 0.008714 0.991268 -0.131577 10.664600 -0.031266 0.131788 0.990785 -0.060300 0.000000 0.000000 0.000000 1.000000
0.999314 -0.006387 0.036490 0.000400 0.011194 0.991040 -0.133097 10.664600 -0.035313 0.133414 0.990431 -0.060300 0.000000 0.000000 0.000000 1.000000
0.999013 -0.007687 0.043738 0.000400 0.013299 0.991489 -0.129507 10.664600 -0.042370 0.129961 0.990613 -0.060300 0.000000 0.000000 0.000000 1.000000
0.998426 -0.006392 0.055718 0.000400 0.013131 0.992512 -0.121438 10.664600 -0.054524 0.121979 0.991034 -0.060300 0.000000 0.000000 0.000000 1.000000
0.997866 0.002499 0.065247 0.000400 0.004794 0.993766 -0.111380 10.664600 -0.065119 0.111455 0.991634 -0.060300 0.000000 0.000000 0.000000 1.000000
0.997757 0.013281 0.065610 0.000400 -0.006577 0.994828 -0.101358 10.664600 -0.066617 0.100699 0.992684 -0.060300 0.000000 0.000000 0.000000 1.000000
0.997797 0.018726 0.063651 0.000400 -0.012749 0.995581 -0.093042 10.664600 -0.065112 0.092026 0.993625 -0.060300 0.000000 0.000000 0.000000 1.000000
0.997741 0.019452 0.064303 0.000400 -0.013698 0.995961 -0.088732 10.664600 -0.065770 0.087650 0.993978 -0.060300 0.000000 0.000000 0.000000 1.000000
0.997563 0.018739 0.067206 0.000400 -0.012804 0.996067 -0.087677 10.664600 -0.068585 0.086603 0.993879 -0.060300 0.000000 0.000000 0.000000 1.000000
0.997441 0.019229 0.068853 0.000400 -0.013127 0.996034 -0.088001 10.664600 -0.070272 0.086872 0.993738 -0.060300 0.000000 0.000000 0.000000 1.000000
0.997591 0.021548 0.065935 0.000400 -0.015516 0.995761 -0.090656 10.664600 -0.067609 0.089415 0.993697 -0.060300 0.000000 0.000000 0.000000 1.000000
0.997899 0.024998 0.059777 0.000400 -0.019205 0.995236 -0.095587 10.664600 -0.061881 0.094239 0.993625 -0.060300 0.000000 0.000000 0.000000 1.000000
0.998217 0.029516 0.051888 0.000400 -0.024129 0.994539 -0.101539 10.664600 -0.054602 0.100106 0.993477 -0.060300 0.000000 0.000000 0.000000 1.000000
0.998478 0.034569 0.042978 0.000400 -0.029822 0.993857 -0.106578 10.664600 -0.046398 0.105134 0.993375 -0.060300 0.000000 0.000000 0.000000 1.000000
0.998678 0.038062 0.034534 0.000400 -0.034085 0.993434 -0.109209 10.664600 -0.038464 0.107888 0.993419 -0.060300 0.000000 0.000000 0.000000 1.000000
0.998852 0.039957 0.026412 0.000400 -0.036859 0.993372 -0.108875 10.664600 -0.030587 0.107776 0.993705 -0.060300 0.000000 0.000000 0.000000 1.000000
0.999022 0.040172 0.018449 0.000400 -0.037950 0.993415 -0.108107 10.664600 -0.022671 0.107301 0.993968 -0.060300 0.000000 0.000000 0.000000 1.000000
0.999148 0.040182 0.009441 0.000400 -0.038912 0.993254 -0.109231 10.664600 -0.013767 0.108771 0.993972 -0.060300 0.000000 0.000000 0.000000 1.000000
0.999241 0.038953 0.000471 0.000400 -0.038655 0.992956 -0.112002 10.664600 -0.004831 0.111898 0.993708 -0.060300 0.000000 0.000000 0.000000 1.000000
0.999085 0.041769 -0.009238 0.000400 -0.042556 0.992417 -0.115311 10.664600 0.004352 0.115598 0.993287 -0.060300 0.000000 0.000000 0.000000 1.000000
0.999055 0.040376 -0.016067 0.000400 -0.042002 0.992044 -0.118680 10.664600 0.011148 0.119243 0.992803 -0.060300 0.000000 0.000000 0.000000 1.000000
0.999112 0.036518 -0.021023 0.000400 -0.038804 0.991871 -0.121184 10.664600 0.016427 0.121892 0.992407 -0.060300 0.000000 0.000000 0.000000 1.000000
0.999167 0.032268 -0.024978 0.000400 -0.035088 0.991884 -0.122211 10.664600 0.020832 0.122986 0.992190 -0.060300 0.000000 0.000000 0.000000 1.000000
0.999202 0.027925 -0.028548 0.000400 -0.031195 0.992115 -0.121385 10.664600 0.024934 0.122179 0.992195 -0.060300 0.000000 0.000000 0.000000 1.000000
0.999183 0.023721 -0.032714 0.000400 -0.027434 0.992614 -0.118174 10.664600 0.029669 0.118975 0.992454 -0.060300 0.000000 0.000000 0.000000 1.000000
0.999130 0.018950 -0.037151 0.000400 -0.023001 0.993462 -0.111819 10.664600 0.034790 0.112576 0.993034 -0.060300 0.000000 0.000000 0.000000 1.000000
0.999081 0.014459 -0.040338 0.000400 -0.018591 0.994400 -0.104034 10.664600 0.038608 0.104689 0.993755 -0.060300 0.000000 0.000000 0.000000 1.000000
0.999196 0.009309 -0.038987 0.000400 -0.013094 0.995101 -0.097992 10.664600 0.037884 0.098424 0.994423 -0.060300 0.000000 0.000000 0.000000 1.000000
0.999510 0.002037 -0.031239 0.000400 -0.004990 0.995489 -0.094743 10.664600 0.030905 0.094853 0.995011 -0.060300 0.000000 0.000000 0.000000 1.000000
0.999783 -0.004741 -0.020295 0.000400 0.002816 0.995584 -0.093836 10.664600 0.020650 0.093758 0.995381 -0.060300 0.000000 0.000000 0.000000 1.000000
0.999908 -0.009718 -0.009514 0.000400 0.008783 0.995549 -0.093832 10.664600 0.010383 0.093740 0.995543 -0.060300 0.000000 0.000000 0.000000 1.000000
0.999919 -0.012694 -0.000463 0.000400 0.012595 0.995556 -0.093326 10.664600 0.001646 0.093312 0.995636 -0.060300 0.000000 0.000000 0.000000 1.000000
0.999872 -0.014241 0.007269 0.000400 0.014848 0.995669 -0.091778 10.664600 -0.005931 0.091874 0.995753 -0.060300 0.000000 0.000000 0.000000 1.000000
0.999783 -0.014958 0.014467 0.000400 0.016199 0.995822 -0.089864 10.664600 -0.013063 0.090078 0.995849 -0.060300 0.000000 0.000000 0.000000 1.000000
0.999683 -0.014540 0.020562 0.000400 0.016303 0.995955 -0.088363 10.664600 -0.019194 0.088670 0.995876 -0.060300 0.000000 0.000000 0.000000 1.000000
0.999625 -0.012633 0.024293 0.000400 0.014712 0.996066 -0.087381 10.664600 -0.023094 0.087706 0.995879 -0.060300 0.000000 0.000000 0.000000 1.000000
0.999647 -0.009230 0.024916 0.000400 0.011354 0.996188 -0.086485 10.664600 -0.024023 0.086737 0.995942 -0.060300 0.000000 0.000000 0.000000 1.000000
0.999708 -0.005562 0.023506 0.000400 0.007548 0.996332 -0.085240 10.664600 -0.022945 0.085393 0.996083 -0.060300 0.000000 0.000000 0.000000 1.000000
0.999762 -0.002777 0.021656 0.000400 0.004582 0.996479 -0.083721 10.664600 -0.021347 0.083800 0.996254 -0.060300 0.000000 0.000000 0.000000 1.000000
0.999798 -0.001166 0.020042 0.000400 0.002823 0.996561 -0.082819 10.664600 -0.019876 0.082858 0.996363 -0.060300 0.000000 0.000000 0.000000 1.000000
0.999823 -0.000467 0.018787 0.000400 0.002041 0.996475 -0.083861 10.664600 -0.018682 0.083885 0.996300 -0.060300 0.000000 0.000000 0.000000 1.000000
0.999845 -0.000493 0.017598 0.000400 0.002030 0.996172 -0.087390 10.664600 -0.017487 0.087412 0.996019 -0.060300 0.000000 0.000000 0.000000 1.000000
0.999863 -0.001445 0.016476 0.000400 0.002958 0.995739 -0.092170 10.664600 -0.016273 0.092206 0.995607 -0.060300 0.000000 0.000000 0.000000 1.000000
0.999879 -0.002382 0.015357 0.000400 0.003843 0.995391 -0.095820 10.664600 -0.015058 0.095868 0.995280 -0.060300 0.000000 0.000000 0.000000 1.000000
0.999892 -0.002875 0.014380 0.000400 0.004256 0.995284 -0.096912 10.664600 -0.014034 0.096963 0.995189 -0.060300 0.000000 0.000000 0.000000 1.000000
0.999902 -0.003356 0.013624 0.000400 0.004653 0.995346 -0.096257 10.664600 -0.013238 0.096311 0.995263 -0.060300 0.000000 0.000000 0.000000 1.000000
0.999907 -0.004243 0.012987 0.000400 0.005468 0.995387 -0.095787 10.664600 -0.012520 0.095849 0.995317 -0.060300 0.000000 0.000000 0.000000 1.000000
0.999910 -0.005304 0.012361 0.000400 0.006472 0.995318 -0.096442 10.664600 -0.011792 0.096513 0.995262 -0.060300 0.000000 0.000000 0.000000 1.000000
0.999913 -0.006016 0.011722 0.000400 0.007133 0.995194 -0.097663 10.664600 -0.011078 0.097738 0.995150 -0.060300 0.000000 0.000000 0.000000 1.000000
0.999921 -0.005987 0.011069 0.000400 0.007050 0.995099 -0.098628 10.664600 -0.010425 0.098698 0.995063 -0.060300 0.000000 0.000000 0.000000 1.000000
0.999932 -0.005237 0.010403 0.000400 0.006244 0.995045 -0.099233 10.664600 -0.009832 0.099291 0.995010 -0.060300 0.000000 0.000000 0.000000 1.000000
0.999944 -0.004125 0.009735 0.000400 0.005076 0.994996 -0.099788 10.664600 -0.009275 0.099832 0.994961 -0.060300 0.000000 0.000000 0.000000 1.000000
0.999954 -0.003025 0.009058 0.000400 0.003919 0.994947 -0.100323 10.664600 -0.008709 0.100354 0.994914 -0.060300 0.000000 0.000000 0.000000 1.000000
0.999963 -0.002051 0.008324 0.000400 0.002878 0.994929 -0.100534 10.664600 -0.008076 0.100554 0.994899 -0.060300 0.000000 0.000000 0.000000 1.000000
0.999971 -0.001047 0.007504 0.000400 0.001794 0.994961 -0.100246 10.664600 -0.007361 0.100257 0.994934 -0.060300 0.000000 0.000000 0.000000 1.000000
