<?xml version="1.0" encoding="utf-8"?>
<COLLADA xmlns="http://www.collada.org/2005/11/COLLADASchema" version="1.4.1">
  <asset>
    <contributor>
      <author>Mixamo</author>
      <authoring_tool>COLLADA Mixamo exporter</authoring_tool>
      <comments/>
    </contributor>
    <created>2026-01-27T09:23:44Z</created>
    <modified>2026-01-27T09:23:44Z</modified>
    <revision/>
    <title/>
    <unit meter="0.010000"/>
    <up_axis>Y_UP</up_axis>
  </asset>
  <library_animations>
    <animation id="mixamorig_Hips-anim" name="mixamorig_Hips">
      <source id="mixamorig_Hips-Matrix-animation-input">
        <float_array id="mixamorig_Hips-Matrix-animation-input-array" count="24">

0.000000 0.033333 0.066667 0.100000 0.133333 0.166667 0.200000 0.233333 0.266667 0.300000 0.333333 0.366667 0.400000 0.433333 0.466667 0.500000
0.533333 0.566667 0.600000 0.633333 0.666667 0.700000 0.733333 0.766667</float_array>
        <technique_common>
          <accessor source="#mixamorig_Hips-Matrix-animation-input-array" count="24">
            <param name="TIME" type="float"/>
          </accessor>
        </technique_common>
      </source>
      <source id="mixamorig_Hips-Matrix-animation-output-transform">
        <float_array id="mixamorig_Hips-Matrix-animation-output-transform-array" count="384">
-0.997881 0.031187 0.057099 102.152313 0.045354 0.962685 0.266796 145.383850 -0.046648 0.268821 -0.962060 47.488289 0.000000 0.000000 0.000000 1.000000 -0.995775 0.033005 0.085689 102.271774 0.056472 0.955950 0.288047 143.387619 -0.072408 0.291670 -0.953775 46.989483 0.000000 0.000000 0.000000 1.000000 -0.993122 0.034403 0.111917 102.433807 0.067980 0.947674 0.311919 142.832901 -0.095330 0.317382 -0.943494 46.419861 0.000000 0.000000 0.000000 1.000000 -0.988354 0.029056 0.149372 102.625565 0.076786 0.942696 0.324698 144.053848 -0.131378 0.332386 -0.933948 46.087402 0.000000 0.000000 0.000000 1.000000 -0.981652 0.021782 0.189434 103.272980 0.082985 0.943242 0.321571 146.019852 -0.171677 0.331391 -0.927743 45.943409 0.000000 0.000000 0.000000 1.000000 -0.978965 0.019322 0.203112 104.665276 0.081677 0.949371 0.303355 147.692490 -0.186967 0.313564 -0.930979 46.130119 0.000000 0.000000 0.000000 1.000000 -0.986181 0.025637 0.163677 106.426132 0.071063 0.957912 0.278126 149.496140 -0.149657 0.285914 -0.946497 46.914566 0.000000 0.000000 0.000000 1.000000 -0.996478 0.031181 0.077846 108.144371 0.050828 0.962925 0.264936 150.185486 -0.066699 0.267960 -0.961118 47.848461 0.000000 0.000000 0.000000 1.000000 -0.999383 0.032800 -0.012540 109.485352 0.028037 0.960328 0.277461 149.172607 0.021143 0.276938 -0.960655 48.317059 0.000000 0.000000 0.000000 1.000000 -0.996736 0.031125 -0.074484 110.565422 0.006981 0.952457 0.304593 147.752411 0.080423 0.303079 -0.949566 48.409237 0.000000 0.000000 0.000000 1.000000 -0.993202 0.031988 -0.111923 111.672913 -0.005741 0.946870 0.321564 146.140198 0.116263 0.320021 -0.940250 48.137226 0.000000 0.000000 0.000000 1.000000 -0.988790 0.042849 -0.143030 112.779243 -0.004969 0.947962 0.318344 144.424576 0.149228 0.315487 -0.937123 47.665092 0.000000 0.000000 0.000000 1.000000 -0.982530 0.058805 -0.176571 113.561821 0.001727 0.951607 0.307313 143.059860 0.186098 0.301639 -0.935083 47.269501 0.000000 0.000000 0.000000 1.000000 -0.974638 0.069508 -0.212718 113.833466 0.001945 0.953135 0.302539 142.637787 0.223778 0.294453 -0.929097 47.154434 0.000000 0.000000 0.000000 1.000000 -0.964776 0.071446 -0.253184 113.644371 -0.008108 0.953882 0.300072 143.729385 0.262947 0.291555 -0.919703 47.440296 0.000000 0.000000 0.000000 1.000000 -0.951490 0.068196 -0.300027 113.011505 -0.021843 0.957695 0.286954 145.516129 0.306904 0.279587 -0.909748 48.051781 0.000000 0.000000 0.000000 1.000000 -0.937109 0.060405 -0.343770 111.846291 -0.033610 0.964717 0.261133 147.432266 0.347415 0.256264 -0.902015 48.692024 0.000000 0.000000 0.000000 1.000000 -0.931630 0.045884 -0.360499 110.302902 -0.043357 0.970878 0.235618 149.003998 0.360812 0.235139 -0.902510 49.430840 0.000000 0.000000 0.000000 1.000000 -0.943402 0.030394 -0.330257 108.607422 -0.047767 0.972957 0.225993 149.677292 0.328194 0.228978 -0.916437 50.238705 0.000000 0.000000 0.000000 1.000000 -0.966547 0.021323 -0.255601 107.018387 -0.040869 0.971003 0.235549 149.422241 0.253212 0.238116 -0.937648 50.616989 0.000000 0.000000 0.000000 1.000000 -0.986988 0.019230 -0.159642 105.651390 -0.022181 0.967050 0.253618 148.502411 0.159259 0.253859 -0.954040 50.789791 0.000000 0.000000 0.000000 1.000000 -0.997239 0.025736 -0.069658 104.444160 0.006238 0.963743 0.266758 147.285339 0.073997 0.265587 -0.961243 50.814178 0.000000 0.000000 0.000000 1.000000 -0.999446 0.033264 0.001467 103.234184 0.032424 0.962292 0.270081 146.209396 0.007572 0.269979 -0.962836 50.694736 0.000000 0.000000 0.000000 1.000000 -0.997881 0.031187 0.057099 101.980392 0.045354 0.962685 0.266796 145.383850 -0.046648 0.268821 -0.962060 50.415482 0.000000 0.000000 0.000000 1.000000
</float_array>
        <technique_common>
          <accessor source="#mixamorig_Hips-Matrix-animation-output-transform-array" count="24" stride="16">
            <param type="float4x4"/>
          </accessor>
        </technique_common>
      </source>
      <source id="mixamorig_Hips-Interpolations">
        <Name_array id="mixamorig_Hips-Interpolations-array" count="24">
 LINEAR LINEAR LINEAR LINEAR LINEAR LINEAR LINEAR LINEAR LINEAR LINEAR LINEAR
LINEAR LINEAR LINEAR LINEAR LINEAR LINEAR LINEAR LINEAR LINEAR LINEAR LINEAR LINEAR
LINEAR</Name_array>
        <technique_common>
          <accessor source="#mixamorig_Hips-Interpolations-array" count="24">
            <param type="name"/>
          </accessor>
        </technique_common>
      </source>
      <sampler id="mixamorig_Hips-Matrix-animation-transform">
        <input semantic="INPUT" source="#mixamorig_Hips-Matrix-animation-input"/>
        <input semantic="OUTPUT" source="#mixamorig_Hips-Matrix-animation-output-transform"/>
        <input semantic="INTERPOLATION" source="#mixamorig_Hips-Interpolations"/>
      </sampler>
      <channel source="#mixamorig_Hips-Matrix-animation-transform" target="mixamorig_Hips/matrix"/>
    </animation>
    <animation id="mixamorig_Spine-anim" name="mixamorig_Spine">
      <source id="mixamorig_Spine-Matrix-animation-input">
        <float_array id="mixamorig_Spine-Matrix-animation-input-array" count="24">

0.000000 0.033333 0.066667 0.100000 0.133333 0.166667 0.200000 0.233333 0.266667 0.300000 0.333333 0.366667 0.400000 0.433333 0.466667 0.500000
0.533333 0.566667 0.600000 0.633333 0.666667 0.700000 0.733333 0.766667</float_array>
        <technique_common>
          <accessor source="#mixamorig_Spine-Matrix-animation-input-array" count="24">
            <param name="TIME" type="float"/>
          </accessor>
        </technique_common>
      </source>
      <source id="mixamorig_Spine-Matrix-animation-output-transform">
        <float_array id="mixamorig_Spine-Matrix-animation-output-transform-array" count="384">

0.999848 0.006599 0.016108 0.000400 -0.005478 0.997625 -0.068667 10.664600 -0.016523 0.068568 0.997510 -0.060300 0.000000 0.000000 0.000000 1.000000
0.999842 0.009199 0.015181 0.000400 -0.008127 0.997571 -0.069184 10.664600 -0.015781 0.069050 0.997488 -0.060300 0.000000 0.000000 0.000000 1.000000
0.999858 0.011310 0.012503 0.000400 -0.010422 0.997565 -0.068956 10.664600 -0.013252 0.068816 0.997541 -0.060300 0.000000 0.000000 0.000000 1.000000
0.999853 0.012945 0.011250 0.000400 -0.012159 0.997658 -0.067312 10.664600 -0.012095 0.067165 0.997669 -0.060300 0.000000 0.000000 0.000000 1.000000
0.999814 0.016743 0.009563 0.000400 -0.016098 0.997825 -0.063921 10.664600 -0.010613 0.063755 0.997909 -0.060300 0.000000 0.000000 0.000000 1.000000
0.999726 0.023056 0.004100 0.000400 -0.022769 0.997948 -0.059849 10.664600 -0.005471 0.059739 0.998199 -0.060300 0.000000 0.000000 0.000000 1.000000
0.999498 0.031227 -0.005275 0.000400 -0.031481 0.997815 -0.058084 10.664600 0.003449 0.058220 0.998298 -0.060300 0.000000 0.000000 0.000000 1.000000
0.999262 0.036092 -0.013127 0.000400 -0.036840 0.997391 -0.062087 10.664600 0.010852 0.062525 0.997984 -0.060300 0.000000 0.000000 0.000000 1.000000
0.999254 0.035716 -0.014705 0.000400 -0.036664 0.996854 -0.070276 10.664600 0.012149 0.070762 0.997419 -0.060300 0.000000 0.000000 0.000000 1.000000
0.999424 0.031592 -0.012369 0.000400 -0.032464 0.996409 -0.078194 10.664600 0.009855 0.078551 0.996861 -0.060300 0.000000 0.000000 0.000000 1.000000
0.999443 0.030525 -0.013507 0.000400 -0.031525 0.996186 -0.081365 10.664600 0.010972 0.081745 0.996593 -0.060300 0.000000 0.000000 0.000000 1.000000
0.999187 0.034802 -0.020332 0.000400 -0.036319 0.996154 -0.079744 10.664600 0.017478 0.080418 0.996608 -0.060300 0.000000 0.000000 0.000000 1.000000
0.998822 0.039949 -0.027550 0.000400 -0.041968 0.996143 -0.077061 10.664600 0.024365 0.078127 0.996646 -0.060300 0.000000 0.000000 0.000000 1.000000
0.998685 0.042633 -0.028481 0.000400 -0.044698 0.996082 -0.076301 10.664600 0.025117 0.077474 0.996678 -0.060300 0.000000 0.000000 0.000000 1.000000
0.998896 0.041493 -0.022014 0.000400 -0.043074 0.996100 -0.077002 10.664600 0.018733 0.077865 0.996788 -0.060300 0.000000 0.000000 0.000000 1.000000
0.999215 0.037026 -0.014079 0.000400 -0.037998 0.996342 -0.076540 10.664600 0.011193 0.077015 0.996967 -0.060300 0.000000 0.000000 0.000000 1.000000
0.999535 0.028824 -0.009901 0.000400 -0.029475 0.996857 -0.073538 10.664600 0.007750 0.073796 0.997243 -0.060300 0.000000 0.000000 0.000000 1.000000
0.999829 0.016690 -0.007999 0.000400 -0.017218 0.997316 -0.071158 10.664600 0.006790 0.071284 0.997433 -0.060300 0.000000 0.000000 0.000000 1.000000
0.999972 0.004920 -0.005564 0.000400 -0.005307 0.997404 -0.071813 10.664600 0.005196 0.071841 0.997403 -0.060300 0.000000 0.000000 0.000000 1.000000
0.999995 -0.001530 -0.002922 0.000400 0.001310 0.997277 -0.073735 10.664600 0.003026 0.073731 0.997274 -0.060300 0.000000 0.000000 0.000000 1.000000
0.999999 -0.001065 -0.000875 0.000400 0.000997 0.997269 -0.073846 10.664600 0.000951 0.073845 0.997269 -0.060300 0.000000 0.000000 0.000000 1.000000
0.999987 0.004839 0.001670 0.000400 -0.004708 0.997456 -0.071123 10.664600 -0.002010 0.071114 0.997466 -0.060300 0.000000 0.000000 0.000000 1.000000
0.999938 0.008467 0.007217 0.000400 -0.007952 0.997611 -0.068616 10.664600 -0.007781 0.068555 0.997617 -0.060300 0.000000 0.000000 0.000000 1.000000
0.999848 0.006599 0.016108 0.000400 -0.005478 0.997625 -0.068667 10.664600 -0.016523 0.068568 0.997510 -0.060300 0.000000 0.000000 0.000000 1.000000</float_array>
        <technique_common>
          <accessor source="#mixamorig_Spine-Matrix-animation-output-transform-array" count="24" stride="16">
            <param type="float4x4"/>
          </accessor>
        </technique_common>
      </source>
      <source id="mixamorig_Spine-Interpolations">
        <Name_array id="mixamorig_Spine-Interpolations-array" count="24">
 LINEAR LINEAR LINEAR LINEAR LINEAR LINEAR LINEAR LINEAR LINEAR LINEAR LINEAR
LINEAR LINEAR LINEAR LINEAR LINEAR LINEAR LINEAR LINEAR LINEAR LINEAR LINEAR LINEAR
LINEAR</Name_array>
        <technique_common>
          <accessor source="#mixamorig_Spine-Interpolations-array" count="24">
            <param type="name"/>
          </accessor>
        </technique_common>
      </source>
      <sampler id="mixamorig_Spine-Matrix-animation-transform">
        <input semantic="INPUT" source="#mixamorig_Spine-Matrix-animation-input"/>
        <input semantic="OUTPUT" source="#mixamorig_Spine-Matrix-animation-output-transform"/>
        <input semantic="INTERPOLATION" source="#mixamorig_Spine-Interpolations"/>
      </sampler>
      <channel source="#mixamorig_Spine-Matrix-animation-transform" target="mixamorig_Spine/matrix"/>
    </animation>
    <animation id="mixamorig_Spine1-anim" name="mixamorig_Spine1">
      <source id="mixamorig_Spine1-Matrix-animation-input">
        <float_array id="mixamorig_Spine1-Matrix-animation-input-array" count="24">

0.000000 0.033333 0.066667 0.100000 0.133333 0.166667 0.200000 0.233333 0.266667 0.300000 0.333333 0.366667 0.400000 0.433333 0.466667 0.500000
0.533333 0.566667 0.600000 0.633333 0.666667 0.700000 0.733333 0.766667</float_array>
        <technique_common>
          <accessor source="#mixamorig_Spine1-Matrix-animation-input-array" count="24">
            <param name="TIME" type="float"/>
          </accessor>
        </technique_common>
      </source>
      <source id="mixamorig_Spine1-Matrix-animation-output-transform">
        <float_array id="mixamorig_Spine1-Matrix-animation-output-transform-array" count="384">

0.999122 -0.025637 0.033130 0.000000 0.022533 0.995605 0.090903 11.673000 -0.035315 -0.090077 0.995308 -0.000000 0.000000 0.000000 0.000000 1.000000
0.999032 -0.028514 0.033494 -0.000000 0.025406 0.995635 0.089806 11.673000 -0.035909 -0.088868 0.995396 0.000000 0.000000 0.000000 0.000000 1.000000
0.999190 -0.026391 0.030385 0.000000 0.023558 0.995653 0.090111 11.673000 -0.032631 -0.089322 0.995468 0.000000 0.000000 0.000000 0.000000 1.000000
0.999348 -0.021029 0.029352 0.000000 0.018206 0.995469 0.093332 11.673000 -0.031182 -0.092737 0.995202 0.000000 0.000000 0.000000 0.000000 1.000000
0.999569 -0.009054 0.027918 0.000000 0.006219 0.994967 0.100006 11.673000 -0.028683 -0.099789 0.994595 0.000000 0.000000 0.000000 0.000000 1.000000
0.999737 0.010913 0.020173 0.000000 -0.013028 0.994076 0.107901 11.673000 -0.018876 -0.108135 0.993957 -0.000000 0.000000 0.000000 0.000000 1.000000
0.999428 0.033374 0.005472 0.000000 -0.033776 0.993229 0.111156 11.673000 -0.001726 -0.111278 0.993788 0.000000 0.000000 0.000000 0.000000 1.000000
0.998672 0.050856 -0.008249 0.000000 -0.049736 0.993418 0.103189 11.673000 0.013443 -0.102642 0.994628 -0.000000 0.000000 0.000000 0.000000 1.000000
0.998007 0.061741 -0.013059 -0.000000 -0.060374 0.994356 0.087244 11.673000 0.018372 -0.086282 0.996101 -0.000000 0.000000 0.000000 0.000000 1.000000
0.997248 0.073206 -0.011691 0.000000 -0.072179 0.994780 0.072136 11.673000 0.016910 -0.071094 0.997326 -0.000000 0.000000 0.000000 0.000000 1.000000
0.995654 0.091979 -0.014564 0.000000 -0.090819 0.993639 0.066583 11.673000 0.020596 -0.064971 0.997675 0.000000 0.000000 0.000000 0.000000 1.000000
0.992706 0.117577 -0.026674 -0.000000 -0.115444 0.990782 0.070883 11.673000 0.034762 -0.067286 0.997128 0.000000 0.000000 0.000000 0.000000 1.000000
0.989300 0.140137 -0.040577 0.000000 -0.136718 0.987579 0.077432 11.673000 0.050924 -0.071056 0.996172 0.000000 0.000000 0.000000 0.000000 1.000000
0.987831 0.149323 -0.043513 0.000000 -0.145579 0.986165 0.079280 11.673000 0.054750 -0.071981 0.995902 0.000000 0.000000 0.000000 0.000000 1.000000
0.989122 0.143372 -0.032886 -0.000000 -0.140511 0.987071 0.077121 11.673000 0.043517 -0.071661 0.996479 0.000000 0.000000 0.000000 0.000000 1.000000
0.991752 0.126617 -0.019889 0.000000 -0.124743 0.989189 0.077105 11.673000 0.029437 -0.073988 0.996825 0.000000 0.000000 0.000000 0.000000 1.000000
0.994628 0.102483 -0.014549 0.000000 -0.100946 0.991449 0.082694 11.673000 0.022900 -0.080782 0.996469 0.000000 0.000000 0.000000 0.000000 1.000000
0.997238 0.072837 -0.014558 0.000000 -0.071297 0.993622 0.087356 11.673000 0.020828 -0.086076 0.996071 0.000000 0.000000 0.000000 0.000000 1.000000
0.999091 0.040683 -0.012755 0.000000 -0.039443 0.995537 0.085736 11.673000 0.016186 -0.085155 0.996236 -0.000000 0.000000 0.000000 0.000000 1.000000
0.999849 0.015325 -0.008231 0.000000 -0.014605 0.996572 0.081429 11.673000 0.009451 -0.081296 0.996645 0.000000 0.000000 0.000000 0.000000 1.000000
0.999992 0.002638 -0.002894 -0.000000 -0.002395 0.996728 0.080796 11.673000 0.003097 -0.080788 0.996726 -0.000000 0.000000 0.000000 0.000000 1.000000
0.999989 -0.001953 0.004351 0.000000 0.001573 0.996306 0.085859 11.673000 -0.004503 -0.085852 0.996298 0.000000 0.000000 0.000000 0.000000 1.000000
0.999826 -0.009172 0.016236 -0.000000 0.007662 0.995845 0.090738 11.673000 -0.017001 -0.090597 0.995742 0.000000 0.000000 0.000000 0.000000 1.000000
0.999122 -0.025637 0.033130 0.000000 0.022533 0.995605 0.090903 11.673000 -0.035315 -0.090077 0.995309 0.000000 0.000000 0.000000 0.000000 1.000000</float_array>
        <technique_common>
          <accessor source="#mixamorig_Spine1-Matrix-animation-output-transform-array" count="24" stride="16">
            <param type="float4x4"/>
          </accessor>
        </technique_common>
      </source>
      <source id="mixamorig_Spine1-Interpolations">
        <Name_array id="mixamorig_Spine1-Interpolations-array" count="24">
 LINEAR LINEAR LINEAR LINEAR LINEAR LINEAR LINEAR LINEAR LINEAR LINEAR LINEAR
LINEAR LINEAR LINEAR LINEAR LINEAR LINEAR LINEAR LINEAR LINEAR LINEAR LINEAR LINEAR
LINEAR</Name_array>
        <technique_common>
          <accessor source="#mixamorig_Spine1-Interpolations-array" count="24">
            <param type="name"/>
          </accessor>
        </technique_common>
      </source>
      <sampler id="mixamorig_Spine1-Matrix-animation-transform">
        <input semantic="INPUT" source="#mixamorig_Spine1-Matrix-animation-input"/>
        <input semantic="OUTPUT" source="#mixamorig_Spine1-Matrix-animation-output-transform"/>
        <input semantic="INTERPOLATION" source="#mixamorig_Spine1-Interpolations"/>
      </sampler>
      <channel source="#mixamorig_Spine1-Matrix-animation-transform" target="mixamorig_Spine1/matrix"/>
    </animation>
    <animation id="mixamorig_Spine2-anim" name="mixamorig_Spine2">
      <source id="mixamorig_Spine2-Matrix-animation-input">
        <float_array id="mixamorig_Spine2-Matrix-animation-input-array" count="24">

0.000000 0.033333 0.066667 0.100000 0.133333 0.166667 0.200000 0.233333 0.266667 0.300000 0.333333 0.366667 0.400000 0.433333 0.466667 0.500000
0.533333 0.566667 0.600000 0.633333 0.666667 0.700000 0.733333 0.766667</float_array>
        <technique_common>
          <accessor source="#mixamorig_Spine2-Matrix-animation-input-array" count="24">
            <param name="TIME" type="float"/>
          </accessor>
        </technique_common>
      </source>
      <source id="mixamorig_Spine2-Matrix-animation-output-transform">
        <float_array id="mixamorig_Spine2-Matrix-animation-output-transform-array" count="384">

0.997741 -0.061959 0.025959 0.000000 0.065667 0.981022 -0.182439 14.006800 -0.014163 0.183731 0.982874 0.000000 0.000000 0.000000 0.000000 1.000000
0.997547 -0.064816 0.026423 0.000000 0.068578 0.980617 -0.183539 14.006800 -0.014015 0.184901 0.982657 0.000000 0.000000 0.000000 0.000000 1.000000
0.997755 -0.062808 0.023242 0.000000 0.066012 0.980849 -0.183244 14.006800 -0.011288 0.184367 0.982793 0.000000 0.000000 0.000000 0.000000 1.000000
0.998103 -0.057494 0.022023 -0.000000 0.060527 0.981797 -0.180031 14.006800 -0.011272 0.181023 0.983414 -0.000000 0.000000 0.000000 0.000000 1.000000
0.998756 -0.045591 0.020175 0.000000 0.048404 0.983670 -0.173352 14.006800 -0.011942 0.174113 0.984653 -0.000000 0.000000 0.000000 0.000000 1.000000
0.999595 -0.025922 0.011745 -0.000000 0.027508 0.985842 -0.165405 14.006800 -0.007291 0.165661 0.986156 0.000000 0.000000 0.000000 0.000000 1.000000
0.999985 -0.003980 -0.003719 0.000000 0.003325 0.986784 -0.162007 14.006800 0.004315 0.161992 0.986783 0.000000 0.000000 0.000000 0.000000 1.000000
0.999752 0.013039 -0.018029 0.000000 -0.015912 0.985363 -0.169723 14.006800 0.015552 0.169968 0.985327 0.000000 0.000000 0.000000 0.000000 1.000000
0.999448 0.023771 -0.023206 0.000000 -0.027666 0.982282 -0.185356 14.006800 0.018389 0.185896 0.982397 -0.000000 0.000000 0.000000 0.000000 1.000000
0.999130 0.035296 -0.022228 0.000000 -0.039037 0.978995 -0.200113 14.006800 0.014698 0.200807 0.979521 0.000000 0.000000 0.000000 0.000000 1.000000
0.998209 0.054006 -0.025734 0.000000 -0.058151 0.976960 -0.205346 14.006800 0.014051 0.206474 0.978351 -0.000000 0.000000 0.000000 0.000000 1.000000
0.996102 0.079268 -0.038695 0.000000 -0.085459 0.975909 -0.200746 14.006800 0.021851 0.203270 0.978879 0.000000 0.000000 0.000000 0.000000 1.000000
0.993409 0.101452 -0.053341 0.000000 -0.109967 0.974841 -0.193887 14.006800 0.032328 0.198475 0.979573 0.000000 0.000000 0.000000 0.000000 1.000000
0.992255 0.110581 -0.056581 -0.000000 -0.119502 0.974109 -0.191913 14.006800 0.033894 0.197188 0.979780 -0.000000 0.000000 0.000000 0.000000 1.000000
0.993424 0.104952 -0.045765 -0.000000 -0.111906 0.974551 -0.194235 14.006800 0.024215 0.198079 0.979887 0.000000 0.000000 0.000000 0.000000 1.000000
0.995549 0.088564 -0.032220 0.000000 -0.093162 0.976454 -0.194573 14.006800 0.014229 0.196709 0.980359 0.000000 0.000000 0.000000 0.000000 1.000000
0.997575 0.064536 -0.026074 0.000000 -0.068319 0.979522 -0.189392 14.006800 0.013317 0.190714 0.981555 0.000000 0.000000 0.000000 0.000000 1.000000
0.999079 0.034830 -0.025080 0.000000 -0.038880 0.981946 -0.185124 14.006800 0.018180 0.185929 0.982395 0.000000 0.000000 0.000000 0.000000 1.000000
0.999750 0.002709 -0.022184 0.000000 -0.006812 0.982327 -0.187050 14.006800 0.021286 0.187155 0.982100 0.000000 0.000000 0.000000 0.000000 1.000000
0.999606 -0.022490 -0.016794 0.000000 0.018860 0.981304 -0.191538 14.006800 0.020788 0.191146 0.981341 0.000000 0.000000 0.000000 0.000000 1.000000
0.999327 -0.034984 -0.011024 -0.000000 0.032214 0.980811 -0.192281 14.006800 0.017539 0.191796 0.981278 0.000000 0.000000 0.000000 0.000000 1.000000
0.999220 -0.039321 -0.003625 0.000000 0.037947 0.981563 -0.187336 14.006800 0.010925 0.187053 0.982289 -0.000000 0.000000 0.000000 0.000000 1.000000
0.998900 -0.046118 0.008502 0.000000 0.046896 0.982075 -0.182564 14.006800 0.000070 0.182762 0.983157 0.000000 0.000000 0.000000 0.000000 1.000000
0.997741 -0.061959 0.025959 -0.000000 0.065667 0.981022 -0.182439 14.006800 -0.014163 0.183731 0.982874 0.000000 0.000000 0.000000 0.000000 1.000000</float_array>
        <technique_common>
          <accessor source="#mixamorig_Spine2-Matrix-animation-output-transform-array" count="24" stride="16">
            <param type="float4x4"/>
          </accessor>
        </technique_common>
      </source>
      <source id="mixamorig_Spine2-Interpolations">
        <Name_array id="mixamorig_Spine2-Interpolations-array" count="24">
 LINEAR LINEAR LINEAR LINEAR LINEAR LINEAR LINEAR LINEAR LINEAR LINEAR LINEAR
LINEAR LINEAR LINEAR LINEAR LINEAR LINEAR LINEAR LINEAR LINEAR LINEAR LINEAR LINEAR
LINEAR</Name_array>
        <technique_common>
          <accessor source="#mixamorig_Spine2-Interpolations-array" count="24">
            <param type="name"/>
          </accessor>
        </technique_common>
      </source>
      <sampler id="mixamorig_Spine2-Matrix-animation-transform">
        <input semantic="INPUT" source="#mixamorig_Spine2-Matrix-animation-input"/>
        <input semantic="OUTPUT" source="#mixamorig_Spine2-Matrix-animation-output-transform"/>
        <input semantic="INTERPOLATION" source="#mixamorig_Spine2-Interpolations"/>
      </sampler>
      <channel source="#mixamorig_Spine2-Matrix-animation-transform" target="mixamorig_Spine2/matrix"/>
    </animation>
    <animation id="mixamorig_Neck-anim" name="mixamorig_Neck">
      <source id="mixamorig_Neck-Matrix-animation-input">
        <float_array id="mixamorig_Neck-Matrix-animation-input-array" count="24">

0.000000 0.033333 0.066667 0.100000 0.133333 0.166667 0.200000 0.233333 0.266667 0.300000 0.333333 0.366667 0.400000 0.433333 0.466667 0.500000
0.533333 0.566667 0.600000 0.633333 0.666667 0.700000 0.733333 0.766667</float_array>
        <technique_common>
          <accessor source="#mixamorig_Neck-Matrix-animation-input-array" count="24">
            <param name="TIME" type="float"/>
          </accessor>
        </technique_common>
      </source>
      <source id="mixamorig_Neck-Matrix-animation-output-transform">
        <float_array id="mixamorig_Neck-Matrix-animation-output-transform-array" count="384">

0.998210 0.007357 -0.059349 0.027800 -0.018006 0.983325 -0.180966 18.914400 0.057028 0.181711 0.981697 -0.032000 0.000000 0.000000 0.000000 1.000000
0.998408 0.020290 -0.052621 0.027800 -0.030136 0.980601 -0.193683 18.914400 0.047671 0.194960 0.979652 -0.032000 0.000000 0.000000 0.000000 1.000000
0.998406 0.031879 -0.046571 0.027800 -0.041293 0.975129 -0.217758 18.914400 0.038470 0.219334 0.974891 -0.032000 0.000000 0.000000 0.000000 1.000000
0.998766 0.031738 -0.038203 0.027800 -0.040002 0.969955 -0.239975 18.914400 0.029438 0.241207 0.970027 -0.032000 0.000000 0.000000 0.000000 1.000000
0.999486 0.016633 -0.027411 0.027800 -0.023021 0.967337 -0.252445 18.914400 0.022317 0.252946 0.967223 -0.032000 0.000000 0.000000 0.000000 1.000000
0.999760 -0.013094 -0.017565 0.027800 0.008395 0.969512 -0.244900 18.914400 0.020236 0.244694 0.969389 -0.032000 0.000000 0.000000 0.000000 1.000000
0.998553 -0.051667 -0.014888 0.027800 0.047322 0.975930 -0.212888 18.914400 0.025529 0.211875 0.976963 -0.032000 0.000000 0.000000 0.000000 1.000000
0.996144 -0.084660 -0.023000 0.027800 0.079566 0.982290 -0.169633 18.914400 0.036953 0.167149 0.985239 -0.032000 0.000000 0.000000 0.000000 1.000000
0.994103 -0.101849 -0.037216 0.027800 0.095387 0.984589 -0.146581 18.914400 0.051572 0.142167 0.988498 -0.032000 0.000000 0.000000 0.000000 1.000000
0.992148 -0.114981 -0.049212 0.027800 0.106310 0.982576 -0.152453 18.914400 0.065884 0.146024 0.987085 -0.032000 0.000000 0.000000 0.000000 1.000000
0.989745 -0.132033 -0.054517 0.027800 0.121383 0.978578 -0.166288 18.914400 0.075305 0.157965 0.984569 -0.032000 0.000000 0.000000 0.000000 1.000000
0.987857 -0.145245 -0.055161 0.027800 0.133855 0.975883 -0.172439 18.914400 0.078877 0.162962 0.983474 -0.032000 0.000000 0.000000 0.000000 1.000000
0.987238 -0.149050 -0.056090 0.027800 0.137157 0.974759 -0.176159 18.914400 0.080930 0.166217 0.982762 -0.032000 0.000000 0.000000 0.000000 1.000000
0.986914 -0.149244 -0.061044 0.027800 0.135409 0.972640 -0.188773 18.914400 0.087547 0.178037 0.980122 -0.032000 0.000000 0.000000 0.000000 1.000000
0.986014 -0.150878 -0.070802 0.027800 0.133266 0.968856 -0.208707 18.914400 0.100086 0.196352 0.975412 -0.032000 0.000000 0.000000 0.000000 1.000000
0.985302 -0.149541 -0.082570 0.027800 0.127776 0.966001 -0.224758 18.914400 0.113373 0.210904 0.970910 -0.032000 0.000000 0.000000 0.000000 1.000000
0.986168 -0.137868 -0.092004 0.027800 0.113734 0.966655 -0.229440 18.914400 0.120569 0.215802 0.968965 -0.032000 0.000000 0.000000 0.000000 1.000000
0.989218 -0.111645 -0.094777 0.027800 0.089142 0.972499 -0.215174 18.914400 0.116193 0.204405 0.971966 -0.032000 0.000000 0.000000 0.000000 1.000000
0.993739 -0.069344 -0.087598 0.027800 0.052445 0.981846 -0.182285 18.914400 0.098648 0.176550 0.979336 -0.032000 0.000000 0.000000 0.000000 1.000000
0.996998 -0.026436 -0.072781 0.027800 0.014674 0.987389 -0.157630 18.914400 0.076030 0.156088 0.984813 -0.032000 0.000000 0.000000 0.000000 1.000000
0.998080 -0.008914 -0.061290 0.027800 -0.001515 0.985776 -0.168055 18.914400 0.061916 0.167825 0.983870 -0.032000 0.000000 0.000000 0.000000 1.000000
0.998268 -0.008195 -0.058259 0.027800 -0.003156 0.981364 -0.192130 18.914400 0.058748 0.191982 0.979639 -0.032000 0.000000 0.000000 0.000000 1.000000
0.998208 -0.003933 -0.059714 0.027800 -0.008009 0.980082 -0.198430 18.914400 0.059305 0.198553 0.978294 -0.032000 0.000000 0.000000 0.000000 1.000000
0.998210 0.007357 -0.059349 0.027800 -0.018006 0.983324 -0.180966 18.914400 0.057028 0.181711 0.981697 -0.032000 0.000000 0.000000 0.000000 1.000000</float_array>
        <technique_common>
          <accessor source="#mixamorig_Neck-Matrix-animation-output-transform-array" count="24" stride="16">
            <param type="float4x4"/>
          </accessor>
        </technique_common>
      </source>
      <source id="mixamorig_Neck-Interpolations">
        <Name_array id="mixamorig_Neck-Interpolations-array" count="24">
 LINEAR LINEAR LINEAR LINEAR LINEAR LINEAR LINEAR LINEAR LINEAR LINEAR LINEAR
LINEAR LINEAR LINEAR LINEAR LINEAR LINEAR LINEAR LINEAR LINEAR LINEAR LINEAR LINEAR
LINEAR</Name_array>
        <technique_common>
          <accessor source="#mixamorig_Neck-Interpolations-array" count="24">
            <param type="name"/>
          </accessor>
        </technique_common>
      </source>
      <sampler id="mixamorig_Neck-Matrix-animation-transform">
        <input semantic="INPUT" source="#mixamorig_Neck-Matrix-animation-input"/>
        <input semantic="OUTPUT" source="#mixamorig_Neck-Matrix-animation-output-transform"/>
        <input semantic="INTERPOLATION" source="#mixamorig_Neck-Interpolations"/>
      </sampler>
      <channel source="#mixamorig_Neck-Matrix-animation-transform" target="mixamorig_Neck/matrix"/>
    </animation>
    <animation id="mixamorig_Head-anim" name="mixamorig_Head">
      <source id="mixamorig_Head-Matrix-animation-input">
        <float_array id="mixamorig_Head-Matrix-animation-input-array" count="24">

0.000000 0.033333 0.066667 0.100000 0.133333 0.166667 0.200000 0.233333 0.266667 0.300000 0.333333 0.366667 0.400000 0.433333 0.466667 0.500000
0.533333 0.566667 0.600000 0.633333 0.666667 0.700000 0.733333 0.766667</float_array>
        <technique_common>
          <accessor source="#mixamorig_Head-Matrix-animation-input-array" count="24">
            <param name="TIME" type="float"/>
          </accessor>
        </technique_common>
      </source>
      <source id="mixamorig_Head-Matrix-animation-output-transform">
        <float_array id="mixamorig_Head-Matrix-animation-output-transform-array" count="384">

0.960975 0.204795 -0.185972 -0.001100 -0.070211 0.830815 0.552102 9.868400 0.267576 -0.517499 0.812772 4.265200 0.000000 0.000000 0.000000 1.000000
0.969687 0.189530 -0.154227 -0.001100 -0.075646 0.833007 0.548067 9.868400 0.232348 -0.519786 0.822093 4.265200 0.000000 0.000000 0.000000 1.000000
0.976725 0.177224 -0.120828 -0.001100 -0.084304 0.835165 0.543500 9.868400 0.197233 -0.520664 0.830667 4.265200 0.000000 0.000000 0.000000 1.000000
0.984586 0.157366 -0.076331 -0.001100 -0.092558 0.839110 0.536030 9.868400 0.148403 -0.520703 0.840741 4.265200 0.000000 0.000000 0.000000 1.000000
0.992820 0.115579 -0.030816 -0.001100 -0.083312 0.853012 0.515198 9.868400 0.085832 -0.508931 0.856517 4.265200 0.000000 0.000000 0.000000 1.000000
0.998240 0.059297 0.001213 -0.001100 -0.052471 0.873421 0.484131 9.868400 0.027648 -0.483342 0.874995 4.265200 0.000000 0.000000 0.000000 1.000000
0.999872 0.014214 0.007395 -0.001100 -0.016023 0.888963 0.457698 9.868400 -0.000068 -0.457758 0.889077 4.265200 0.000000 0.000000 0.000000 1.000000
0.999627 -0.009561 -0.025578 -0.001100 0.020016 0.893729 0.448160 9.868400 0.018575 -0.448505 0.893588 4.265200 0.000000 0.000000 0.000000 1.000000
0.995711 -0.023212 -0.089555 -0.001100 0.061546 0.888932 0.453885 9.868400 0.069073 -0.457450 0.886548 4.265200 0.000000 0.000000 0.000000 1.000000
0.987936 -0.041709 -0.149142 -0.001100 0.107544 0.877737 0.466918 9.868400 0.111432 -0.477325 0.871633 4.265200 0.000000 0.000000 0.000000 1.000000
0.981312 -0.068040 -0.179991 -0.001100 0.147525 0.866585 0.476726 9.868400 0.123541 -0.494370 0.860428 4.265200 0.000000 0.000000 0.000000 1.000000
0.977296 -0.092595 -0.190576 -0.001100 0.175131 0.859274 0.480602 9.868400 0.119255 -0.503066 0.855981 4.265200 0.000000 0.000000 0.000000 1.000000
0.972996 -0.105967 -0.205062 -0.001100 0.194884 0.853199 0.483809 9.868400 0.123691 -0.510707 0.850811 4.265200 0.000000 0.000000 0.000000 1.000000
0.964907 -0.104588 -0.240866 -0.001100 0.214417 0.843332 0.492764 9.868400 0.151593 -0.527117 0.836162 4.265200 0.000000 0.000000 0.000000 1.000000
0.951354 -0.085090 -0.296116 -0.001100 0.231628 0.831276 0.505300 9.868400 0.203158 -0.549308 0.810548 4.265200 0.000000 0.000000 0.000000 1.000000
0.936251 -0.043833 -0.348586 -0.001100 0.229141 0.828301 0.511285 9.868400 0.266323 -0.558567 0.785541 4.265200 0.000000 0.000000 0.000000 1.000000
0.927105 0.015601 -0.374478 -0.001100 0.191356 0.839400 0.508715 9.868400 0.322273 -0.543291 0.775226 4.265200 0.000000 0.000000 0.000000 1.000000
0.927135 0.076861 -0.366759 -0.001100 0.131119 0.850326 0.509660 9.868400 0.351038 -0.520613 0.778289 4.265200 0.000000 0.000000 0.000000 1.000000
0.935884 0.119348 -0.331477 -0.001100 0.074247 0.852927 0.516723 9.868400 0.344395 -0.508204 0.789380 4.265200 0.000000 0.000000 0.000000 1.000000
0.950368 0.132222 -0.281634 -0.001100 0.038067 0.848987 0.527041 9.868400 0.308789 -0.511604 0.801817 4.265200 0.000000 0.000000 0.000000 1.000000
0.963245 0.130955 -0.234541 -0.001100 0.019520 0.836689 0.547330 9.868400 0.267913 -0.531791 0.803381 4.265200 0.000000 0.000000 0.000000 1.000000
0.967915 0.137598 -0.210256 -0.001100 0.005561 0.824810 0.565383 9.868400 0.251217 -0.548411 0.797581 4.265200 0.000000 0.000000 0.000000 1.000000
0.965474 0.165000 -0.201579 -0.001100 -0.021597 0.821861 0.569279 9.868400 0.259601 -0.545271 0.797049 4.265200 0.000000 0.000000 0.000000 1.000000
0.960975 0.204795 -0.185972 -0.001100 -0.070211 0.830815 0.552102 9.868400 0.267576 -0.517499 0.812772 4.265200 0.000000 0.000000 0.000000 1.000000</float_array>
        <technique_common>
          <accessor source="#mixamorig_Head-Matrix-animation-output-transform-array" count="24" stride="16">
            <param type="float4x4"/>
          </accessor>
        </technique_common>
      </source>
      <source id="mixamorig_Head-Interpolations">
        <Name_array id="mixamorig_Head-Interpolations-array" count="24">
 LINEAR LINEAR LINEAR LINEAR LINEAR LINEAR LINEAR LINEAR LINEAR LINEAR LINEAR
LINEAR LINEAR LINEAR LINEAR LINEAR LINEAR LINEAR LINEAR LINEAR LINEAR LINEAR LINEAR
LINEAR</Name_array>
        <technique_common>
          <accessor source="#mixamorig_Head-Interpolations-array" count="24">
            <param type="name"/>
          </accessor>
        </technique_common>
      </source>
      <sampler id="mixamorig_Head-Matrix-animation-transform">
        <input semantic="INPUT" source="#mixamorig_Head-Matrix-animation-input"/>
        <input semantic="OUTPUT" source="#mixamorig_Head-Matrix-animation-output-transform"/>
        <input semantic="INTERPOLATION" source="#mixamorig_Head-Interpolations"/>
      </sampler>
      <channel source="#mixamorig_Head-Matrix-animation-transform" target="mixamorig_Head/matrix"/>
    </animation>
    <animation id="mixamorig_LeftShoulder-anim" name="mixamorig_LeftShoulder">
      <source id="mixamorig_LeftShoulder-Matrix-animation-input">
        <float_array id="mixamorig_LeftShoulder-Matrix-animation-input-array" count="24">

0.000000 0.033333 0.066667 0.100000 0.133333 0.166667 0.200000 0.233333 0.266667 0.300000 0.333333 0.366667 0.400000 0.433333 0.466667 0.500000
0.533333 0.566667 0.600000 0.633333 0.666667 0.700000 0.733333 0.766667</float_array>
        <technique_common>
          <accessor source="#mixamorig_LeftShoulder-Matrix-animation-input-array" count="24">
            <param name="TIME" type="float"/>
          </accessor>
        </technique_common>
      </source>
      <source id="mixamorig_LeftShoulder-Matrix-animation-output-transform">
        <float_array id="mixamorig_LeftShoulder-Matrix-animation-output-transform-array" count="384">

0.000534 0.994115 0.108328 6.211400 0.214353 0.105697 -0.971021 13.693400 -0.976756 0.023739 -0.213035 -0.924400 0.000000 0.000000 0.000000 1.000000
-0.018567 0.994274 0.105235 6.211400 0.213420 0.106769 -0.971109 13.693400 -0.976784 0.004429 -0.214180 -0.924400 0.000000 0.000000 0.000000 1.000000
-0.000561 0.994362 0.106034 6.211400 0.214303 0.103690 -0.971248 13.693400 -0.976767 0.022178 -0.213153 -0.924400 0.000000 0.000000 0.000000 1.000000
0.028036 0.994912 0.096767 6.211400 0.215474 0.088514 -0.972490 13.693400 -0.976107 0.048115 -0.211896 -0.924400 0.000000 0.000000 0.000000 1.000000
0.053066 0.995491 0.078619 6.211400 0.215904 0.065430 -0.974220 13.693400 -0.974971 0.068672 -0.211458 -0.924400 0.000000 0.000000 0.000000 1.000000
0.076851 0.995562 0.054316 6.211400 0.215528 0.036601 -0.975811 13.693400 -0.973469 0.086698 -0.211759 -0.924400 0.000000 0.000000 0.000000 1.000000
0.112406 0.993421 0.021909 6.211400 0.213893 -0.002658 -0.976854 13.693400 -0.970368 0.114490 -0.212784 -0.924400 0.000000 0.000000 0.000000 1.000000
0.170441 0.985170 -0.019723 6.211400 0.209103 -0.055722 -0.976305 13.693400 -0.962926 0.162278 -0.215500 -0.924400 0.000000 0.000000 0.000000 1.000000
0.236636 0.969762 -0.059710 6.211400 0.200602 -0.108896 -0.973602 13.693400 -0.950664 0.218411 -0.220305 -0.924400 0.000000 0.000000 0.000000 1.000000
0.278237 0.956844 -0.083862 6.211400 0.193455 -0.141345 -0.970874 13.693400 -0.940829 0.253910 -0.224434 -0.924400 0.000000 0.000000 0.000000 1.000000
0.285384 0.954058 -0.091264 6.211400 0.191616 -0.150099 -0.969924 13.693400 -0.939063 0.259314 -0.225649 -0.924400 0.000000 0.000000 0.000000 1.000000
0.274368 0.957262 -0.091500 6.211400 0.192844 -0.147991 -0.970005 13.693400 -0.942090 0.248493 -0.225206 -0.924400 0.000000 0.000000 0.000000 1.000000
0.254764 0.962906 -0.088923 6.211400 0.195334 -0.141306 -0.970504 13.693400 -0.947069 0.229880 -0.224087 -0.924400 0.000000 0.000000 0.000000 1.000000
0.229483 0.969749 -0.083213 6.211400 0.198589 -0.130347 -0.971376 13.693400 -0.952838 0.206389 -0.222494 -0.924400 0.000000 0.000000 0.000000 1.000000
0.218564 0.972291 -0.082942 6.211400 0.199666 -0.127758 -0.971500 13.693400 -0.955177 0.195774 -0.222057 -0.924400 0.000000 0.000000 0.000000 1.000000
0.234828 0.967517 -0.093632 6.211400 0.197986 -0.141914 -0.969877 13.693400 -0.951660 0.209216 -0.224880 -0.924400 0.000000 0.000000 0.000000 1.000000
0.281308 0.954707 -0.096960 6.211400 0.194731 -0.155730 -0.968415 13.693400 -0.939652 0.253542 -0.229719 -0.924400 0.000000 0.000000 0.000000 1.000000
0.346913 0.935709 -0.064030 6.211400 0.193116 -0.138071 -0.971413 13.693400 -0.917801 0.324630 -0.228599 -0.924400 0.000000 0.000000 0.000000 1.000000
0.377771 0.925829 0.011424 6.211400 0.201801 -0.070288 -0.976901 13.693400 -0.903640 0.371350 -0.213386 -0.924400 0.000000 0.000000 0.000000 1.000000
0.314830 0.944913 0.089560 6.211400 0.216707 0.020305 -0.976025 13.693400 -0.924078 0.326691 -0.198377 -0.924400 0.000000 0.000000 0.000000 1.000000
0.197267 0.971808 0.129133 6.211400 0.221192 0.084204 -0.971588 13.693400 -0.955071 0.220225 -0.198345 -0.924400 0.000000 0.000000 0.000000 1.000000
0.100777 0.985977 0.133018 6.211400 0.218613 0.108486 -0.969762 13.693400 -0.970594 0.126809 -0.204614 -0.924400 0.000000 0.000000 0.000000 1.000000
0.038428 0.991895 0.121111 6.211400 0.215885 0.110097 -0.970192 13.693400 -0.975662 0.063429 -0.209905 -0.924400 0.000000 0.000000 0.000000 1.000000
0.000534 0.994115 0.108328 6.211400 0.214353 0.105697 -0.971021 13.693400 -0.976756 0.023739 -0.213035 -0.924400 0.000000 0.000000 0.000000 1.000000</float_array>
        <technique_common>
          <accessor source="#mixamorig_LeftShoulder-Matrix-animation-output-transform-array" count="24" stride="16">
            <param type="float4x4"/>
          </accessor>
        </technique_common>
      </source>
      <source id="mixamorig_LeftShoulder-Interpolations">
        <Name_array id="mixamorig_LeftShoulder-Interpolations-array" count="24">
 LINEAR LINEAR LINEAR LINEAR LINEAR LINEAR LINEAR LINEAR LINEAR LINEAR LINEAR
LINEAR LINEAR LINEAR LINEAR LINEAR LINEAR LINEAR LINEAR LINEAR LINEAR LINEAR LINEAR
LINEAR</Name_array>
        <technique_common>
          <accessor source="#mixamorig_LeftShoulder-Interpolations-array" count="24">
            <param type="name"/>
          </accessor>
        </technique_common>
      </source>
      <sampler id="mixamorig_LeftShoulder-Matrix-animation-transform">
        <input semantic="INPUT" source="#mixamorig_LeftShoulder-Matrix-animation-input"/>
        <input semantic="OUTPUT" source="#mixamorig_LeftShoulder-Matrix-animation-output-transform"/>
        <input semantic="INTERPOLATION" source="#mixamorig_LeftShoulder-Interpolations"/>
      </sampler>
