<?xml version="1.0" encoding="utf-8"?>
<COLLADA xmlns="http://www.collada.org/2005/11/COLLADASchema" version="1.4.1">
  <asset>
    <contributor>
      <author>Mixamo</author>
      <authoring_tool>COLLADA Mixamo exporter</authoring_tool>
      <comments/>
    </contributor>
    <created>2026-01-25T05:29:41Z</created>
    <modified>2026-01-25T05:29:41Z</modified>
    <revision/>
    <title/>
    <unit meter="0.010000"/>
    <up_axis>Y_UP</up_axis>
  </asset>
  <library_animations>
    <animation id="mixamorig_Hips-anim" name="mixamorig_Hips">
      <source id="mixamorig_Hips-Matrix-animation-input">
        <float_array id="mixamorig_Hips-Matrix-animation-input-array" count="44">

0.000000 0.033333 0.066667 0.100000 0.133333 0.166667 0.200000 0.233333 0.266667 0.300000 0.333333 0.366667 0.400000 0.433333 0.466667 0.500000
0.533333 0.566667 0.600000 0.633333 0.666667 0.700000 0.733333 0.766667 0.800000 0.833333 0.866667 0.900000 0.933333 0.966667 1.000000 1.033333
1.066667 1.100000 1.133333 1.166667 1.200000 1.233333 1.266667 1.300000 1.333333 1.366667 1.400000 1.433333</float_array>
        <technique_common>
          <accessor source="#mixamorig_Hips-Matrix-animation-input-array" count="44">
            <param name="TIME" type="float"/>
          </accessor>
        </technique_common>
      </source>
      <source id="mixamorig_Hips-Matrix-animation-output-transform">
        <float_array id="mixamorig_Hips-Matrix-animation-output-transform-array" count="704">

0.949830 -0.064633 0.306015 -0.168801 0.172484 0.924429 -0.340118 93.358597 -0.260906 0.375837 0.889199 0.461211 0.000000 0.000000 0.000000 1.000000
0.967573 0.034193 0.250266 -0.306322 0.031735 0.966488 -0.254742 101.894501 -0.250589 0.254424 0.934063 0.690904 0.000000 0.000000 0.000000 1.000000
0.973158 0.135789 0.185807 -0.053654 -0.104462 0.980046 -0.169111 111.277390 -0.205062 0.145162 0.967924 0.978563 0.000000 0.000000 0.000000 1.000000
0.967461 0.222030 0.121333 0.387966 -0.212941 0.973490 -0.083504 121.016670 -0.136657 0.054950 0.989093 1.139332 0.000000 0.000000 0.000000 1.000000
0.960611 0.269698 0.067001 0.826175 -0.269826 0.962881 -0.007304 130.919998 -0.066484 -0.011063 0.997726 1.221992 0.000000 0.000000 0.000000 1.000000
0.962395 0.270270 0.027395 1.047920 -0.271409 0.960911 0.054660 140.995483 -0.011551 -0.060040 0.998129 1.374869 0.000000 0.000000 0.000000 1.000000
0.976004 0.217717 0.003963 0.941525 -0.216987 0.970883 0.101500 151.154785 0.018251 -0.099924 0.994828 1.720244 0.000000 0.000000 0.000000 1.000000
0.990081 0.140117 -0.010358 0.582362 -0.137262 0.980373 0.141518 161.139954 0.029984 -0.138692 0.989882 2.126386 0.000000 0.000000 0.000000 1.000000
0.997717 0.064323 -0.020579 0.109733 -0.059667 0.982303 0.177541 170.642639 0.031635 -0.175907 0.983898 2.415990 0.000000 0.000000 0.000000 1.000000
0.999336 0.016566 -0.032463 -0.349867 -0.009520 0.978451 0.206260 179.450241 0.035180 -0.205814 0.977959 2.469759 0.000000 0.000000 0.000000 1.000000
0.998773 0.003369 -0.049417 -0.750006 0.007728 0.974866 0.222656 187.506958 0.048925 -0.222765 0.973644 2.386090 0.000000 0.000000 0.000000 1.000000
0.997178 0.025314 -0.070671 -1.100590 -0.009134 0.975349 0.220479 194.698334 0.074510 -0.219211 0.972828 2.282346 0.000000 0.000000 0.000000 1.000000
0.993876 0.063430 -0.090482 -1.476958 -0.043794 0.977892 0.204473 200.871582 0.101451 -0.199259 0.974681 2.260557 0.000000 0.000000 0.000000 1.000000
0.989356 0.102786 -0.103008 -1.922612 -0.083047 0.980092 0.180341 205.861862 0.119493 -0.169866 0.978196 2.352269 0.000000 0.000000 0.000000 1.000000
0.985885 0.130661 -0.104680 -2.440295 -0.113502 0.981245 0.155809 209.512253 0.123075 -0.141728 0.982225 2.524718 0.000000 0.000000 0.000000 1.000000
0.984911 0.142620 -0.098027 -2.981299 -0.128628 0.982229 0.136678 211.640701 0.115778 -0.122007 0.985753 2.726113 0.000000 0.000000 0.000000 1.000000
0.987255 0.133869 -0.086058 -3.507222 -0.122455 0.984383 0.126475 212.160126 0.101645 -0.114325 0.988230 2.973806 0.000000 0.000000 0.000000 1.000000
0.991351 0.109020 -0.073058 -3.913440 -0.099599 0.987508 0.122101 210.841675 0.085457 -0.113768 0.989825 3.257483 0.000000 0.000000 0.000000 1.000000
0.995810 0.068990 -0.060020 -4.161901 -0.061508 0.991031 0.118639 206.811462 0.067667 -0.114450 0.991122 3.723688 0.000000 0.000000 0.000000 1.000000
0.998790 0.015562 -0.046661 -4.325201 -0.010306 0.993787 0.110818 200.638977 0.048095 -0.110203 0.992745 4.465883 0.000000 0.000000 0.000000 1.000000
0.998505 -0.046552 -0.028644 -4.491133 0.049148 0.993987 0.097852 192.753418 0.023916 -0.099113 0.994789 5.267902 0.000000 0.000000 0.000000 1.000000
0.993941 -0.109907 -0.001368 -4.660442 0.109638 0.990470 0.083365 183.324860 -0.007807 -0.083009 0.996518 5.902722 0.000000 0.000000 0.000000 1.000000
0.985856 -0.164354 0.032798 -4.773358 0.161576 0.984049 0.074439 172.612701 -0.044509 -0.068087 0.996686 6.403961 0.000000 0.000000 0.000000 1.000000
0.977110 -0.201251 0.068944 -4.825639 0.196009 0.977660 0.075904 161.161865 -0.082680 -0.060653 0.994729 6.801173 0.000000 0.000000 0.000000 1.000000
0.971875 -0.212680 0.101125 -4.830442 0.204089 0.974904 0.088938 149.585449 -0.117503 -0.065798 0.990890 7.022786 0.000000 0.000000 0.000000 1.000000
0.971720 -0.200344 0.124994 -4.778251 0.187492 0.976379 0.107384 138.366165 -0.143555 -0.080912 0.986329 7.055250 0.000000 0.000000 0.000000 1.000000
0.977224 -0.163402 0.135397 -4.637717 0.146885 0.981329 0.124168 127.724007 -0.153158 -0.101453 0.982980 6.964849 0.000000 0.000000 0.000000 1.000000
0.984842 -0.111090 0.133211 -4.390580 0.093335 0.986733 0.132840 119.089790 -0.146200 -0.118393 0.982145 6.773694 0.000000 0.000000 0.000000 1.000000
0.990950 -0.055878 0.122050 -4.003369 0.039968 0.990824 0.129117 111.391960 -0.128145 -0.123070 0.984090 6.544033 0.000000 0.000000 0.000000 1.000000
0.994078 -0.013153 0.107866 -3.459725 0.001529 0.994242 0.107146 104.101120 -0.108654 -0.106347 0.988375 6.247746 0.000000 0.000000 0.000000 1.000000
0.994974 0.011569 0.099464 -2.733212 -0.018317 0.997571 0.067204 98.369102 -0.098445 -0.068688 0.992769 5.918870 0.000000 0.000000 0.000000 1.000000
0.994154 0.006822 0.107756 -1.913519 -0.007586 0.999949 0.006678 94.801559 -0.107704 -0.007457 0.994155 5.610612 0.000000 0.000000 0.000000 1.000000
0.990471 -0.023856 0.135642 -1.142176 0.033221 0.997186 -0.067199 93.496078 -0.133657 0.071064 0.988476 5.312721 0.000000 0.000000 0.000000 1.000000
0.980820 -0.071524 0.181317 -0.610712 0.098161 0.984919 -0.142477 93.996048 -0.168392 0.157543 0.973049 5.565289 0.000000 0.000000 0.000000 1.000000
0.962636 -0.123782 0.240852 -0.441487 0.175227 0.962841 -0.205507 95.738281 -0.206464 0.240032 0.948555 5.995106 0.000000 0.000000 0.000000 1.000000
0.938305 -0.163769 0.304571 -0.608964 0.244846 0.936590 -0.250700 97.156219 -0.244201 0.309806 0.918905 6.402351 0.000000 0.000000 0.000000 1.000000
0.912584 -0.180598 0.366844 -0.960616 0.292636 0.915077 -0.277485 97.594986 -0.285578 0.360580 0.887934 6.643821 0.000000 0.000000 0.000000 1.000000
0.889106 -0.174332 0.423202 -1.302849 0.316073 0.902610 -0.292221 97.028702 -0.331043 0.393578 0.857617 6.627260 0.000000 0.000000 0.000000 1.000000
0.869847 -0.153501 0.468832 -1.490144 0.321187 0.897557 -0.302043 96.037621 -0.374440 0.413314 0.830040 6.205398 0.000000 0.000000 0.000000 1.000000
0.860919 -0.126537 0.492754 -1.468219 0.310468 0.897979 -0.311839 95.067696 -0.403024 0.421452 0.812373 5.396951 0.000000 0.000000 0.000000 1.000000
0.864880 -0.101828 0.491542 -1.259381 0.289649 0.900987 -0.322994 94.306610 -0.409983 0.421726 0.808740 4.302524 0.000000 0.000000 0.000000 1.000000
0.884523 -0.083658 0.458933 -0.932650 0.258879 0.906429 -0.333718 93.783615 -0.388072 0.413989 0.823415 3.053886 0.000000 0.000000 0.000000 1.000000
0.914985 -0.071721 0.397063 -0.544024 0.219473 0.914229 -0.340613 93.464211 -0.338577 0.398800 0.852246 1.773009 0.000000 0.000000 0.000000 1.000000
0.949830 -0.064633 0.306015 -0.168796 0.172483 0.924429 -0.340118 93.358597 -0.260906 0.375837 0.889199 0.461210 0.000000 0.000000 0.000000 1.000000</float_array>
        <technique_common>
          <accessor source="#mixamorig_Hips-Matrix-animation-output-transform-array" count="44" stride="16">
            <param type="float4x4"/>
          </accessor>
        </technique_common>
      </source>
      <source id="mixamorig_Hips-Interpolations">
        <Name_array id="mixamorig_Hips-Interpolations-array" count="44">
 LINEAR LINEAR LINEAR LINEAR LINEAR LINEAR LINEAR LINEAR LINEAR LINEAR LINEAR
LINEAR LINEAR LINEAR LINEAR LINEAR LINEAR LINEAR LINEAR LINEAR LINEAR LINEAR LINEAR
LINEAR LINEAR LINEAR LINEAR LINEAR LINEAR LINEAR LINEAR LINEAR LINEAR LINEAR LINEAR
LINEAR LINEAR LINEAR LINEAR LINEAR LINEAR LINEAR LINEAR LINEAR</Name_array>
        <technique_common>
          <accessor source="#mixamorig_Hips-Interpolations-array" count="44">
            <param type="name"/>
          </accessor>
        </technique_common>
      </source>
      <sampler id="mixamorig_Hips-Matrix-animation-transform">
        <input semantic="INPUT" source="#mixamorig_Hips-Matrix-animation-input"/>
        <input semantic="OUTPUT" source="#mixamorig_Hips-Matrix-animation-output-transform"/>
        <input semantic="INTERPOLATION" source="#mixamorig_Hips-Interpolations"/>
      </sampler>
      <channel source="#mixamorig_Hips-Matrix-animation-transform" target="mixamorig_Hips/matrix"/>
    </animation>
    <animation id="mixamorig_Spine-anim" name="mixamorig_Spine">
      <source id="mixamorig_Spine-Matrix-animation-input">
        <float_array id="mixamorig_Spine-Matrix-animation-input-array" count="44">

0.000000 0.033333 0.066667 0.100000 0.133333 0.166667 0.200000 0.233333 0.266667 0.300000 0.333333 0.366667 0.400000 0.433333 0.466667 0.500000
0.533333 0.566667 0.600000 0.633333 0.666667 0.700000 0.733333 0.766667 0.800000 0.833333 0.866667 0.900000 0.933333 0.966667 1.000000 1.033333
1.066667 1.100000 1.133333 1.166667 1.200000 1.233333 1.266667 1.300000 1.333333 1.366667 1.400000 1.433333</float_array>
        <technique_common>
          <accessor source="#mixamorig_Spine-Matrix-animation-input-array" count="44">
            <param name="TIME" type="float"/>
          </accessor>
        </technique_common>
      </source>
      <source id="mixamorig_Spine-Matrix-animation-output-transform">
        <float_array id="mixamorig_Spine-Matrix-animation-output-transform-array" count="704">

0.977741 0.025626 -0.208245 0.000400 -0.077515 0.966414 -0.245021 10.664600 0.194972 0.255709 0.946889 -0.060300 0.000000 0.000000 0.000000 1.000000
0.981338 0.002451 -0.192277 0.000400 -0.044969 0.975117 -0.217081 10.664600 0.186960 0.221676 0.957029 -0.060300 0.000000 0.000000 0.000000 1.000000
0.982596 -0.038548 -0.181712 0.000400 0.004155 0.982548 -0.185963 10.664600 0.185710 0.181972 0.965608 -0.060300 0.000000 0.000000 0.000000 1.000000
0.980332 -0.084426 -0.178386 0.000400 0.055973 0.985705 -0.158908 10.664600 0.189252 0.145798 0.971044 -0.060300 0.000000 0.000000 0.000000 1.000000
0.975918 -0.114457 -0.185695 0.000400 0.088473 0.985810 -0.142658 10.664600 0.199388 0.122794 0.972196 -0.060300 0.000000 0.000000 0.000000 1.000000
0.972989 -0.113654 -0.200935 0.000400 0.086441 0.986457 -0.139392 10.664600 0.214056 0.118258 0.969637 -0.060300 0.000000 0.000000 0.000000 1.000000
0.973718 -0.071955 -0.216094 0.000400 0.039751 0.987912 -0.149835 10.664600 0.224263 0.137307 0.964807 -0.060300 0.000000 0.000000 0.000000 1.000000
0.974663 -0.010147 -0.223449 0.000400 -0.028330 0.985326 -0.168316 10.664600 0.221878 0.170382 0.960073 -0.060300 0.000000 0.000000 0.000000 1.000000
0.974539 0.047625 -0.219101 0.000400 -0.091260 0.976829 -0.193587 10.664600 0.204805 0.208653 0.956305 -0.060300 0.000000 0.000000 0.000000 1.000000
0.975766 0.076326 -0.205074 0.000400 -0.122680 0.966868 -0.223868 10.664600 0.181192 0.243601 0.952800 -0.060300 0.000000 0.000000 0.000000 1.000000
0.979902 0.070040 -0.186777 0.000400 -0.117195 0.959834 -0.254920 10.664600 0.161420 0.271686 0.948752 -0.060300 0.000000 0.000000 0.000000 1.000000
0.985231 0.029145 -0.168735 0.000400 -0.076683 0.956171 -0.282589 10.664600 0.153103 0.291355 0.944284 -0.060300 0.000000 0.000000 0.000000 1.000000
0.987784 -0.025401 -0.153747 0.000400 -0.023211 0.951636 -0.306350 10.664600 0.154093 0.306176 0.939421 -0.060300 0.000000 0.000000 0.000000 1.000000
0.986760 -0.076302 -0.143116 0.000400 0.025525 0.944485 -0.327562 10.664600 0.160164 0.319572 0.933928 -0.060300 0.000000 0.000000 0.000000 1.000000
0.984568 -0.109254 -0.136709 0.000400 0.055654 0.936105 -0.347289 10.664600 0.165916 0.334322 0.927740 -0.060300 0.000000 0.000000 0.000000 1.000000
0.983675 -0.121060 -0.133149 0.000400 0.064910 0.928779 -0.364907 10.664600 0.167841 0.350307 0.921474 -0.060300 0.000000 0.000000 0.000000 1.000000
0.985174 -0.108185 -0.133151 0.000400 0.050599 0.924817 -0.377033 10.664600 0.163929 0.364706 0.916579 -0.060300 0.000000 0.000000 0.000000 1.000000
0.987453 -0.078287 -0.137144 0.000400 0.020349 0.924305 -0.381113 10.664600 0.156598 0.373540 0.914300 -0.060300 0.000000 0.000000 0.000000 1.000000
0.988502 -0.035886 -0.146889 0.000400 -0.022082 0.926755 -0.375016 10.664600 0.149588 0.373948 0.915307 -0.060300 0.000000 0.000000 0.000000 1.000000
0.986895 0.013816 -0.160770 0.000400 -0.071230 0.931300 -0.357220 10.664600 0.144790 0.363990 0.920080 -0.060300 0.000000 0.000000 0.000000 1.000000
0.982282 0.065008 -0.175774 0.000400 -0.120869 0.936534 -0.329083 10.664600 0.143226 0.344498 0.927797 -0.060300 0.000000 0.000000 0.000000 1.000000
0.976573 0.109863 -0.185029 0.000400 -0.161719 0.941946 -0.294253 10.664600 0.141960 0.317283 0.937645 -0.060300 0.000000 0.000000 0.000000 1.000000
0.973128 0.142944 -0.180523 0.000400 -0.187514 0.946956 -0.260984 10.664600 0.133642 0.287822 0.948314 -0.060300 0.000000 0.000000 0.000000 1.000000
0.974519 0.159933 -0.157271 0.000400 -0.194397 0.951996 -0.236461 10.664600 0.111903 0.261008 0.958829 -0.060300 0.000000 0.000000 0.000000 1.000000
0.981135 0.155909 -0.114307 0.000400 -0.178517 0.957592 -0.226164 10.664600 0.074198 0.242303 0.967359 -0.060300 0.000000 0.000000 0.000000 1.000000
0.989493 0.131938 -0.059124 0.000400 -0.142056 0.963285 -0.227821 10.664600 0.026895 0.233826 0.971906 -0.060300 0.000000 0.000000 0.000000 1.000000
0.996306 0.085846 0.002375 0.000400 -0.082791 0.967465 -0.239076 10.664600 -0.022821 0.237996 0.970998 -0.060300 0.000000 0.000000 0.000000 1.000000
0.997776 0.024334 0.062050 0.000400 -0.007893 0.967558 -0.252524 10.664600 -0.066182 0.251473 0.965599 -0.060300 0.000000 0.000000 0.000000 1.000000
0.992618 -0.041434 0.113984 0.000400 0.070254 0.962532 -0.261910 10.664600 -0.098861 0.267984 0.958338 -0.060300 0.000000 0.000000 0.000000 1.000000
0.983355 -0.095738 0.154424 0.000400 0.134272 0.955504 -0.262645 10.664600 -0.122408 0.279009 0.952455 -0.060300 0.000000 0.000000 0.000000 1.000000
0.973948 -0.130238 0.185645 0.000400 0.175567 0.951198 -0.253768 10.664600 -0.143535 0.279750 0.949283 -0.060300 0.000000 0.000000 0.000000 1.000000
0.970630 -0.129157 0.202967 0.000400 0.176578 0.955469 -0.236428 10.664600 -0.163393 0.265324 0.950214 -0.060300 0.000000 0.000000 0.000000 1.000000
0.974796 -0.091562 0.203442 0.000400 0.135755 0.967082 -0.215226 10.664600 -0.177038 0.237420 0.955138 -0.060300 0.000000 0.000000 0.000000 1.000000
0.983065 -0.024321 0.181634 0.000400 0.059996 0.979245 -0.193596 10.664600 -0.173156 0.201215 0.964121 -0.060300 0.000000 0.000000 0.000000 1.000000
0.989985 0.058561 0.128457 0.000400 -0.035946 0.984479 -0.171784 10.664600 -0.136523 0.165446 0.976724 -0.060300 0.000000 0.000000 0.000000 1.000000
0.989802 0.132396 0.052566 0.000400 -0.123423 0.981317 -0.147590 10.664600 -0.071125 0.139597 0.987651 -0.060300 0.000000 0.000000 0.000000 1.000000
0.983623 0.175830 -0.039609 0.000400 -0.179464 0.975792 -0.124988 10.664600 0.016674 0.130049 0.991367 -0.060300 0.000000 0.000000 0.000000 1.000000
0.973911 0.182142 -0.135354 0.000400 -0.197769 0.973754 -0.112651 10.664600 0.111283 0.136481 0.984372 -0.060300 0.000000 0.000000 0.000000 1.000000
0.961997 0.159175 -0.221869 0.000400 -0.188304 0.975131 -0.116878 10.664600 0.197747 0.154215 0.968046 -0.060300 0.000000 0.000000 0.000000 1.000000
0.952371 0.117838 -0.281253 0.000400 -0.161937 0.976958 -0.139027 10.664600 0.258390 0.177951 0.949509 -0.060300 0.000000 0.000000 0.000000 1.000000
0.948010 0.076436 -0.308924 0.000400 -0.133444 0.976742 -0.167834 10.664600 0.288910 0.200333 0.936161 -0.060300 0.000000 0.000000 0.000000 1.000000
0.952412 0.045846 -0.301347 0.000400 -0.109090 0.974409 -0.196536 10.664600 0.284625 0.220057 0.933040 -0.060300 0.000000 0.000000 0.000000 1.000000
0.963582 0.028733 -0.265865 0.000400 -0.090237 0.970833 -0.222128 10.664600 0.251729 0.238029 0.938070 -0.060300 0.000000 0.000000 0.000000 1.000000
0.977741 0.025625 -0.208244 0.000400 -0.077514 0.966414 -0.245021 10.664600 0.194972 0.255709 0.946889 -0.060300 0.000000 0.000000 0.000000 1.000000</float_array>
        <technique_common>
          <accessor source="#mixamorig_Spine-Matrix-animation-output-transform-array" count="44" stride="16">
            <param type="float4x4"/>
          </accessor>
        </technique_common>
      </source>
      <source id="mixamorig_Spine-Interpolations">
        <Name_array id="mixamorig_Spine-Interpolations-array" count="44">
 LINEAR LINEAR LINEAR LINEAR LINEAR LINEAR LINEAR LINEAR LINEAR LINEAR LINEAR
LINEAR LINEAR LINEAR LINEAR LINEAR LINEAR LINEAR LINEAR LINEAR LINEAR LINEAR LINEAR
LINEAR LINEAR LINEAR LINEAR LINEAR LINEAR LINEAR LINEAR LINEAR LINEAR LINEAR LINEAR
LINEAR LINEAR LINEAR LINEAR LINEAR LINEAR LINEAR LINEAR LINEAR</Name_array>
        <technique_common>
          <accessor source="#mixamorig_Spine-Interpolations-array" count="44">
            <param type="name"/>
          </accessor>
        </technique_common>
      </source>
      <sampler id="mixamorig_Spine-Matrix-animation-transform">
        <input semantic="INPUT" source="#mixamorig_Spine-Matrix-animation-input"/>
        <input semantic="OUTPUT" source="#mixamorig_Spine-Matrix-animation-output-transform"/>
        <input semantic="INTERPOLATION" source="#mixamorig_Spine-Interpolations"/>
      </sampler>
      <channel source="#mixamorig_Spine-Matrix-animation-transform" target="mixamorig_Spine/matrix"/>
    </animation>
    <animation id="mixamorig_Spine1-anim" name="mixamorig_Spine1">
      <source id="mixamorig_Spine1-Matrix-animation-input">
        <float_array id="mixamorig_Spine1-Matrix-animation-input-array" count="44">

0.000000 0.033333 0.066667 0.100000 0.133333 0.166667 0.200000 0.233333 0.266667 0.300000 0.333333 0.366667 0.400000 0.433333 0.466667 0.500000
0.533333 0.566667 0.600000 0.633333 0.666667 0.700000 0.733333 0.766667 0.800000 0.833333 0.866667 0.900000 0.933333 0.966667 1.000000 1.033333
1.066667 1.100000 1.133333 1.166667 1.200000 1.233333 1.266667 1.300000 1.333333 1.366667 1.400000 1.433333</float_array>
        <technique_common>
          <accessor source="#mixamorig_Spine1-Matrix-animation-input-array" count="44">
            <param name="TIME" type="float"/>
          </accessor>
        </technique_common>
      </source>
      <source id="mixamorig_Spine1-Matrix-animation-output-transform">
        <float_array id="mixamorig_Spine1-Matrix-animation-output-transform-array" count="704">

0.998511 0.025059 -0.048456 -0.000000 -0.013884 0.975740 0.218491 11.673000 0.052755 -0.217493 0.974635 0.000000 0.000000 0.000000 0.000000 1.000000
0.999331 0.002784 -0.036479 0.000000 0.005482 0.974454 0.224522 11.673000 0.036172 -0.224572 0.973786 0.000000 0.000000 0.000000 0.000000 1.000000
0.998919 -0.035533 -0.029982 0.000000 0.041774 0.969047 0.243315 11.673000 0.020408 -0.244304 0.969484 0.000000 0.000000 0.000000 0.000000 1.000000
0.996336 -0.080865 -0.027851 -0.000000 0.085375 0.959696 0.267757 11.673000 0.005076 -0.269154 0.963084 -0.000000 0.000000 0.000000 0.000000 1.000000
0.991919 -0.123636 -0.028476 0.000000 0.126562 0.948555 0.290217 11.673000 -0.008870 -0.291475 0.956537 0.000000 0.000000 0.000000 0.000000 1.000000
0.987518 -0.154827 -0.028930 -0.000000 0.156257 0.939936 0.303486 11.673000 -0.019795 -0.304218 0.952397 0.000000 0.000000 0.000000 0.000000 1.000000
0.985749 -0.166179 -0.026149 0.000000 0.166315 0.939363 0.299895 11.673000 -0.025273 -0.299971 0.953614 -0.000000 0.000000 0.000000 0.000000 1.000000
0.986485 -0.162607 -0.020144 0.000000 0.161663 0.945910 0.281281 11.673000 -0.026684 -0.280736 0.959414 -0.000000 0.000000 0.000000 0.000000 1.000000
0.988674 -0.149560 -0.012447 0.000000 0.147921 0.957107 0.249128 11.673000 -0.025347 -0.248147 0.968391 0.000000 0.000000 0.000000 0.000000 1.000000
0.990984 -0.133846 -0.005938 -0.000000 0.132151 0.969213 0.207757 11.673000 -0.022052 -0.206668 0.978163 -0.000000 0.000000 0.000000 0.000000 1.000000
0.992881 -0.119081 -0.002536 0.000000 0.117906 0.979620 0.162611 11.673000 -0.016879 -0.161753 0.986687 0.000000 0.000000 0.000000 0.000000 1.000000
0.994444 -0.105219 -0.003056 0.000000 0.104850 0.987546 0.117301 11.673000 -0.009324 -0.116969 0.993092 -0.000000 0.000000 0.000000 0.000000 1.000000
0.995872 -0.090589 -0.005799 0.000000 0.090769 0.993105 0.074181 11.673000 -0.000961 -0.074401 0.997228 -0.000000 0.000000 0.000000 0.000000 1.000000
0.997167 -0.074691 -0.008935 0.000000 0.074960 0.996574 0.034945 11.673000 0.006295 -0.035516 0.999349 -0.000000 0.000000 0.000000 0.000000 1.000000
0.998210 -0.058848 -0.010646 0.000000 0.058868 0.998265 0.001573 11.673000 0.010535 -0.002197 0.999942 0.000000 0.000000 0.000000 0.000000 1.000000
0.998940 -0.044882 -0.010230 -0.000000 0.044619 0.998700 -0.024638 11.673000 0.011322 0.024156 0.999644 -0.000000 0.000000 0.000000 0.000000 1.000000
0.999394 -0.034102 -0.006984 0.000000 0.033803 0.998660 -0.039184 11.673000 0.008311 0.038924 0.999208 0.000000 0.000000 0.000000 0.000000 1.000000
0.999678 -0.025328 -0.001682 0.000000 0.025238 0.998847 -0.040834 11.673000 0.002714 0.040778 0.999165 0.000000 0.000000 0.000000 0.000000 1.000000
0.999836 -0.017497 0.004652 0.000000 0.017631 0.999376 -0.030614 11.673000 -0.004113 0.030691 0.999520 0.000000 0.000000 0.000000 0.000000 1.000000
0.999899 -0.009744 0.010339 0.000000 0.009859 0.999890 -0.011061 11.673000 -0.010230 0.011161 0.999885 -0.000000 0.000000 0.000000 0.000000 1.000000
0.999900 -0.001562 0.014072 0.000000 0.001348 0.999884 0.015172 11.673000 -0.014094 -0.015152 0.999786 0.000000 0.000000 0.000000 0.000000 1.000000
0.999873 0.006226 0.014655 0.000000 -0.006884 0.998950 0.045303 11.673000 -0.014357 -0.045399 0.998866 0.000000 0.000000 0.000000 0.000000 1.000000
0.999842 0.012371 0.012793 0.000000 -0.013285 0.997165 0.074065 11.673000 -0.011841 -0.074223 0.997171 0.000000 0.000000 0.000000 0.000000 1.000000
0.999824 0.016028 0.009775 0.000000 -0.016898 0.995180 0.096595 11.673000 -0.008179 -0.096744 0.995276 -0.000000 0.000000 0.000000 0.000000 1.000000
0.999833 0.016836 0.007127 0.000000 -0.017508 0.993978 0.108171 11.673000 -0.005263 -0.108278 0.994107 0.000000 0.000000 0.000000 0.000000 1.000000
0.999861 0.015729 0.005596 -0.000000 -0.016247 0.993852 0.109518 11.673000 -0.003839 -0.109594 0.993969 0.000000 0.000000 0.000000 0.000000 1.000000
0.999899 0.013279 0.005110 -0.000000 -0.013732 0.994668 0.102213 11.673000 -0.003726 -0.102273 0.994749 0.000000 0.000000 0.000000 0.000000 1.000000
0.999935 0.010361 0.004839 0.000000 -0.010767 0.995611 0.092966 11.673000 -0.003855 -0.093012 0.995658 -0.000000 0.000000 0.000000 0.000000 1.000000
0.999962 0.007549 0.004292 0.000000 -0.007900 0.996034 0.088627 11.673000 -0.003605 -0.088658 0.996056 0.000000 0.000000 0.000000 0.000000 1.000000
0.999981 0.005089 0.003606 -0.000000 -0.005409 0.995438 0.095261 11.673000 -0.003104 -0.095278 0.995446 0.000000 0.000000 0.000000 0.000000 1.000000
0.999989 0.003085 0.003467 -0.000000 -0.003457 0.993594 0.112956 11.673000 -0.003096 -0.112966 0.993594 0.000000 0.000000 0.000000 0.000000 1.000000
0.999988 0.001980 0.004457 0.000000 -0.002592 0.989869 0.141963 11.673000 -0.004130 -0.141973 0.989862 -0.000000 0.000000 0.000000 0.000000 1.000000
0.999979 0.002256 0.006037 -0.000000 -0.003295 0.983988 0.178203 11.673000 -0.005538 -0.178219 0.983975 0.000000 0.000000 0.000000 0.000000 1.000000
0.999967 0.004372 0.006840 -0.000000 -0.005755 0.976079 0.217338 11.673000 -0.005726 -0.217370 0.976072 0.000000 0.000000 0.000000 0.000000 1.000000
0.999949 0.008895 0.004832 0.000000 -0.009834 0.966797 0.255357 11.673000 -0.002400 -0.255392 0.966835 0.000000 0.000000 0.000000 0.000000 1.000000
0.999887 0.015002 -0.000375 -0.000000 -0.014253 0.957179 0.289145 11.673000 0.004697 -0.289107 0.957285 0.000000 0.000000 0.000000 0.000000 1.000000
0.999730 0.021533 -0.008771 0.000000 -0.017676 0.948951 0.314928 11.673000 0.015105 -0.314688 0.949075 -0.000000 0.000000 0.000000 0.000000 1.000000
0.999465 0.026755 -0.018823 0.000000 -0.019058 0.943894 0.329698 11.673000 0.026588 -0.329163 0.943899 0.000000 0.000000 0.000000 0.000000 1.000000
0.999151 0.029392 -0.028875 -0.000000 -0.018172 0.943310 0.331416 11.673000 0.036979 -0.330609 0.943043 0.000000 0.000000 0.000000 0.000000 1.000000
0.998886 0.029019 -0.037206 0.000000 -0.015674 0.947815 0.318436 11.673000 0.044506 -0.317498 0.947214 0.000000 0.000000 0.000000 0.000000 1.000000
0.998685 0.027580 -0.043214 -0.000000 -0.013479 0.954563 0.297704 11.673000 0.049461 -0.296730 0.953680 -0.000000 0.000000 0.000000 0.000000 1.000000
0.998570 0.026011 -0.046712 0.000000 -0.012349 0.962264 0.271837 11.673000 0.052020 -0.270871 0.961209 0.000000 0.000000 0.000000 0.000000 1.000000
0.998519 0.024999 -0.048312 0.000000 -0.012453 0.969609 0.244344 11.673000 0.052952 -0.243380 0.968484 0.000000 0.000000 0.000000 0.000000 1.000000
0.998511 0.025059 -0.048456 0.000000 -0.013884 0.975740 0.218491 11.673000 0.052755 -0.217493 0.974635 -0.000000 0.000000 0.000000 0.000000 1.000000</float_array>
        <technique_common>
          <accessor source="#mixamorig_Spine1-Matrix-animation-output-transform-array" count="44" stride="16">
            <param type="float4x4"/>
          </accessor>
        </technique_common>
      </source>
      <source id="mixamorig_Spine1-Interpolations">
        <Name_array id="mixamorig_Spine1-Interpolations-array" count="44">
 LINEAR LINEAR LINEAR LINEAR LINEAR LINEAR LINEAR LINEAR LINEAR LINEAR LINEAR
LINEAR LINEAR LINEAR LINEAR LINEAR LINEAR LINEAR LINEAR LINEAR LINEAR LINEAR LINEAR
LINEAR LINEAR LINEAR LINEAR LINEAR LINEAR LINEAR LINEAR LINEAR LINEAR LINEAR LINEAR
LINEAR LINEAR LINEAR LINEAR LINEAR LINEAR LINEAR LINEAR LINEAR</Name_array>
        <technique_common>
          <accessor source="#mixamorig_Spine1-Interpolations-array" count="44">
            <param type="name"/>
          </accessor>
        </technique_common>
      </source>
      <sampler id="mixamorig_Spine1-Matrix-animation-transform">
        <input semantic="INPUT" source="#mixamorig_Spine1-Matrix-animation-input"/>
        <input semantic="OUTPUT" source="#mixamorig_Spine1-Matrix-animation-output-transform"/>
        <input semantic="INTERPOLATION" source="#mixamorig_Spine1-Interpolations"/>
      </sampler>
      <channel source="#mixamorig_Spine1-Matrix-animation-transform" target="mixamorig_Spine1/matrix"/>
    </animation>
    <animation id="mixamorig_Spine2-anim" name="mixamorig_Spine2">
      <source id="mixamorig_Spine2-Matrix-animation-input">
        <float_array id="mixamorig_Spine2-Matrix-animation-input-array" count="44">

0.000000 0.033333 0.066667 0.100000 0.133333 0.166667 0.200000 0.233333 0.266667 0.300000 0.333333 0.366667 0.400000 0.433333 0.466667 0.500000
0.533333 0.566667 0.600000 0.633333 0.666667 0.700000 0.733333 0.766667 0.800000 0.833333 0.866667 0.900000 0.933333 0.966667 1.000000 1.033333
1.066667 1.100000 1.133333 1.166667 1.200000 1.233333 1.266667 1.300000 1.333333 1.366667 1.400000 1.433333</float_array>
        <technique_common>
          <accessor source="#mixamorig_Spine2-Matrix-animation-input-array" count="44">
            <param name="TIME" type="float"/>
          </accessor>
        </technique_common>
      </source>
      <source id="mixamorig_Spine2-Matrix-animation-output-transform">
        <float_array id="mixamorig_Spine2-Matrix-animation-output-transform-array" count="704">

0.998284 -0.014590 -0.056712 -0.000000 0.011511 0.998462 -0.054232 14.006800 0.057416 0.053486 0.996917 0.000000 0.000000 0.000000 0.000000 1.000000
0.998391 -0.035884 -0.043895 0.000000 0.033156 0.997564 -0.061367 14.006800 0.045990 0.059812 0.997150 0.000000 0.000000 0.000000 0.000000 1.000000
0.996633 -0.074103 -0.035087 -0.000000 0.071921 0.995614 -0.059827 14.006800 0.039366 0.057102 0.997592 -0.000000 0.000000 0.000000 0.000000 1.000000
0.992339 -0.119879 -0.029881 0.000000 0.118121 0.991480 -0.054915 14.006800 0.036209 0.050965 0.998044 0.000000 0.000000 0.000000 0.000000 1.000000
0.986201 -0.163272 -0.027393 -0.000000 0.161690 0.985446 -0.052467 14.006800 0.035561 0.047314 0.998247 -0.000000 0.000000 0.000000 0.000000 1.000000
0.980513 -0.194801 -0.025432 0.000000 0.193096 0.979477 -0.057788 14.006800 0.036167 0.051752 0.998005 0.000000 0.000000 0.000000 0.000000 1.000000
0.978367 -0.205726 -0.021805 0.000000 0.203524 0.976045 -0.076910 14.006800 0.037105 0.070808 0.996800 0.000000 0.000000 0.000000 0.000000 1.000000
0.979468 -0.200955 -0.016119 0.000000 0.198089 0.974182 -0.108304 14.006800 0.037467 0.102887 0.993987 0.000000 0.000000 0.000000 0.000000 1.000000
0.982485 -0.186104 -0.009388 0.000000 0.182596 0.971569 -0.150709 14.006800 0.037168 0.146355 0.988534 0.000000 0.000000 0.000000 0.000000 1.000000
0.985697 -0.168486 -0.003826 0.000000 0.164322 0.965882 -0.200174 14.006800 0.037422 0.196682 0.979753 -0.000000 0.000000 0.000000 0.000000 1.000000
0.988339 -0.152264 -0.001078 0.000000 0.147100 0.956600 -0.251550 14.006800 0.039333 0.248458 0.967844 0.000000 0.000000 0.000000 0.000000 1.000000
0.990439 -0.137939 -0.001946 0.000000 0.130959 0.944568 -0.301067 14.006800 0.043367 0.297934 0.953601 0.000000 0.000000 0.000000 0.000000 1.000000
0.992301 -0.123750 -0.004995 0.000000 0.114359 0.930988 -0.346674 14.006800 0.047551 0.343434 0.937972 0.000000 0.000000 0.000000 0.000000 1.000000
0.994015 -0.108909 -0.008518 0.000000 0.097143 0.916904 -0.387105 14.006800 0.049969 0.383961 0.921996 -0.000000 0.000000 0.000000 0.000000 1.000000
0.995501 -0.094141 -0.010709 0.000000 0.080906 0.903441 -0.421009 14.006800 0.049309 0.418248 0.906993 -0.000000 0.000000 0.000000 0.000000 1.000000
0.996679 -0.080700 -0.010870 0.000000 0.067322 0.891737 -0.447518 14.006800 0.045808 0.445300 0.894209 -0.000000 0.000000 0.000000 0.000000 1.000000
0.997553 -0.069401 -0.008482 0.000000 0.057637 0.884939 -0.462126 14.006800 0.039578 0.460506 0.886774 -0.000000 0.000000 0.000000 0.000000 1.000000
0.998233 -0.059252 -0.004523 0.000000 0.050426 0.884892 -0.463059 14.006800 0.031440 0.462013 0.886316 -0.000000 0.000000 0.000000 0.000000 1.000000
0.998760 -0.049792 -0.000022 0.000000 0.044445 0.891693 -0.450454 14.006800 0.022449 0.449894 0.892800 0.000000 0.000000 0.000000 0.000000 1.000000
0.999150 -0.041068 0.003546 0.000000 0.038671 0.904078 -0.425614 14.006800 0.014273 0.425390 0.904898 -0.000000 0.000000 0.000000 0.000000 1.000000
0.999442 -0.032996 0.005188 0.000000 0.032400 0.919967 -0.390654 14.006800 0.008117 0.390604 0.920523 0.000000 0.000000 0.000000 0.000000 1.000000
0.999633 -0.026754 0.004214 0.000000 0.026550 0.937249 -0.347649 14.006800 0.005351 0.347634 0.937615 0.000000 0.000000 0.000000 0.000000 1.000000
0.999731 -0.023153 0.001671 0.000000 0.022571 0.952761 -0.302880 14.006800 0.005421 0.302836 0.953027 0.000000 0.000000 0.000000 0.000000 1.000000
0.999747 -0.022452 -0.001046 0.000000 0.021389 0.964659 -0.262632 14.006800 0.006906 0.262544 0.964895 0.000000 0.000000 0.000000 0.000000 1.000000
0.999700 -0.024355 -0.002515 0.000000 0.023092 0.971984 -0.233909 14.006800 0.008141 0.233781 0.972255 0.000000 0.000000 0.000000 0.000000 1.000000
0.999618 -0.027538 -0.002522 0.000000 0.026307 0.975088 -0.220251 14.006800 0.008524 0.220101 0.975440 -0.000000 0.000000 0.000000 0.000000 1.000000
0.999512 -0.031199 -0.001530 -0.000000 0.030066 0.974180 -0.223762 14.006800 0.008472 0.223606 0.974643 -0.000000 0.000000 0.000000 0.000000 1.000000
0.999400 -0.034640 -0.000683 0.000000 0.033495 0.971020 -0.236641 14.006800 0.008860 0.236476 0.971597 -0.000000 0.000000 0.000000 0.000000 1.000000
0.999296 -0.037509 -0.000627 0.000000 0.036155 0.967422 -0.250574 14.006800 0.010005 0.250375 0.968097 0.000000 0.000000 0.000000 0.000000 1.000000
0.999209 -0.039750 -0.001242 0.000000 0.038080 0.965315 -0.258296 14.006800 0.011466 0.258044 0.966065 0.000000 0.000000 0.000000 0.000000 1.000000
0.999142 -0.041385 -0.001601 -0.000000 0.039584 0.965611 -0.256959 14.006800 0.012180 0.256675 0.966421 -0.000000 0.000000 0.000000 0.000000 1.000000
0.999119 -0.041944 -0.001020 0.000000 0.040424 0.968849 -0.244330 14.006800 0.011237 0.244073 0.969692 0.000000 0.000000 0.000000 0.000000 1.000000
0.999158 -0.041029 -0.000019 -0.000000 0.039995 0.974068 -0.222692 14.006800 0.009156 0.222504 0.974889 0.000000 0.000000 0.000000 0.000000 1.000000
0.999262 -0.038423 -0.000089 0.000000 0.037665 0.980004 -0.195379 14.006800 0.007594 0.195231 0.980728 0.000000 0.000000 0.000000 0.000000 1.000000
0.999417 -0.033972 -0.003499 0.000000 0.032926 0.985681 -0.165376 14.006800 0.009067 0.165164 0.986224 0.000000 0.000000 0.000000 0.000000 1.000000
0.999536 -0.028571 -0.010544 -0.000000 0.026873 0.990336 -0.136058 14.006800 0.014329 0.135712 0.990645 0.000000 0.000000 0.000000 0.000000 1.000000
0.999510 -0.023291 -0.020898 -0.000000 0.020844 0.993654 -0.110530 14.006800 0.023340 0.110040 0.993653 0.000000 0.000000 0.000000 0.000000 1.000000
0.999286 -0.019402 -0.032427 0.000000 0.016353 0.995646 -0.091765 14.006800 0.034066 0.091169 0.995253 -0.000000 0.000000 0.000000 0.000000 1.000000
0.998923 -0.017657 -0.042912 -0.000000 0.014206 0.996739 -0.079433 14.006800 0.044175 0.078737 0.995916 -0.000000 0.000000 0.000000 0.000000 1.000000
0.998579 -0.017581 -0.050309 0.000000 0.014229 0.997703 -0.066236 14.006800 0.051358 0.065426 0.996535 -0.000000 0.000000 0.000000 0.000000 1.000000
0.998344 -0.017336 -0.054860 -0.000000 0.014501 0.998560 -0.051653 14.006800 0.055677 0.050772 0.997157 0.000000 0.000000 0.000000 0.000000 1.000000
0.998246 -0.016638 -0.056816 -0.000000 0.014308 0.999049 -0.041185 14.006800 0.057447 0.040300 0.997535 0.000000 0.000000 0.000000 0.000000 1.000000
0.998241 -0.015684 -0.057172 0.000000 0.013369 0.999084 -0.040661 14.006800 0.057758 0.039825 0.997536 0.000000 0.000000 0.000000 0.000000 1.000000
0.998284 -0.014590 -0.056712 -0.000000 0.011511 0.998462 -0.054232 14.006800 0.057416 0.053486 0.996917 0.000000 0.000000 0.000000 0.000000 1.000000</float_array>
        <technique_common>
          <accessor source="#mixamorig_Spine2-Matrix-animation-output-transform-array" count="44" stride="16">
            <param type="float4x4"/>
          </accessor>
        </technique_common>
      </source>
      <source id="mixamorig_Spine2-Interpolations">
        <Name_array id="mixamorig_Spine2-Interpolations-array" count="44">
 LINEAR LINEAR LINEAR LINEAR LINEAR LINEAR LINEAR LINEAR LINEAR LINEAR LINEAR
LINEAR LINEAR LINEAR LINEAR LINEAR LINEAR LINEAR LINEAR LINEAR LINEAR LINEAR LINEAR
LINEAR LINEAR LINEAR LINEAR LINEAR LINEAR LINEAR LINEAR LINEAR LINEAR LINEAR LINEAR
LINEAR LINEAR LINEAR LINEAR LINEAR LINEAR LINEAR LINEAR LINEAR</Name_array>
        <technique_common>
          <accessor source="#mixamorig_Spine2-Interpolations-array" count="44">
            <param type="name"/>
          </accessor>
        </technique_common>
      </source>
      <sampler id="mixamorig_Spine2-Matrix-animation-transform">
        <input semantic="INPUT" source="#mixamorig_Spine2-Matrix-animation-input"/>
        <input semantic="OUTPUT" source="#mixamorig_Spine2-Matrix-animation-output-transform"/>
        <input semantic="INTERPOLATION" source="#mixamorig_Spine2-Interpolations"/>
      </sampler>
      <channel source="#mixamorig_Spine2-Matrix-animation-transform" target="mixamorig_Spine2/matrix"/>
    </animation>
    <animation id="mixamorig_Neck-anim" name="mixamorig_Neck">
      <source id="mixamorig_Neck-Matrix-animation-input">
        <float_array id="mixamorig_Neck-Matrix-animation-input-array" count="44">

0.000000 0.033333 0.066667 0.100000 0.133333 0.166667 0.200000 0.233333 0.266667 0.300000 0.333333 0.366667 0.400000 0.433333 0.466667 0.500000
0.533333 0.566667 0.600000 0.633333 0.666667 0.700000 0.733333 0.766667 0.800000 0.833333 0.866667 0.900000 0.933333 0.966667 1.000000 1.033333
1.066667 1.100000 1.133333 1.166667 1.200000 1.233333 1.266667 1.300000 1.333333 1.366667 1.400000 1.433333</float_array>
        <technique_common>
          <accessor source="#mixamorig_Neck-Matrix-animation-input-array" count="44">
            <param name="TIME" type="float"/>
          </accessor>
        </technique_common>
      </source>
      <source id="mixamorig_Neck-Matrix-animation-output-transform">
        <float_array id="mixamorig_Neck-Matrix-animation-output-transform-array" count="704">

0.997481 0.061780 0.034854 0.027800 -0.058708 0.994805 -0.083167 18.914400 -0.039811 0.080911 0.995926 -0.032000 0.000000 0.000000 0.000000 1.000000
0.997510 0.060492 0.036252 0.027800 -0.057853 0.995876 -0.069886 18.914400 -0.040330 0.067615 0.996896 -0.032000 0.000000 0.000000 0.000000 1.000000
0.996419 0.076191 0.036655 0.027800 -0.073552 0.994927 -0.068638 18.914400 -0.041699 0.065696 0.996968 -0.032000 0.000000 0.000000 0.000000 1.000000
0.994030 0.103196 0.035423 0.027800 -0.100121 0.991775 -0.079742 18.914400 -0.043361 0.075719 0.996186 -0.032000 0.000000 0.000000 0.000000 1.000000
0.990345 0.134949 0.031717 0.027800 -0.131079 0.986052 -0.102565 18.914400 -0.045116 0.097417 0.994221 -0.032000 0.000000 0.000000 0.000000 1.000000
0.986416 0.162297 0.025366 0.027800 -0.157651 0.978715 -0.131391 18.914400 -0.046151 0.125607 0.991006 -0.032000 0.000000 0.000000 0.000000 1.000000
0.984306 0.175701 0.016483 0.027800 -0.170890 0.972308 -0.159415 18.914400 -0.044036 0.154096 0.987074 -0.032000 0.000000 0.000000 0.000000 1.000000
0.984494 0.175288 0.006757 0.027800 -0.171182 0.968417 -0.181287 18.914400 -0.038321 0.177320 0.983407 -0.032000 0.000000 0.000000 0.000000 1.000000
0.986494 0.163791 -0.001740 0.027800 -0.160988 0.967542 -0.194796 18.914400 -0.030223 0.192445 0.980842 -0.032000 0.000000 0.000000 0.000000 1.000000
0.988974 0.147937 -0.006736 0.027800 -0.146248 0.968506 -0.201514 18.914400 -0.023288 0.200277 0.979462 -0.032000 0.000000 0.000000 0.000000 1.000000
0.990961 0.133943 -0.007489 0.027800 -0.132612 0.969623 -0.205538 18.914400 -0.020269 0.204673 0.978621 -0.032000 0.000000 0.000000 0.000000 1.000000
0.992100 0.125400 -0.003626 0.027800 -0.123363 0.969915 -0.209873 18.914400 -0.022801 0.208662 0.977722 -0.032000 0.000000 0.000000 0.000000 1.000000
0.992661 0.120908 0.002484 0.027800 -0.117534 0.969386 -0.215583 18.914400 -0.028474 0.213709 0.976482 -0.032000 0.000000 0.000000 0.000000 1.000000
0.992973 0.118032 0.008600 0.027800 -0.113201 0.968490 -0.221840 18.914400 -0.034513 0.219307 0.975045 -0.032000 0.000000 0.000000 0.000000 1.000000
0.993384 0.114153 0.012578 0.027800 -0.108348 0.967868 -0.226918 18.914400 -0.038077 0.224053 0.973833 -0.032000 0.000000 0.000000 0.000000 1.000000
0.994010 0.108410 0.013833 0.027800 -0.102349 0.967787 -0.230028 18.914400 -0.038324 0.227234 0.973086 -0.032000 0.000000 0.000000 0.000000 1.000000
0.994779 0.101303 0.012308 0.027800 -0.095728 0.968145 -0.231369 18.914400 -0.035355 0.228982 0.972788 -0.032000 0.000000 0.000000 0.000000 1.000000
0.995469 0.094612 0.009496 0.027800 -0.089811 0.968338 -0.232927 18.914400 -0.031233 0.231019 0.972448 -0.032000 0.000000 0.000000 0.000000 1.000000
