<?xml version="1.0" encoding="utf-8"?>
<COLLADA xmlns="http://www.collada.org/2005/11/COLLADASchema" version="1.4.1">
  <asset>
    <contributor>
      <author>Mixamo</author>
      <authoring_tool>COLLADA Mixamo exporter</authoring_tool>
      <comments/>
    </contributor>
    <created>2026-01-25T08:33:14Z</created>
    <modified>2026-01-25T08:33:14Z</modified>
    <revision/>
    <title/>
    <unit meter="0.010000"/>
    <up_axis>Y_UP</up_axis>
  </asset>
  <library_animations>
    <animation id="mixamorig_Hips-anim" name="mixamorig_Hips">
      <source id="mixamorig_Hips-Matrix-animation-input">
        <float_array id="mixamorig_Hips-Matrix-animation-input-array" count="122">

0.000000 0.033333 0.066667 0.100000 0.133333 0.166667 0.200000 0.233333 0.266667 0.300000 0.333333 0.366667 0.400000 0.433333 0.466667 0.500000
0.533333 0.566667 0.600000 0.633333 0.666667 0.700000 0.733333 0.766667 0.800000 0.833333 0.866667 0.900000 0.933333 0.966667 1.000000 1.033333
1.066667 1.100000 1.133333 1.166667 1.200000 1.233333 1.266667 1.300000 1.333333 1.366667 1.400000 1.433333 1.466667 1.500000 1.533333 1.566667
1.600000 1.633333 1.666667 1.700000 1.733333 1.766667 1.800000 1.833333 1.866667 1.900000 1.933333 1.966667 2.000000 2.033333 2.066667 2.100000
2.133333 2.166667 2.200000 2.233333 2.266667 2.300000 2.333333 2.366667 2.400000 2.433333 2.466667 2.500000 2.533333 2.566667 2.600000 2.633333
2.666667 2.700000 2.733333 2.766667 2.800000 2.833333 2.866667 2.900000 2.933333 2.966667 3.000000 3.033333 3.066667 3.100000 3.133333 3.166667
3.200000 3.233333 3.266667 3.300000 3.333333 3.366667 3.400000 3.433333 3.466667 3.500000 3.533333 3.566667 3.600000 3.633333 3.666667 3.700000
3.733333 3.766667 3.800000 3.833333 3.866667 3.900000 3.933333 3.966667 4.000000 4.033333</float_array>
        <technique_common>
          <accessor source="#mixamorig_Hips-Matrix-animation-input-array" count="122">
            <param name="TIME" type="float"/>
          </accessor>
        </technique_common>
      </source>
      <source id="mixamorig_Hips-Matrix-animation-output-transform">
        <float_array id="mixamorig_Hips-Matrix-animation-output-transform-array" count="1952">

0.994943 0.059454 -0.080957 -0.365493 -0.054968 0.996885 0.056558 111.300652 0.084067 -0.051822 0.995112 -0.715374 0.000000 0.000000 0.000000 1.000000
0.994882 0.059887 -0.081389 -0.340398 -0.055349 0.996844 0.056905 111.308693 0.084540 -0.052109 0.995057 -0.751136 0.000000 0.000000 0.000000 1.000000
0.994880 0.059915 -0.081383 -0.312596 -0.055357 0.996829 0.057163 111.312386 0.084550 -0.052365 0.995042 -0.787296 0.000000 0.000000 0.000000 1.000000
0.994897 0.059979 -0.081133 -0.285784 -0.055427 0.996821 0.057239 111.312363 0.084309 -0.052450 0.995058 -0.827635 0.000000 0.000000 0.000000 1.000000
0.994890 0.060236 -0.081025 -0.257564 -0.055686 0.996804 0.057281 111.314117 0.084216 -0.052477 0.995065 -0.867285 0.000000 0.000000 0.000000 1.000000
0.994879 0.060444 -0.081004 -0.225199 -0.055895 0.996791 0.057294 111.317924 0.084207 -0.052473 0.995066 -0.905967 0.000000 0.000000 0.000000 1.000000
0.994866 0.060641 -0.081020 -0.191004 -0.056093 0.996781 0.057282 111.321274 0.084233 -0.052443 0.995065 -0.947312 0.000000 0.000000 0.000000 1.000000
0.994845 0.060954 -0.081049 -0.155608 -0.056407 0.996765 0.057249 111.325134 0.084277 -0.052382 0.995065 -0.990065 0.000000 0.000000 0.000000 1.000000
0.994820 0.061324 -0.081066 -0.119736 -0.056782 0.996747 0.057199 111.330818 0.084310 -0.052300 0.995066 -1.029547 0.000000 0.000000 0.000000 1.000000
0.994803 0.061630 -0.081049 -0.086135 -0.057103 0.996738 0.057028 111.335709 0.084299 -0.052103 0.995077 -1.066116 0.000000 0.000000 0.000000 1.000000
0.994791 0.061952 -0.080947 -0.053267 -0.057456 0.996734 0.056739 111.339119 0.084198 -0.051793 0.995102 -1.103817 0.000000 0.000000 0.000000 1.000000
0.994795 0.062209 -0.080702 -0.019314 -0.057733 0.996723 0.056659 111.341690 0.083963 -0.051705 0.995127 -1.143335 0.000000 0.000000 0.000000 1.000000
0.994804 0.062291 -0.080530 0.012412 -0.057809 0.996708 0.056841 111.342621 0.083806 -0.051890 0.995130 -1.185687 0.000000 0.000000 0.000000 1.000000
0.994801 0.062340 -0.080530 0.040763 -0.057850 0.996700 0.056938 111.341805 0.083814 -0.051984 0.995125 -1.231619 0.000000 0.000000 0.000000 1.000000
0.994795 0.062542 -0.080446 0.068379 -0.058072 0.996698 0.056752 111.340622 0.083730 -0.051785 0.995142 -1.279769 0.000000 0.000000 0.000000 1.000000
0.994789 0.062892 -0.080245 0.093073 -0.058446 0.996685 0.056601 111.340164 0.083538 -0.051616 0.995167 -1.328769 0.000000 0.000000 0.000000 1.000000
0.994780 0.063166 -0.080147 0.113771 -0.058730 0.996671 0.056552 111.338837 0.083452 -0.051550 0.995178 -1.377787 0.000000 0.000000 0.000000 1.000000
0.994762 0.063349 -0.080218 0.132799 -0.058930 0.996673 0.056301 111.335487 0.083518 -0.051279 0.995186 -1.427495 0.000000 0.000000 0.000000 1.000000
0.994708 0.063617 -0.080684 0.150241 -0.059201 0.996675 0.055993 111.333237 0.083978 -0.050920 0.995166 -1.475048 0.000000 0.000000 0.000000 1.000000
0.994641 0.063913 -0.081264 0.167870 -0.059490 0.996672 0.055732 111.334206 0.084555 -0.050599 0.995133 -1.514892 0.000000 0.000000 0.000000 1.000000
0.994590 0.064211 -0.081651 0.186816 -0.059812 0.996680 0.055233 111.337395 0.084927 -0.050050 0.995129 -1.543734 0.000000 0.000000 0.000000 1.000000
0.994516 0.064770 -0.082116 0.203979 -0.060433 0.996697 0.054249 111.341896 0.085359 -0.048989 0.995145 -1.565561 0.000000 0.000000 0.000000 1.000000
0.994412 0.065526 -0.082776 0.219329 -0.061239 0.996698 0.053314 111.347862 0.085996 -0.047947 0.995141 -1.581253 0.000000 0.000000 0.000000 1.000000
0.994309 0.066119 -0.083536 0.234510 -0.061819 0.996676 0.053054 111.357063 0.086766 -0.047588 0.995092 -1.586361 0.000000 0.000000 0.000000 1.000000
0.994198 0.066453 -0.084582 0.248101 -0.062088 0.996650 0.053233 111.366974 0.087836 -0.047672 0.994994 -1.581539 0.000000 0.000000 0.000000 1.000000
0.994053 0.066692 -0.086083 0.261037 -0.062233 0.996628 0.053484 111.374344 0.089360 -0.047809 0.994851 -1.571153 0.000000 0.000000 0.000000 1.000000
0.993881 0.066886 -0.087903 0.274667 -0.062305 0.996602 0.053869 111.379944 0.091207 -0.048063 0.994671 -1.558403 0.000000 0.000000 0.000000 1.000000
0.993701 0.067010 -0.089819 0.286001 -0.062280 0.996571 0.054476 111.382965 0.093161 -0.048539 0.994467 -1.546628 0.000000 0.000000 0.000000 1.000000
0.993553 0.066948 -0.091486 0.292728 -0.062056 0.996539 0.055314 111.383423 0.094872 -0.049280 0.994269 -1.536646 0.000000 0.000000 0.000000 1.000000
0.993430 0.066839 -0.092889 0.296093 -0.061786 0.996503 0.056255 111.382782 0.096325 -0.050146 0.994086 -1.528249 0.000000 0.000000 0.000000 1.000000
0.993311 0.066676 -0.094279 0.296650 -0.061461 0.996470 0.057181 111.380096 0.097759 -0.051004 0.993902 -1.524073 0.000000 0.000000 0.000000 1.000000
0.993203 0.066408 -0.095589 0.293487 -0.061028 0.996440 0.058157 111.374939 0.099111 -0.051928 0.993721 -1.523879 0.000000 0.000000 0.000000 1.000000
0.993122 0.066086 -0.096651 0.287032 -0.060559 0.996417 0.059040 111.371155 0.100207 -0.052781 0.993566 -1.516365 0.000000 0.000000 0.000000 1.000000
0.993056 0.065706 -0.097587 0.278321 -0.060085 0.996421 0.059461 111.369728 0.101145 -0.053185 0.993449 -1.491456 0.000000 0.000000 0.000000 1.000000
0.992982 0.065278 -0.098615 0.265960 -0.059605 0.996452 0.059424 111.367088 0.102144 -0.053129 0.993350 -1.457512 0.000000 0.000000 0.000000 1.000000
0.992930 0.064782 -0.099462 0.247190 -0.059096 0.996502 0.059090 111.361008 0.102942 -0.052795 0.993285 -1.428998 0.000000 0.000000 0.000000 1.000000
0.992910 0.064197 -0.100042 0.222138 -0.058504 0.996551 0.058843 111.353088 0.103474 -0.052573 0.993242 -1.404270 0.000000 0.000000 0.000000 1.000000
0.992894 0.063714 -0.100505 0.194545 -0.057995 0.996582 0.058837 111.345978 0.103910 -0.052591 0.993195 -1.379143 0.000000 0.000000 0.000000 1.000000
0.992899 0.063633 -0.100515 0.164399 -0.057908 0.996584 0.058881 111.340858 0.103918 -0.052642 0.993192 -1.357801 0.000000 0.000000 0.000000 1.000000
0.992922 0.064115 -0.099980 0.131573 -0.058428 0.996558 0.058806 111.337753 0.103406 -0.052548 0.993250 -1.345632 0.000000 0.000000 0.000000 1.000000
0.992963 0.065162 -0.098889 0.097286 -0.059586 0.996517 0.058341 111.336487 0.102346 -0.052038 0.993387 -1.341397 0.000000 0.000000 0.000000 1.000000
0.993164 0.065698 -0.096483 0.055991 -0.060301 0.996504 0.057831 111.329773 0.099946 -0.051618 0.993653 -1.321465 0.000000 0.000000 0.000000 1.000000
0.993634 0.064301 -0.092505 0.005158 -0.059056 0.996547 0.058371 111.311516 0.095939 -0.052537 0.994000 -1.260113 0.000000 0.000000 0.000000 1.000000
0.994097 0.062505 -0.088681 -0.044650 -0.057380 0.996595 0.059209 111.295547 0.092080 -0.053771 0.994299 -1.184715 0.000000 0.000000 0.000000 1.000000
0.994406 0.061559 -0.085828 -0.091523 -0.056586 0.996640 0.059223 111.288353 0.089186 -0.054035 0.994548 -1.113259 0.000000 0.000000 0.000000 1.000000
0.994653 0.060897 -0.083411 -0.135723 -0.056074 0.996682 0.058993 111.284889 0.086727 -0.054000 0.994768 -1.035090 0.000000 0.000000 0.000000 1.000000
0.994845 0.060451 -0.081417 -0.174272 -0.055770 0.996723 0.058591 111.282555 0.084692 -0.053748 0.994956 -0.955519 0.000000 0.000000 0.000000 1.000000
0.994963 0.060443 -0.079968 -0.211564 -0.055923 0.996772 0.057598 111.279953 0.083191 -0.052835 0.995132 -0.879311 0.000000 0.000000 0.000000 1.000000
0.995002 0.060712 -0.079283 -0.247668 -0.056297 0.996798 0.056778 111.279663 0.082476 -0.052031 0.995234 -0.798744 0.000000 0.000000 0.000000 1.000000
0.994972 0.060646 -0.079705 -0.280919 -0.056144 0.996762 0.057558 111.283813 0.082937 -0.052793 0.995155 -0.705299 0.000000 0.000000 0.000000 1.000000
0.994932 0.060127 -0.080597 -0.312628 -0.055475 0.996729 0.058772 111.284988 0.083867 -0.054003 0.995013 -0.624317 0.000000 0.000000 0.000000 1.000000
0.994962 0.059836 -0.080438 -0.343451 -0.055170 0.996731 0.059030 111.276367 0.083707 -0.054295 0.995010 -0.575064 0.000000 0.000000 0.000000 1.000000
0.995169 0.060438 -0.077373 -0.375389 -0.055969 0.996706 0.058692 111.263565 0.080666 -0.054078 0.995273 -0.539317 0.000000 0.000000 0.000000 1.000000
0.995519 0.061289 -0.072005 -0.406597 -0.057132 0.996655 0.058435 111.258980 0.075346 -0.054059 0.995691 -0.490275 0.000000 0.000000 0.000000 1.000000
0.995768 0.061217 -0.068551 -0.425711 -0.057273 0.996667 0.058090 111.265862 0.071879 -0.053918 0.995955 -0.415449 0.000000 0.000000 0.000000 1.000000
0.995779 0.060490 -0.069027 -0.420760 -0.056553 0.996734 0.057641 111.280495 0.072288 -0.053494 0.995948 -0.323518 0.000000 0.000000 0.000000 1.000000
0.995647 0.059883 -0.071427 -0.391068 -0.055849 0.996799 0.057200 111.298141 0.074623 -0.052961 0.995804 -0.233232 0.000000 0.000000 0.000000 1.000000
0.995442 0.059749 -0.074335 -0.350205 -0.055603 0.996845 0.056648 111.316399 0.077486 -0.052257 0.995623 -0.155799 0.000000 0.000000 0.000000 1.000000
0.995183 0.060167 -0.077398 -0.312010 -0.055926 0.996872 0.055847 111.335236 0.080516 -0.051249 0.995435 -0.092290 0.000000 0.000000 0.000000 1.000000
0.994935 0.060648 -0.080163 -0.282271 -0.056340 0.996898 0.054952 111.350281 0.083247 -0.050158 0.995266 -0.039653 0.000000 0.000000 0.000000 1.000000
0.994695 0.061043 -0.082793 -0.258438 -0.056681 0.996928 0.054046 111.361183 0.085838 -0.049066 0.995100 -0.000175 0.000000 0.000000 0.000000 1.000000
0.994454 0.061377 -0.085410 -0.232499 -0.056957 0.996955 0.053266 111.367584 0.088419 -0.048106 0.994921 0.027751 0.000000 0.000000 0.000000 1.000000
0.994199 0.061555 -0.088205 -0.202140 -0.057063 0.996985 0.052578 111.369926 0.091175 -0.047240 0.994714 0.051461 0.000000 0.000000 0.000000 1.000000
0.993866 0.061671 -0.091797 -0.170714 -0.057108 0.997037 0.051533 111.372627 0.094703 -0.045975 0.994443 0.075047 0.000000 0.000000 0.000000 1.000000
0.993452 0.061885 -0.096036 -0.138466 -0.057262 0.997098 0.050176 111.376251 0.098863 -0.044348 0.994112 0.098078 0.000000 0.000000 0.000000 1.000000
0.993039 0.062202 -0.100022 -0.102043 -0.057509 0.997135 0.049138 111.380745 0.102792 -0.043044 0.993771 0.121295 0.000000 0.000000 0.000000 1.000000
0.992675 0.062460 -0.103415 -0.059680 -0.057671 0.997149 0.048668 111.385612 0.106160 -0.042348 0.993447 0.143600 0.000000 0.000000 0.000000 1.000000
0.992324 0.062818 -0.106523 -0.010763 -0.057933 0.997149 0.048359 111.391113 0.109257 -0.041816 0.993134 0.158088 0.000000 0.000000 0.000000 1.000000
0.991991 0.063597 -0.109133 0.047243 -0.058661 0.997130 0.047866 111.398026 0.111864 -0.041081 0.992874 0.160123 0.000000 0.000000 0.000000 1.000000
0.991816 0.064337 -0.110283 0.114863 -0.059433 0.997116 0.047197 111.404366 0.113001 -0.040256 0.992779 0.156838 0.000000 0.000000 0.000000 1.000000
0.991794 0.064628 -0.110311 0.186013 -0.059719 0.997097 0.047243 111.409103 0.113044 -0.040268 0.992774 0.162341 0.000000 0.000000 0.000000 1.000000
0.991781 0.064439 -0.110531 0.257281 -0.059419 0.997072 0.048128 111.412109 0.113308 -0.041165 0.992707 0.176084 0.000000 0.000000 0.000000 1.000000
0.991803 0.063841 -0.110683 0.328832 -0.058703 0.997068 0.049080 111.412445 0.113491 -0.042180 0.992643 0.179503 0.000000 0.000000 0.000000 1.000000
0.992016 0.063293 -0.109077 0.402958 -0.058093 0.997047 0.050215 111.413200 0.111934 -0.043478 0.992764 0.169806 0.000000 0.000000 0.000000 1.000000
0.992512 0.063088 -0.104597 0.486468 -0.057958 0.996996 0.051384 111.418015 0.107525 -0.044937 0.993186 0.176953 0.000000 0.000000 0.000000 1.000000
0.993112 0.062581 -0.099056 0.569456 -0.057651 0.996988 0.051880 111.420631 0.102005 -0.045812 0.993728 0.205236 0.000000 0.000000 0.000000 1.000000
0.993539 0.061560 -0.095344 0.639869 -0.056824 0.997049 0.051615 111.421722 0.098240 -0.045863 0.994105 0.244226 0.000000 0.000000 0.000000 1.000000
0.993757 0.060715 -0.093600 0.700260 -0.056076 0.997101 0.051428 111.423416 0.096451 -0.045859 0.994281 0.304770 0.000000 0.000000 0.000000 1.000000
0.993832 0.060308 -0.093059 0.740876 -0.055636 0.997095 0.052014 111.424919 0.095926 -0.046515 0.994301 0.384128 0.000000 0.000000 0.000000 1.000000
0.993787 0.059891 -0.093814 0.751849 -0.055019 0.997041 0.053691 111.426300 0.096752 -0.048196 0.994141 0.472246 0.000000 0.000000 0.000000 1.000000
0.993459 0.059154 -0.097675 0.733021 -0.053819 0.996958 0.056385 111.428139 0.100713 -0.050759 0.993620 0.547199 0.000000 0.000000 0.000000 1.000000
0.992631 0.059069 -0.105804 0.682927 -0.053062 0.996864 0.058714 111.429321 0.108941 -0.052667 0.992652 0.591025 0.000000 0.000000 0.000000 1.000000
0.991375 0.060337 -0.116344 0.601412 -0.053636 0.996762 0.059900 111.428535 0.119581 -0.053143 0.991401 0.610996 0.000000 0.000000 0.000000 1.000000
0.989874 0.062052 -0.127671 0.492930 -0.054729 0.996692 0.060084 111.426414 0.130977 -0.052489 0.989995 0.605311 0.000000 0.000000 0.000000 1.000000
0.988282 0.064829 -0.138188 0.356804 -0.057200 0.996648 0.058485 111.419556 0.141517 -0.049896 0.988678 0.572657 0.000000 0.000000 0.000000 1.000000
0.986752 0.069129 -0.146774 0.194472 -0.061358 0.996496 0.056834 111.407837 0.150188 -0.047076 0.987536 0.513340 0.000000 0.000000 0.000000 1.000000
0.985462 0.073208 -0.153313 0.014093 -0.065141 0.996247 0.057003 111.397873 0.156910 -0.046187 0.986532 0.432542 0.000000 0.000000 0.000000 1.000000
0.984537 0.076139 -0.157768 -0.180308 -0.067866 0.996054 0.057188 111.392242 0.161499 -0.045596 0.985819 0.341232 0.000000 0.000000 0.000000 1.000000
0.983856 0.078975 -0.160596 -0.368886 -0.070712 0.995893 0.056544 111.390717 0.164402 -0.044275 0.985399 0.252687 0.000000 0.000000 0.000000 1.000000
0.983293 0.082297 -0.162364 -0.529365 -0.074045 0.995667 0.056248 111.394928 0.166289 -0.043286 0.985126 0.190373 0.000000 0.000000 0.000000 1.000000
0.982950 0.085242 -0.162922 -0.648830 -0.077001 0.995443 0.056258 111.407928 0.166976 -0.042753 0.985034 0.169236 0.000000 0.000000 0.000000 1.000000
0.983019 0.086509 -0.161833 -0.720868 -0.078322 0.995336 0.056318 111.404327 0.165951 -0.042687 0.985210 0.175482 0.000000 0.000000 0.000000 1.000000
0.983334 0.086249 -0.160051 -0.744144 -0.078104 0.995342 0.056516 111.404488 0.164180 -0.043074 0.985490 0.190446 0.000000 0.000000 0.000000 1.000000
0.983616 0.083727 -0.159657 -0.731736 -0.075407 0.995494 0.057487 111.389473 0.163751 -0.044506 0.985497 0.195266 0.000000 0.000000 0.000000 1.000000
0.983681 0.081012 -0.160653 -0.693061 -0.072445 0.995656 0.058496 111.390114 0.164694 -0.045903 0.985276 0.183791 0.000000 0.000000 0.000000 1.000000
0.983783 0.079103 -0.160975 -0.652511 -0.070491 0.995794 0.058533 111.385406 0.164928 -0.046236 0.985221 0.155267 0.000000 0.000000 0.000000 1.000000
0.984128 0.078041 -0.159379 -0.621571 -0.069610 0.995897 0.057820 111.388367 0.163238 -0.045808 0.985523 0.119664 0.000000 0.000000 0.000000 1.000000
0.984726 0.077714 -0.155807 -0.603369 -0.069626 0.995959 0.056724 111.395172 0.159585 -0.045010 0.986158 0.083837 0.000000 0.000000 0.000000 1.000000
0.985529 0.077894 -0.150550 -0.593470 -0.070230 0.995982 0.055573 111.403862 0.154274 -0.044196 0.987039 0.052193 0.000000 0.000000 0.000000 1.000000
0.986413 0.077436 -0.144891 -0.576704 -0.070127 0.996027 0.054893 111.409775 0.148566 -0.043986 0.987924 0.028290 0.000000 0.000000 0.000000 1.000000
0.987207 0.076333 -0.139984 -0.543779 -0.069274 0.996101 0.054631 111.412971 0.143608 -0.044235 0.988645 0.015618 0.000000 0.000000 0.000000 1.000000
0.987874 0.075331 -0.135761 -0.503070 -0.068540 0.996184 0.054027 111.416824 0.139313 -0.044067 0.989267 0.017692 0.000000 0.000000 0.000000 1.000000
0.988471 0.074173 -0.131995 -0.459688 -0.067634 0.996282 0.053365 111.418503 0.135463 -0.043822 0.989813 0.024481 0.000000 0.000000 0.000000 1.000000
0.988968 0.073165 -0.128802 -0.409194 -0.066771 0.996344 0.053288 111.420120 0.132230 -0.044100 0.990238 0.020810 0.000000 0.000000 0.000000 1.000000
0.989320 0.072525 -0.126439 -0.355411 -0.066247 0.996385 0.053179 111.423508 0.129839 -0.044235 0.990548 0.015168 0.000000 0.000000 0.000000 1.000000
0.989537 0.072086 -0.124981 -0.303036 -0.065986 0.996450 0.052283 111.430382 0.128306 -0.043489 0.990781 0.025448 0.000000 0.000000 0.000000 1.000000
0.989710 0.071770 -0.123789 -0.253786 -0.065833 0.996506 0.051406 111.439377 0.127046 -0.042728 0.990976 0.046392 0.000000 0.000000 0.000000 1.000000
0.989922 0.071306 -0.122353 -0.211327 -0.065445 0.996538 0.051278 111.443840 0.125586 -0.042754 0.991161 0.069844 0.000000 0.000000 0.000000 1.000000
0.990202 0.070790 -0.120367 -0.176016 -0.064988 0.996558 0.051468 111.444565 0.123596 -0.043142 0.991394 0.097996 0.000000 0.000000 0.000000 1.000000
0.990588 0.070552 -0.117297 -0.148504 -0.064822 0.996543 0.051970 111.447617 0.120558 -0.043877 0.991736 0.133209 0.000000 0.000000 0.000000 1.000000
0.991106 0.070302 -0.112988 -0.129538 -0.064616 0.996489 0.053231 111.449722 0.116333 -0.045457 0.992169 0.169968 0.000000 0.000000 0.000000 1.000000
0.991704 0.069705 -0.107999 -0.116639 -0.064072 0.996440 0.054784 111.444832 0.111433 -0.047410 0.992640 0.199558 0.000000 0.000000 0.000000 1.000000
0.992269 0.069047 -0.103129 -0.105671 -0.063530 0.996415 0.055865 111.436562 0.106616 -0.048881 0.993098 0.223547 0.000000 0.000000 0.000000 1.000000
0.992794 0.068465 -0.098351 -0.092403 -0.063071 0.996383 0.056947 111.433716 0.101894 -0.050333 0.993521 0.251460 0.000000 0.000000 0.000000 1.000000
0.993276 0.067787 -0.093852 -0.076099 -0.062487 0.996341 0.058307 111.436401 0.097461 -0.052051 0.993877 0.286992 0.000000 0.000000 0.000000 1.000000
0.993603 0.066981 -0.090918 -0.061849 -0.061751 0.996336 0.059176 111.436661 0.094549 -0.053184 0.994099 0.318787 0.000000 0.000000 0.000000 1.000000
0.993773 0.066341 -0.089517 -0.047117 -0.061177 0.996367 0.059242 111.437302 0.093122 -0.053397 0.994222 0.347654 0.000000 0.000000 0.000000 1.000000
0.993857 0.066044 -0.088811 -0.027780 -0.060922 0.996385 0.059210 111.444633 0.092400 -0.053435 0.994287 0.381858 0.000000 0.000000 0.000000 1.000000
0.993826 0.065928 -0.089234 -0.011839 -0.060712 0.996353 0.059955 111.453323 0.092861 -0.054167 0.994205 0.411169 0.000000 0.000000 0.000000 1.000000
0.993699 0.065833 -0.090711 -0.001956 -0.060435 0.996305 0.061025 111.456741 0.094393 -0.055158 0.994006 0.428422 0.000000 0.000000 0.000000 1.000000
0.993575 0.065813 -0.092069 0.005771 -0.060280 0.996276 0.061641 111.457787 0.095783 -0.055695 0.993843 0.443653 0.000000 0.000000 0.000000 1.000000
0.993492 0.065745 -0.093008 0.006741 -0.060092 0.996244 0.062338 111.457024 0.096757 -0.056343 0.993712 0.457649 0.000000 0.000000 0.000000 1.000000</float_array>
        <technique_common>
          <accessor source="#mixamorig_Hips-Matrix-animation-output-transform-array" count="122" stride="16">
            <param type="float4x4"/>
          </accessor>
        </technique_common>
      </source>
      <source id="mixamorig_Hips-Interpolations">
        <Name_array id="mixamorig_Hips-Interpolations-array" count="122">
 LINEAR LINEAR LINEAR LINEAR LINEAR LINEAR LINEAR LINEAR LINEAR LINEAR LINEAR
LINEAR LINEAR LINEAR LINEAR LINEAR LINEAR LINEAR LINEAR LINEAR LINEAR LINEAR LINEAR
LINEAR LINEAR LINEAR LINEAR LINEAR LINEAR LINEAR LINEAR LINEAR LINEAR LINEAR LINEAR
LINEAR LINEAR LINEAR LINEAR LINEAR LINEAR LINEAR LINEAR LINEAR LINEAR LINEAR LINEAR
LINEAR LINEAR LINEAR LINEAR LINEAR LINEAR LINEAR LINEAR LINEAR LINEAR LINEAR LINEAR
LINEAR LINEAR LINEAR LINEAR LINEAR LINEAR LINEAR LINEAR LINEAR LINEAR LINEAR LINEAR
LINEAR LINEAR LINEAR LINEAR LINEAR LINEAR LINEAR LINEAR LINEAR LINEAR LINEAR LINEAR
LINEAR LINEAR LINEAR LINEAR LINEAR LINEAR LINEAR LINEAR LINEAR LINEAR LINEAR LINEAR
LINEAR LINEAR LINEAR LINEAR LINEAR LINEAR LINEAR LINEAR LINEAR LINEAR LINEAR LINEAR
LINEAR LINEAR LINEAR LINEAR LINEAR LINEAR LINEAR LINEAR LINEAR LINEAR LINEAR LINEAR
LINEAR LINEAR LINEAR</Name_array>
        <technique_common>
          <accessor source="#mixamorig_Hips-Interpolations-array" count="122">
            <param type="name"/>
          </accessor>
        </technique_common>
      </source>
      <sampler id="mixamorig_Hips-Matrix-animation-transform">
        <input semantic="INPUT" source="#mixamorig_Hips-Matrix-animation-input"/>
        <input semantic="OUTPUT" source="#mixamorig_Hips-Matrix-animation-output-transform"/>
        <input semantic="INTERPOLATION" source="#mixamorig_Hips-Interpolations"/>
      </sampler>
      <channel source="#mixamorig_Hips-Matrix-animation-transform" target="mixamorig_Hips/matrix"/>
    </animation>
    <animation id="mixamorig_Spine-anim" name="mixamorig_Spine">
      <source id="mixamorig_Spine-Matrix-animation-input">
        <float_array id="mixamorig_Spine-Matrix-animation-input-array" count="122">

0.000000 0.033333 0.066667 0.100000 0.133333 0.166667 0.200000 0.233333 0.266667 0.300000 0.333333 0.366667 0.400000 0.433333 0.466667 0.500000
0.533333 0.566667 0.600000 0.633333 0.666667 0.700000 0.733333 0.766667 0.800000 0.833333 0.866667 0.900000 0.933333 0.966667 1.000000 1.033333
1.066667 1.100000 1.133333 1.166667 1.200000 1.233333 1.266667 1.300000 1.333333 1.366667 1.400000 1.433333 1.466667 1.500000 1.533333 1.566667
1.600000 1.633333 1.666667 1.700000 1.733333 1.766667 1.800000 1.833333 1.866667 1.900000 1.933333 1.966667 2.000000 2.033333 2.066667 2.100000
2.133333 2.166667 2.200000 2.233333 2.266667 2.300000 2.333333 2.366667 2.400000 2.433333 2.466667 2.500000 2.533333 2.566667 2.600000 2.633333
2.666667 2.700000 2.733333 2.766667 2.800000 2.833333 2.866667 2.900000 2.933333 2.966667 3.000000 3.033333 3.066667 3.100000 3.133333 3.166667
3.200000 3.233333 3.266667 3.300000 3.333333 3.366667 3.400000 3.433333 3.466667 3.500000 3.533333 3.566667 3.600000 3.633333 3.666667 3.700000
3.733333 3.766667 3.800000 3.833333 3.866667 3.900000 3.933333 3.966667 4.000000 4.033333</float_array>
        <technique_common>
          <accessor source="#mixamorig_Spine-Matrix-animation-input-array" count="122">
            <param name="TIME" type="float"/>
          </accessor>
        </technique_common>
      </source>
      <source id="mixamorig_Spine-Matrix-animation-output-transform">
        <float_array id="mixamorig_Spine-Matrix-animation-output-transform-array" count="1952">

0.998766 -0.018672 0.046014 0.000400 0.021012 0.998482 -0.050913 10.664600 -0.044993 0.051817 0.997643 -0.060300 0.000000 0.000000 0.000000 1.000000
0.998720 -0.018283 0.047152 0.000400 0.020738 0.998426 -0.052103 10.664600 -0.046125 0.053015 0.997528 -0.060300 0.000000 0.000000 0.000000 1.000000
0.998705 -0.017620 0.047730 0.000400 0.020155 0.998383 -0.053146 10.664600 -0.046716 0.054040 0.997445 -0.060300 0.000000 0.000000 0.000000 1.000000
0.998717 -0.017162 0.047640 0.000400 0.019728 0.998349 -0.053939 10.664600 -0.046635 0.054810 0.997407 -0.060300 0.000000 0.000000 0.000000 1.000000
0.998723 -0.017083 0.047546 0.000400 0.019676 0.998314 -0.054602 10.664600 -0.046533 0.055468 0.997376 -0.060300 0.000000 0.000000 0.000000 1.000000
0.998725 -0.017060 0.047503 0.000400 0.019673 0.998287 -0.055091 10.664600 -0.046482 0.055956 0.997351 -0.060300 0.000000 0.000000 0.000000 1.000000
0.998727 -0.017034 0.047469 0.000400 0.019663 0.998267 -0.055473 10.664600 -0.046442 0.056335 0.997331 -0.060300 0.000000 0.000000 0.000000 1.000000
0.998730 -0.016947 0.047444 0.000400 0.019594 0.998245 -0.055886 10.664600 -0.046414 0.056744 0.997309 -0.060300 0.000000 0.000000 0.000000 1.000000
0.998734 -0.016746 0.047428 0.000400 0.019404 0.998233 -0.056158 10.664600 -0.046404 0.057007 0.997295 -0.060300 0.000000 0.000000 0.000000 1.000000
0.998742 -0.016291 0.047422 0.000400 0.018950 0.998241 -0.056174 10.664600 -0.046423 0.057002 0.997294 -0.060300 0.000000 0.000000 0.000000 1.000000
0.998749 -0.015823 0.047425 0.000400 0.018482 0.998251 -0.056161 10.664600 -0.046453 0.056967 0.997295 -0.060300 0.000000 0.000000 0.000000 1.000000
0.998755 -0.015407 0.047436 0.000400 0.018073 0.998250 -0.056309 10.664600 -0.046485 0.057096 0.997286 -0.060300 0.000000 0.000000 0.000000 1.000000
0.998763 -0.014842 0.047456 0.000400 0.017539 0.998225 -0.056917 10.664600 -0.046527 0.057679 0.997250 -0.060300 0.000000 0.000000 0.000000 1.000000
0.998771 -0.014175 0.047487 0.000400 0.016913 0.998188 -0.057754 10.664600 -0.046583 0.058486 0.997201 -0.060300 0.000000 0.000000 0.000000 1.000000
0.998777 -0.013644 0.047529 0.000400 0.016422 0.998148 -0.058573 10.664600 -0.046642 0.059281 0.997151 -0.060300 0.000000 0.000000 0.000000 1.000000
0.998780 -0.013200 0.047582 0.000400 0.016040 0.998081 -0.059815 10.664600 -0.046701 0.060505 0.997075 -0.060300 0.000000 0.000000 0.000000 1.000000
0.998785 -0.012584 0.047647 0.000400 0.015514 0.997978 -0.061646 10.664600 -0.046775 0.062310 0.996960 -0.060300 0.000000 0.000000 0.000000 1.000000
0.998788 -0.011933 0.047749 0.000400 0.014964 0.997861 -0.063629 10.664600 -0.046888 0.064267 0.996831 -0.060300 0.000000 0.000000 0.000000 1.000000
0.998775 -0.011351 0.048172 0.000400 0.014511 0.997730 -0.065761 10.664600 -0.047316 0.066380 0.996672 -0.060300 0.000000 0.000000 0.000000 1.000000
0.998744 -0.010677 0.048952 0.000400 0.013987 0.997602 -0.067791 10.664600 -0.048110 0.068390 0.996498 -0.060300 0.000000 0.000000 0.000000 1.000000
0.998729 -0.009998 0.049398 0.000400 0.013403 0.997521 -0.069088 10.664600 -0.048585 0.069662 0.996387 -0.060300 0.000000 0.000000 0.000000 1.000000
0.998729 -0.009491 0.049491 0.000400 0.012921 0.997502 -0.069446 10.664600 -0.048708 0.069997 0.996357 -0.060300 0.000000 0.000000 0.000000 1.000000
0.998734 -0.009017 0.049479 0.000400 0.012439 0.997519 -0.069290 10.664600 -0.048732 0.069818 0.996369 -0.060300 0.000000 0.000000 0.000000 1.000000
0.998742 -0.008423 0.049430 0.000400 0.011829 0.997545 -0.069019 10.664600 -0.048727 0.069517 0.996390 -0.060300 0.000000 0.000000 0.000000 1.000000
0.998748 -0.007769 0.049413 0.000400 0.011148 0.997590 -0.068477 10.664600 -0.048762 0.068942 0.996428 -0.060300 0.000000 0.000000 0.000000 1.000000
0.998746 -0.007291 0.049521 0.000400 0.010630 0.997663 -0.067492 10.664600 -0.048913 0.067934 0.996490 -0.060300 0.000000 0.000000 0.000000 1.000000
0.998735 -0.007122 0.049786 0.000400 0.010416 0.997751 -0.066220 10.664600 -0.049202 0.066655 0.996562 -0.060300 0.000000 0.000000 0.000000 1.000000
0.998723 -0.007066 0.050027 0.000400 0.010311 0.997837 -0.064917 10.664600 -0.049460 0.065350 0.996636 -0.060300 0.000000 0.000000 0.000000 1.000000
0.998719 -0.007007 0.050116 0.000400 0.010203 0.997910 -0.063813 10.664600 -0.049564 0.064243 0.996703 -0.060300 0.000000 0.000000 0.000000 1.000000
0.998715 -0.006966 0.050195 0.000400 0.010128 0.997961 -0.063014 10.664600 -0.049653 0.063442 0.996750 -0.060300 0.000000 0.000000 0.000000 1.000000
0.998700 -0.006943 0.050498 0.000400 0.010108 0.997981 -0.062703 10.664600 -0.049960 0.063132 0.996754 -0.060300 0.000000 0.000000 0.000000 1.000000
0.998684 -0.006934 0.050814 0.000400 0.010132 0.997965 -0.062952 10.664600 -0.050274 0.063384 0.996722 -0.060300 0.000000 0.000000 0.000000 1.000000
0.998680 -0.007013 0.050876 0.000400 0.010215 0.997965 -0.062946 10.664600 -0.050331 0.063382 0.996719 -0.060300 0.000000 0.000000 0.000000 1.000000
0.998680 -0.007227 0.050851 0.000400 0.010373 0.998031 -0.061864 10.664600 -0.050304 0.062310 0.996788 -0.060300 0.000000 0.000000 0.000000 1.000000
0.998681 -0.007467 0.050807 0.000400 0.010532 0.998123 -0.060334 10.664600 -0.050261 0.060790 0.996884 -0.060300 0.000000 0.000000 0.000000 1.000000
0.998680 -0.007529 0.050800 0.000400 0.010528 0.998200 -0.059038 10.664600 -0.050264 0.059495 0.996962 -0.060300 0.000000 0.000000 0.000000 1.000000
0.998677 -0.007209 0.050907 0.000400 0.010159 0.998269 -0.057924 10.664600 -0.050402 0.058365 0.997022 -0.060300 0.000000 0.000000 0.000000 1.000000
0.998658 -0.006673 0.051356 0.000400 0.009602 0.998328 -0.056999 10.664600 -0.050890 0.057416 0.997052 -0.060300 0.000000 0.000000 0.000000 1.000000
0.998618 -0.006248 0.052181 0.000400 0.009188 0.998371 -0.056304 10.664600 -0.051744 0.056705 0.997049 -0.060300 0.000000 0.000000 0.000000 1.000000
0.998544 -0.006182 0.053595 0.000400 0.009177 0.998399 -0.055812 10.664600 -0.053164 0.056223 0.997002 -0.060300 0.000000 0.000000 0.000000 1.000000
0.998442 -0.006687 0.055397 0.000400 0.009757 0.998421 -0.055322 10.664600 -0.054939 0.055776 0.996931 -0.060300 0.000000 0.000000 0.000000 1.000000
0.998387 -0.006821 0.056365 0.000400 0.009919 0.998445 -0.054861 10.664600 -0.055903 0.055332 0.996902 -0.060300 0.000000 0.000000 0.000000 1.000000
0.998412 -0.005206 0.056099 0.000400 0.008303 0.998446 -0.055110 10.664600 -0.055725 0.055488 0.996903 -0.060300 0.000000 0.000000 0.000000 1.000000
0.998425 -0.003402 0.056006 0.000400 0.006514 0.998439 -0.055476 10.664600 -0.055729 0.055754 0.996888 -0.060300 0.000000 0.000000 0.000000 1.000000
0.998389 -0.002396 0.056690 0.000400 0.005519 0.998471 -0.055006 10.664600 -0.056472 0.055230 0.996875 -0.060300 0.000000 0.000000 0.000000 1.000000
0.998337 -0.001388 0.057633 0.000400 0.004522 0.998515 -0.054293 10.664600 -0.057472 0.054463 0.996860 -0.060300 0.000000 0.000000 0.000000 1.000000
0.998270 -0.000161 0.058802 0.000400 0.003313 0.998562 -0.053500 10.664600 -0.058708 0.053602 0.996835 -0.060300 0.000000 0.000000 0.000000 1.000000
0.998199 0.001160 0.059983 0.000400 0.001965 0.998644 -0.052023 10.664600 -0.059962 0.052047 0.996843 -0.060300 0.000000 0.000000 0.000000 1.000000
0.998189 0.002421 0.060106 0.000400 0.000594 0.998745 -0.050090 10.664600 -0.060151 0.050035 0.996934 -0.060300 0.000000 0.000000 0.000000 1.000000
0.998234 0.004071 0.059270 0.000400 -0.001167 0.998800 -0.048954 10.664600 -0.059398 0.048798 0.997041 -0.060300 0.000000 0.000000 0.000000 1.000000
0.998184 0.006440 0.059895 0.000400 -0.003504 0.998793 -0.048988 10.664600 -0.060138 0.048689 0.997002 -0.060300 0.000000 0.000000 0.000000 1.000000
0.997900 0.008613 0.064199 0.000400 -0.005378 0.998715 -0.050397 10.664600 -0.064551 0.049946 0.996664 -0.060300 0.000000 0.000000 0.000000 1.000000
0.997626 0.009110 0.068263 0.000400 -0.005531 0.998609 -0.052442 10.664600 -0.068646 0.051940 0.996288 -0.060300 0.000000 0.000000 0.000000 1.000000
0.997710 0.008384 0.067112 0.000400 -0.004781 0.998547 -0.053670 10.664600 -0.067464 0.053226 0.996301 -0.060300 0.000000 0.000000 0.000000 1.000000
0.997926 0.008063 0.063862 0.000400 -0.004632 0.998547 -0.053698 10.664600 -0.064202 0.053290 0.996513 -0.060300 0.000000 0.000000 0.000000 1.000000
0.997982 0.008172 0.062972 0.000400 -0.004818 0.998571 -0.053231 10.664600 -0.063317 0.052820 0.996595 -0.060300 0.000000 0.000000 0.000000 1.000000
0.997941 0.008252 0.063609 0.000400 -0.004895 0.998596 -0.052741 10.664600 -0.063954 0.052321 0.996580 -0.060300 0.000000 0.000000 0.000000 1.000000
0.997923 0.007932 0.063936 0.000400 -0.004588 0.998622 -0.052284 10.664600 -0.064262 0.051882 0.996583 -0.060300 0.000000 0.000000 0.000000 1.000000
0.997939 0.007279 0.063753 0.000400 -0.003973 0.998649 -0.051819 10.664600 -0.064044 0.051459 0.996619 -0.060300 0.000000 0.000000 0.000000 1.000000
0.997980 0.006756 0.063174 0.000400 -0.003494 0.998662 -0.051598 10.664600 -0.063438 0.051273 0.996668 -0.060300 0.000000 0.000000 0.000000 1.000000
0.998059 0.006263 0.061960 0.000400 -0.003051 0.998653 -0.051802 10.664600 -0.062201 0.051512 0.996733 -0.060300 0.000000 0.000000 0.000000 1.000000
0.998196 0.005441 0.059789 0.000400 -0.002315 0.998633 -0.052227 10.664600 -0.059992 0.051994 0.996844 -0.060300 0.000000 0.000000 0.000000 1.000000
0.998344 0.004582 0.057336 0.000400 -0.001575 0.998626 -0.052376 10.664600 -0.057497 0.052199 0.996980 -0.060300 0.000000 0.000000 0.000000 1.000000
0.998452 0.003961 0.055480 0.000400 -0.001077 0.998651 -0.051918 10.664600 -0.055611 0.051778 0.997109 -0.060300 0.000000 0.000000 0.000000 1.000000
0.998544 0.003375 0.053835 0.000400 -0.000627 0.998699 -0.050980 10.664600 -0.053937 0.050872 0.997248 -0.060300 0.000000 0.000000 0.000000 1.000000
0.998680 0.002898 0.051279 0.000400 -0.000324 0.998743 -0.050130 10.664600 -0.051360 0.050047 0.997425 -0.060300 0.000000 0.000000 0.000000 1.000000
0.998864 0.002764 0.047563 0.000400 -0.000391 0.998758 -0.049826 10.664600 -0.047642 0.049751 0.997625 -0.060300 0.000000 0.000000 0.000000 1.000000
0.999032 0.002648 0.043915 0.000400 -0.000454 0.998754 -0.049900 10.664600 -0.043992 0.049832 0.997788 -0.060300 0.000000 0.000000 0.000000 1.000000
0.999156 0.001967 0.041037 0.000400 0.000089 0.998748 -0.050019 10.664600 -0.041084 0.049980 0.997905 -0.060300 0.000000 0.000000 0.000000 1.000000
0.999310 0.000794 0.037145 0.000400 0.001070 0.998742 -0.050123 10.664600 -0.037138 0.050128 0.998052 -0.060300 0.000000 0.000000 0.000000 1.000000
0.999520 -0.000187 0.030974 0.000400 0.001753 0.998720 -0.050551 10.664600 -0.030925 0.050581 0.998241 -0.060300 0.000000 0.000000 0.000000 1.000000
0.999697 -0.000301 0.024616 0.000400 0.001578 0.998652 -0.051890 10.664600 -0.024568 0.051913 0.998349 -0.060300 0.000000 0.000000 0.000000 1.000000
0.999811 0.000315 0.019416 0.000400 0.000741 0.998521 -0.054365 10.664600 -0.019404 0.054369 0.998332 -0.060300 0.000000 0.000000 0.000000 1.000000
0.999907 0.000861 0.013632 0.000400 -0.000071 0.998327 -0.057828 10.664600 -0.013659 0.057822 0.998233 -0.060300 0.000000 0.000000 0.000000 1.000000
0.999982 0.000968 0.005949 0.000400 -0.000605 0.998146 -0.060861 10.664600 -0.005996 0.060857 0.998128 -0.060300 0.000000 0.000000 0.000000 1.000000
0.999996 0.001403 -0.002338 0.000400 -0.001547 0.998034 -0.062663 10.664600 0.002245 0.062666 0.998032 -0.060300 0.000000 0.000000 0.000000 1.000000
0.999952 0.002389 -0.009521 0.000400 -0.002989 0.997980 -0.063463 10.664600 0.009350 0.063489 0.997939 -0.060300 0.000000 0.000000 0.000000 1.000000
0.999870 0.003165 -0.015795 0.000400 -0.004165 0.997960 -0.063706 10.664600 0.015561 0.063764 0.997844 -0.060300 0.000000 0.000000 0.000000 1.000000
0.999759 0.003432 -0.021686 0.000400 -0.004813 0.997941 -0.063960 10.664600 0.021422 0.064049 0.997717 -0.060300 0.000000 0.000000 0.000000 1.000000
0.999614 0.003829 -0.027508 0.000400 -0.005596 0.997906 -0.064438 10.664600 0.027203 0.064567 0.997543 -0.060300 0.000000 0.000000 0.000000 1.000000
0.999470 0.005417 -0.032110 0.000400 -0.007517 0.997814 -0.065652 10.664600 0.031684 0.065859 0.997326 -0.060300 0.000000 0.000000 0.000000 1.000000
0.999400 0.007506 -0.033806 0.000400 -0.009754 0.997716 -0.066838 10.664600 0.033227 0.067128 0.997191 -0.060300 0.000000 0.000000 0.000000 1.000000
0.999415 0.009331 -0.032902 0.000400 -0.011517 0.997694 -0.066889 10.664600 0.032202 0.067228 0.997218 -0.060300 0.000000 0.000000 0.000000 1.000000
0.999475 0.011980 -0.030089 0.000400 -0.013946 0.997722 -0.066004 10.664600 0.029229 0.066389 0.997366 -0.060300 0.000000 0.000000 0.000000 1.000000
0.999531 0.014573 -0.026951 0.000400 -0.016252 0.997870 -0.063181 10.664600 0.025972 0.063589 0.997638 -0.060300 0.000000 0.000000 0.000000 1.000000
0.999565 0.016145 -0.024690 0.000400 -0.017605 0.998037 -0.060103 10.664600 0.023671 0.060511 0.997887 -0.060300 0.000000 0.000000 0.000000 1.000000
0.999567 0.018469 -0.022910 0.000400 -0.019798 0.998050 -0.059197 10.664600 0.021772 0.059625 0.997983 -0.060300 0.000000 0.000000 0.000000 1.000000
0.999525 0.022181 -0.021411 0.000400 -0.023404 0.998004 -0.058656 10.664600 0.020067 0.059130 0.998049 -0.060300 0.000000 0.000000 0.000000 1.000000
0.999490 0.024864 -0.020018 0.000400 -0.025974 0.998020 -0.057284 10.664600 0.018554 0.057775 0.998157 -0.060300 0.000000 0.000000 0.000000 1.000000
0.999516 0.025131 -0.018332 0.000400 -0.026120 0.998098 -0.055849 10.664600 0.016893 0.056300 0.998271 -0.060300 0.000000 0.000000 0.000000 1.000000
0.999577 0.023987 -0.016446 0.000400 -0.024849 0.998210 -0.054392 10.664600 0.015112 0.054778 0.998384 -0.060300 0.000000 0.000000 0.000000 1.000000
0.999621 0.022901 -0.015293 0.000400 -0.023676 0.998333 -0.052631 10.664600 0.014062 0.052974 0.998497 -0.060300 0.000000 0.000000 0.000000 1.000000
0.999649 0.021777 -0.015116 0.000400 -0.022527 0.998424 -0.051395 10.664600 0.013973 0.051717 0.998564 -0.060300 0.000000 0.000000 0.000000 1.000000
0.999662 0.021751 -0.014263 0.000400 -0.022465 0.998398 -0.051938 10.664600 0.013110 0.052241 0.998548 -0.060300 0.000000 0.000000 0.000000 1.000000
0.999706 0.021276 -0.011658 0.000400 -0.021872 0.998321 -0.053630 10.664600 0.010497 0.053870 0.998493 -0.060300 0.000000 0.000000 0.000000 1.000000
0.999762 0.020020 -0.008723 0.000400 -0.020471 0.998269 -0.055127 10.664600 0.007605 0.055292 0.998441 -0.060300 0.000000 0.000000 0.000000 1.000000
0.999809 0.018326 -0.006846 0.000400 -0.018683 0.998242 -0.056257 10.664600 0.005802 0.056374 0.998393 -0.060300 0.000000 0.000000 0.000000 1.000000
0.999850 0.016263 -0.005928 0.000400 -0.016575 0.998239 -0.056966 10.664600 0.004991 0.057055 0.998359 -0.060300 0.000000 0.000000 0.000000 1.000000
0.999888 0.013877 -0.005517 0.000400 -0.014171 0.998259 -0.057253 10.664600 0.004713 0.057325 0.998344 -0.060300 0.000000 0.000000 0.000000 1.000000
0.999918 0.011859 -0.004876 0.000400 -0.012120 0.998261 -0.057683 10.664600 0.004183 0.057737 0.998323 -0.060300 0.000000 0.000000 0.000000 1.000000
0.999946 0.009750 -0.003609 0.000400 -0.009944 0.998254 -0.058220 10.664600 0.003035 0.058252 0.998297 -0.060300 0.000000 0.000000 0.000000 1.000000
0.999973 0.006972 -0.002209 0.000400 -0.007089 0.998289 -0.058034 10.664600 0.001801 0.058048 0.998312 -0.060300 0.000000 0.000000 0.000000 1.000000
0.999991 0.004048 -0.000949 0.000400 -0.004096 0.998325 -0.057715 10.664600 0.000713 0.057719 0.998333 -0.060300 0.000000 0.000000 0.000000 1.000000
1.000000 0.000658 0.000173 0.000400 -0.000646 0.998309 -0.058119 10.664600 -0.000211 0.058119 0.998310 -0.060300 0.000000 0.000000 0.000000 1.000000
0.999994 -0.003261 0.001390 0.000400 0.003336 0.998293 -0.058307 10.664600 -0.001197 0.058311 0.998298 -0.060300 0.000000 0.000000 0.000000 1.000000
0.999968 -0.007225 0.003330 0.000400 0.007404 0.998340 -0.057114 10.664600 -0.002912 0.057136 0.998362 -0.060300 0.000000 0.000000 0.000000 1.000000
