<?xml version="1.0" encoding="utf-8"?>
<COLLADA xmlns="http://www.collada.org/2005/11/COLLADASchema" version="1.4.1">
  <asset>
    <contributor>
      <author>Mixamo</author>
      <authoring_tool>COLLADA Mixamo exporter</authoring_tool>
      <comments/>
    </contributor>
    <created>2026-01-25T08:25:39Z</created>
    <modified>2026-01-25T08:25:39Z</modified>
    <revision/>
    <title/>
    <unit meter="0.010000"/>
    <up_axis>Y_UP</up_axis>
  </asset>
  <library_animations>
    <animation id="mixamorig_Hips-anim" name="mixamorig_Hips">
      <source id="mixamorig_Hips-Matrix-animation-input">
        <float_array id="mixamorig_Hips-Matrix-animation-input-array" count="107">

0.000000 0.033333 0.066667 0.100000 0.133333 0.166667 0.200000 0.233333 0.266667 0.300000 0.333333 0.366667 0.400000 0.433333 0.466667 0.500000
0.533333 0.566667 0.600000 0.633333 0.666667 0.700000 0.733333 0.766667 0.800000 0.833333 0.866667 0.900000 0.933333 0.966667 1.000000 1.033333
1.066667 1.100000 1.133333 1.166667 1.200000 1.233333 1.266667 1.300000 1.333333 1.366667 1.400000 1.433333 1.466667 1.500000 1.533333 1.566667
1.600000 1.633333 1.666667 1.700000 1.733333 1.766667 1.800000 1.833333 1.866667 1.900000 1.933333 1.966667 2.000000 2.033333 2.066667 2.100000
2.133333 2.166667 2.200000 2.233333 2.266667 2.300000 2.333333 2.366667 2.400000 2.433333 2.466667 2.500000 2.533333 2.566667 2.600000 2.633333
2.666667 2.700000 2.733333 2.766667 2.800000 2.833333 2.866667 2.900000 2.933333 2.966667 3.000000 3.033333 3.066667 3.100000 3.133333 3.166667
3.200000 3.233333 3.266667 3.300000 3.333333 3.366667 3.400000 3.433333 3.466667 3.500000 3.533333</float_array>
        <technique_common>
          <accessor source="#mixamorig_Hips-Matrix-animation-input-array" count="107">
            <param name="TIME" type="float"/>
          </accessor>
        </technique_common>
      </source>
      <source id="mixamorig_Hips-Matrix-animation-output-transform">
        <float_array id="mixamorig_Hips-Matrix-animation-output-transform-array" count="1712">

0.993787 0.064089 -0.090997 0.152531 -0.058259 0.996161 0.065345 111.474113 0.094836 -0.059638 0.993705 0.185989 0.000000 0.000000 0.000000 1.000000
0.993847 0.064033 -0.090382 0.122401 -0.058196 0.996134 0.065803 111.465775 0.094246 -0.060138 0.993731 0.162063 0.000000 0.000000 0.000000 1.000000
0.993930 0.063942 -0.089522 0.094421 -0.058144 0.996128 0.065946 111.458565 0.093392 -0.060341 0.993799 0.141555 0.000000 0.000000 0.000000 1.000000
0.994022 0.063852 -0.088559 0.067108 -0.058117 0.996133 0.065895 111.453766 0.092424 -0.060354 0.993889 0.123332 0.000000 0.000000 0.000000 1.000000
0.994094 0.063800 -0.087783 0.037323 -0.058097 0.996123 0.066061 111.450127 0.091657 -0.060571 0.993947 0.107107 0.000000 0.000000 0.000000 1.000000
0.994163 0.063690 -0.087083 0.007689 -0.057978 0.996092 0.066622 111.445137 0.090986 -0.061184 0.993971 0.093474 0.000000 0.000000 0.000000 1.000000
0.994261 0.063423 -0.086152 -0.016903 -0.057698 0.996057 0.067388 111.438576 0.090086 -0.062031 0.994000 0.082125 0.000000 0.000000 0.000000 1.000000
0.994398 0.063141 -0.084768 -0.038021 -0.057401 0.995997 0.068528 111.427803 0.088755 -0.063278 0.994041 0.072554 0.000000 0.000000 0.000000 1.000000
0.994572 0.062879 -0.082898 -0.058550 -0.057090 0.995880 0.070453 111.412735 0.086987 -0.065338 0.994064 0.061096 0.000000 0.000000 0.000000 1.000000
0.994849 0.062540 -0.079771 -0.062796 -0.056836 0.995793 0.071876 111.403267 0.083930 -0.066972 0.994219 0.053762 0.000000 0.000000 0.000000 1.000000
0.995317 0.061616 -0.074478 -0.035643 -0.056306 0.995856 0.071412 111.404648 0.078569 -0.066884 0.994662 0.067728 0.000000 0.000000 0.000000 1.000000
0.995869 0.059985 -0.068166 0.009485 -0.055102 0.995926 0.071379 111.412468 0.072170 -0.067328 0.995117 0.098511 0.000000 0.000000 0.000000 1.000000
0.996366 0.058092 -0.062296 0.058341 -0.053494 0.995889 0.073095 111.417145 0.066287 -0.069497 0.995377 0.124092 0.000000 0.000000 0.000000 1.000000
0.996794 0.056344 -0.056811 0.107428 -0.052023 0.995835 0.074873 111.411491 0.060794 -0.071678 0.995573 0.136226 0.000000 0.000000 0.000000 1.000000
0.997159 0.054888 -0.051585 0.151059 -0.050867 0.995789 0.076266 111.396118 0.055554 -0.073425 0.995752 0.135158 0.000000 0.000000 0.000000 1.000000
0.997461 0.053759 -0.046696 0.189539 -0.050020 0.995710 0.077848 111.381264 0.050681 -0.075314 0.995871 0.126962 0.000000 0.000000 0.000000 1.000000
0.997689 0.052791 -0.042784 0.221206 -0.049284 0.995635 0.079262 111.375900 0.046781 -0.076970 0.995935 0.112313 0.000000 0.000000 0.000000 1.000000
0.997823 0.051749 -0.040892 0.238870 -0.048371 0.995647 0.079674 111.373421 0.044837 -0.077523 0.995982 0.082538 0.000000 0.000000 0.000000 1.000000
0.997839 0.051072 -0.041343 0.239693 -0.047682 0.995718 0.079192 111.368286 0.045210 -0.077050 0.996002 0.038352 0.000000 0.000000 0.000000 1.000000
0.997746 0.051203 -0.043361 0.222594 -0.047701 0.995790 0.078275 111.364632 0.047187 -0.076030 0.995988 -0.009377 0.000000 0.000000 0.000000 1.000000
0.997572 0.051992 -0.046331 0.184995 -0.048330 0.995865 0.076928 111.361252 0.050139 -0.074502 0.995960 -0.059174 0.000000 0.000000 0.000000 1.000000
0.997279 0.053551 -0.050665 0.129730 -0.049683 0.995964 0.074749 111.356155 0.054463 -0.072029 0.995914 -0.123536 0.000000 0.000000 0.000000 1.000000
0.996806 0.055971 -0.056974 0.067460 -0.051812 0.996056 0.072026 111.356094 0.060781 -0.068844 0.995774 -0.195628 0.000000 0.000000 0.000000 1.000000
0.996142 0.058453 -0.065462 0.006530 -0.053862 0.996105 0.069815 111.365738 0.069288 -0.066020 0.995410 -0.255975 0.000000 0.000000 0.000000 1.000000
0.995240 0.060722 -0.076220 -0.056919 -0.055573 0.996140 0.067953 111.378662 0.080052 -0.063394 0.994773 -0.304340 0.000000 0.000000 0.000000 1.000000
0.993976 0.063599 -0.089260 -0.126945 -0.057854 0.996172 0.065536 111.393600 0.093086 -0.059977 0.993850 -0.345977 0.000000 0.000000 0.000000 1.000000
0.992323 0.066653 -0.104174 -0.194291 -0.060314 0.996198 0.062861 111.411491 0.107968 -0.056096 0.992571 -0.384778 0.000000 0.000000 0.000000 1.000000
0.990379 0.068768 -0.120084 -0.245754 -0.061773 0.996222 0.061036 111.426743 0.123827 -0.053031 0.990886 -0.430228 0.000000 0.000000 0.000000 1.000000
0.988126 0.070408 -0.136566 -0.281661 -0.062714 0.996235 0.059852 111.441254 0.140266 -0.050577 0.988821 -0.484350 0.000000 0.000000 0.000000 1.000000
0.985599 0.072257 -0.152887 -0.310534 -0.063925 0.996225 0.058733 111.465004 0.156554 -0.048114 0.986497 -0.527094 0.000000 0.000000 0.000000 1.000000
0.983075 0.073590 -0.167777 -0.335119 -0.064651 0.996213 0.058140 111.490753 0.171420 -0.046309 0.984109 -0.548794 0.000000 0.000000 0.000000 1.000000
0.980666 0.073539 -0.181345 -0.354578 -0.063973 0.996262 0.058054 111.498352 0.184936 -0.045330 0.981704 -0.572576 0.000000 0.000000 0.000000 1.000000
0.978280 0.073663 -0.193760 -0.366090 -0.063517 0.996290 0.058074 111.496902 0.197319 -0.044505 0.979329 -0.611914 0.000000 0.000000 0.000000 1.000000
0.975955 0.074605 -0.204807 -0.370621 -0.063911 0.996248 0.058355 111.499619 0.208392 -0.043863 0.977061 -0.660865 0.000000 0.000000 0.000000 1.000000
0.973924 0.074639 -0.214246 -0.372087 -0.063364 0.996243 0.059029 111.503777 0.217847 -0.043914 0.974994 -0.709012 0.000000 0.000000 0.000000 1.000000
0.972426 0.073614 -0.221287 -0.372835 -0.061900 0.996312 0.059420 111.509491 0.224845 -0.044084 0.973397 -0.751238 0.000000 0.000000 0.000000 1.000000
0.971529 0.072387 -0.225590 -0.369144 -0.060479 0.996409 0.059265 111.518234 0.229070 -0.043934 0.972418 -0.777592 0.000000 0.000000 0.000000 1.000000
0.970944 0.071457 -0.228391 -0.356853 -0.059530 0.996499 0.058699 111.529953 0.231786 -0.043397 0.971798 -0.784605 0.000000 0.000000 0.000000 1.000000
0.970366 0.070476 -0.231135 -0.337326 -0.058547 0.996594 0.058080 111.542801 0.234441 -0.042826 0.971187 -0.783070 0.000000 0.000000 0.000000 1.000000
0.969828 0.069620 -0.233639 -0.317534 -0.057586 0.996657 0.057949 111.553352 0.236893 -0.042746 0.970595 -0.778985 0.000000 0.000000 0.000000 1.000000
0.969404 0.069064 -0.235554 -0.300459 -0.056909 0.996692 0.058024 111.558472 0.238782 -0.042843 0.970128 -0.775161 0.000000 0.000000 0.000000 1.000000
0.969011 0.068883 -0.237219 -0.287770 -0.056722 0.996720 0.057724 111.560493 0.240417 -0.042480 0.969740 -0.778575 0.000000 0.000000 0.000000 1.000000
0.968629 0.069239 -0.238672 -0.281744 -0.057078 0.996712 0.057501 111.561996 0.241868 -0.042074 0.969396 -0.786632 0.000000 0.000000 0.000000 1.000000
0.968266 0.069544 -0.240050 -0.285012 -0.057375 0.996706 0.057325 111.560333 0.243246 -0.041733 0.969066 -0.791929 0.000000 0.000000 0.000000 1.000000
0.967995 0.069487 -0.241156 -0.299233 -0.057387 0.996732 0.056851 111.555031 0.244319 -0.041192 0.968820 -0.796678 0.000000 0.000000 0.000000 1.000000
0.968011 0.069586 -0.241065 -0.327410 -0.057660 0.996754 0.056189 111.549667 0.244192 -0.040492 0.968881 -0.803843 0.000000 0.000000 0.000000 1.000000
0.968309 0.069764 -0.239812 -0.377824 -0.058163 0.996784 0.055128 111.545982 0.242887 -0.039432 0.969253 -0.816311 0.000000 0.000000 0.000000 1.000000
0.968842 0.069427 -0.237750 -0.449638 -0.058239 0.996853 0.053772 111.536064 0.240735 -0.038250 0.969837 -0.837307 0.000000 0.000000 0.000000 1.000000
0.969646 0.069219 -0.234510 -0.541970 -0.058431 0.996902 0.052649 111.517151 0.237428 -0.037349 0.970687 -0.864443 0.000000 0.000000 0.000000 1.000000
0.970591 0.069873 -0.230372 -0.657894 -0.059527 0.996894 0.051564 111.497002 0.233260 -0.036334 0.971735 -0.891770 0.000000 0.000000 0.000000 1.000000
0.971619 0.070596 -0.225771 -0.791143 -0.060730 0.996883 0.050359 111.475174 0.228622 -0.035218 0.972878 -0.918825 0.000000 0.000000 0.000000 1.000000
0.972802 0.071117 -0.220453 -0.931914 -0.061699 0.996875 0.049325 111.447891 0.223272 -0.034382 0.974150 -0.946011 0.000000 0.000000 0.000000 1.000000
0.974093 0.071539 -0.214536 -1.074331 -0.062605 0.996876 0.048161 111.419235 0.217311 -0.033483 0.975528 -0.967413 0.000000 0.000000 0.000000 1.000000
0.975385 0.071690 -0.208531 -1.214560 -0.063325 0.996908 0.046527 111.389801 0.211222 -0.032176 0.976908 -0.976788 0.000000 0.000000 0.000000 1.000000
0.976668 0.071668 -0.202444 -1.350302 -0.063892 0.996955 0.044693 111.359352 0.205031 -0.030716 0.978273 -0.976639 0.000000 0.000000 0.000000 1.000000
0.978082 0.071638 -0.195507 -1.481446 -0.064394 0.996990 0.043171 111.329132 0.198011 -0.029635 0.979752 -0.966021 0.000000 0.000000 0.000000 1.000000
0.979705 0.071313 -0.187328 -1.606230 -0.064551 0.997032 0.041961 111.298828 0.189765 -0.029017 0.981401 -0.940391 0.000000 0.000000 0.000000 1.000000
0.981429 0.070513 -0.178395 -1.725717 -0.064250 0.997106 0.040651 111.267502 0.180745 -0.028434 0.983119 -0.898136 0.000000 0.000000 0.000000 1.000000
0.983166 0.069373 -0.169032 -1.841475 -0.063608 0.997201 0.039294 111.234871 0.171285 -0.027881 0.984827 -0.833036 0.000000 0.000000 0.000000 1.000000
0.985021 0.067982 -0.158470 -1.950182 -0.062615 0.997290 0.038629 111.201149 0.160667 -0.028128 0.986608 -0.746760 0.000000 0.000000 0.000000 1.000000
0.987002 0.066450 -0.146328 -2.052165 -0.061412 0.997363 0.038685 111.166702 0.148512 -0.029196 0.988479 -0.647980 0.000000 0.000000 0.000000 1.000000
0.988937 0.064852 -0.133408 -2.157709 -0.060166 0.997432 0.038865 111.133537 0.135585 -0.030408 0.990299 -0.531009 0.000000 0.000000 0.000000 1.000000
0.990703 0.063322 -0.120407 -2.264997 -0.059014 0.997494 0.039023 111.103912 0.122576 -0.031555 0.991957 -0.400393 0.000000 0.000000 0.000000 1.000000
0.992236 0.061920 -0.107859 -2.362085 -0.058019 0.997556 0.038937 111.074104 0.110007 -0.032376 0.993403 -0.269310 0.000000 0.000000 0.000000 1.000000
0.993493 0.060819 -0.096291 -2.446151 -0.057313 0.997603 0.038772 111.045792 0.098419 -0.033001 0.994598 -0.140400 0.000000 0.000000 0.000000 1.000000
0.994484 0.059846 -0.086141 -2.521645 -0.056658 0.997632 0.038988 111.021683 0.088270 -0.033892 0.995520 -0.012324 0.000000 0.000000 0.000000 1.000000
0.995289 0.058368 -0.077415 -2.581941 -0.055434 0.997680 0.039531 110.999588 0.079543 -0.035053 0.996215 0.115717 0.000000 0.000000 0.000000 1.000000
0.995960 0.056798 -0.069552 -2.614532 -0.054103 0.997732 0.040050 110.983490 0.071669 -0.036125 0.996774 0.244166 0.000000 0.000000 0.000000 1.000000
0.996512 0.056011 -0.061863 -2.623166 -0.053570 0.997745 0.040441 110.979240 0.063988 -0.036986 0.997265 0.371021 0.000000 0.000000 0.000000 1.000000
0.996996 0.055491 -0.054030 -2.620661 -0.053337 0.997754 0.040521 110.981216 0.056158 -0.037517 0.997717 0.497162 0.000000 0.000000 0.000000 1.000000
0.997448 0.054285 -0.046366 -2.615565 -0.052428 0.997809 0.040362 110.980186 0.048455 -0.037828 0.998109 0.624903 0.000000 0.000000 0.000000 1.000000
0.997827 0.052400 -0.039940 -2.611093 -0.050786 0.997892 0.040395 110.977585 0.041972 -0.038279 0.998385 0.753810 0.000000 0.000000 0.000000 1.000000
0.998109 0.050324 -0.035293 -2.612677 -0.048878 0.997975 0.040698 110.976585 0.037270 -0.038896 0.998548 0.884259 0.000000 0.000000 0.000000 1.000000
0.998294 0.048789 -0.032079 -2.623237 -0.047469 0.998043 0.040702 110.977219 0.034002 -0.039109 0.998656 1.013760 0.000000 0.000000 0.000000 1.000000
0.998401 0.047972 -0.029910 -2.644969 -0.046751 0.998094 0.040272 110.977371 0.031785 -0.038809 0.998741 1.137616 0.000000 0.000000 0.000000 1.000000
0.998462 0.047301 -0.028910 -2.679557 -0.046132 0.998141 0.039836 110.975754 0.030740 -0.038441 0.998788 1.257815 0.000000 0.000000 0.000000 1.000000
0.998492 0.046467 -0.029230 -2.726835 -0.045298 0.998194 0.039458 110.974037 0.031011 -0.038075 0.998794 1.377502 0.000000 0.000000 0.000000 1.000000
0.998486 0.045745 -0.030544 -2.786456 -0.044551 0.998258 0.038690 110.972847 0.032260 -0.037271 0.998784 1.490361 0.000000 0.000000 0.000000 1.000000
0.998435 0.045481 -0.032527 -2.852448 -0.044257 0.998319 0.037425 110.972710 0.034175 -0.035926 0.998770 1.593423 0.000000 0.000000 0.000000 1.000000
0.998346 0.045327 -0.035372 -2.920556 -0.044035 0.998363 0.036508 110.975861 0.036969 -0.034890 0.998707 1.703186 0.000000 0.000000 0.000000 1.000000
0.998207 0.044962 -0.039506 -2.986309 -0.043543 0.998400 0.036089 110.983955 0.041065 -0.034304 0.998567 1.821575 0.000000 0.000000 0.000000 1.000000
0.998003 0.044675 -0.044665 -3.041558 -0.043123 0.998453 0.035112 110.994972 0.046165 -0.033116 0.998385 1.930224 0.000000 0.000000 0.000000 1.000000
0.997756 0.044457 -0.050070 -3.088598 -0.042795 0.998513 0.033779 111.006676 0.051497 -0.031561 0.998174 2.034426 0.000000 0.000000 0.000000 1.000000
0.997475 0.044194 -0.055598 -3.130270 -0.042426 0.998568 0.032587 111.019913 0.056958 -0.030146 0.997921 2.140744 0.000000 0.000000 0.000000 1.000000
0.997163 0.043746 -0.061259 -3.162992 -0.041890 0.998633 0.031259 111.032875 0.062543 -0.028605 0.997632 2.244681 0.000000 0.000000 0.000000 1.000000
0.996823 0.043297 -0.066854 -3.187882 -0.041396 0.998705 0.029574 111.043846 0.068048 -0.026713 0.997324 2.344227 0.000000 0.000000 0.000000 1.000000
0.996430 0.043170 -0.072549 -3.209984 -0.041250 0.998763 0.027765 111.054604 0.073658 -0.024673 0.996978 2.440245 0.000000 0.000000 0.000000 1.000000
0.996015 0.043186 -0.078035 -3.233150 -0.041239 0.998801 0.026396 111.067322 0.079081 -0.023073 0.996601 2.534503 0.000000 0.000000 0.000000 1.000000
0.995619 0.043266 -0.082893 -3.257317 -0.041289 0.998824 0.025414 111.080566 0.083895 -0.021880 0.996234 2.632371 0.000000 0.000000 0.000000 1.000000
0.995250 0.043364 -0.087164 -3.280066 -0.041377 0.998844 0.024470 111.092094 0.088125 -0.020747 0.995893 2.736833 0.000000 0.000000 0.000000 1.000000
0.994906 0.043541 -0.090916 -3.301081 -0.041570 0.998860 0.023457 111.105461 0.091833 -0.019558 0.995582 2.843399 0.000000 0.000000 0.000000 1.000000
0.994606 0.043867 -0.093993 -3.317980 -0.041934 0.998868 0.022446 111.119827 0.094872 -0.018384 0.995320 2.947590 0.000000 0.000000 0.000000 1.000000
0.994370 0.043964 -0.096418 -3.327938 -0.042080 0.998883 0.021479 111.130180 0.097254 -0.017301 0.995109 3.048982 0.000000 0.000000 0.000000 1.000000
0.994203 0.043916 -0.098137 -3.331393 -0.042087 0.998901 0.020629 111.138733 0.098935 -0.016379 0.994959 3.147564 0.000000 0.000000 0.000000 1.000000
0.994168 0.043851 -0.098523 -3.332165 -0.042053 0.998910 0.020247 111.148003 0.099304 -0.015986 0.994929 3.244105 0.000000 0.000000 0.000000 1.000000
0.994257 0.043683 -0.097695 -3.330529 -0.041907 0.998918 0.020160 111.156181 0.098470 -0.015950 0.995012 3.337509 0.000000 0.000000 0.000000 1.000000
0.994393 0.043380 -0.096439 -3.325465 -0.041641 0.998933 0.019972 111.162384 0.097203 -0.015845 0.995138 3.425906 0.000000 0.000000 0.000000 1.000000
0.994536 0.043021 -0.095117 -3.318740 -0.041337 0.998953 0.019600 111.166771 0.095860 -0.015561 0.995273 3.510826 0.000000 0.000000 0.000000 1.000000
0.994664 0.042741 -0.093893 -3.312049 -0.041126 0.998972 0.019073 111.170227 0.094612 -0.015110 0.995400 3.588766 0.000000 0.000000 0.000000 1.000000
0.994780 0.042678 -0.092689 -3.304464 -0.041115 0.998979 0.018709 111.173561 0.093393 -0.014800 0.995519 3.655851 0.000000 0.000000 0.000000 1.000000
0.994928 0.042736 -0.091061 -3.295960 -0.041222 0.998980 0.018445 111.178368 0.091756 -0.014598 0.995675 3.714864 0.000000 0.000000 0.000000 1.000000
0.995109 0.042961 -0.088956 -3.287300 -0.041529 0.998977 0.017895 111.186638 0.089634 -0.014113 0.995875 3.768471 0.000000 0.000000 0.000000 1.000000
0.995282 0.043151 -0.086906 -3.275957 -0.041799 0.998976 0.017319 111.197037 0.087565 -0.013605 0.996066 3.816966 0.000000 0.000000 0.000000 1.000000
0.995435 0.043240 -0.085089 -3.257574 -0.041938 0.998975 0.017040 111.206299 0.085738 -0.013394 0.996228 3.859868 0.000000 0.000000 0.000000 1.000000
0.995591 0.043314 -0.083201 -3.235290 -0.042055 0.998974 0.016823 111.211349 0.083844 -0.013249 0.996391 3.893087 0.000000 0.000000 0.000000 1.000000
0.995747 0.043465 -0.081230 -3.211425 -0.042254 0.998969 0.016576 111.215164 0.081867 -0.013073 0.996558 3.920317 0.000000 0.000000 0.000000 1.000000
0.995893 0.043605 -0.079349 -3.186998 -0.042432 0.998965 0.016412 111.221062 0.079983 -0.012977 0.996712 3.946840 0.000000 0.000000 0.000000 1.000000</float_array>
        <technique_common>
          <accessor source="#mixamorig_Hips-Matrix-animation-output-transform-array" count="107" stride="16">
            <param type="float4x4"/>
          </accessor>
        </technique_common>
      </source>
      <source id="mixamorig_Hips-Interpolations">
        <Name_array id="mixamorig_Hips-Interpolations-array" count="107">
 LINEAR LINEAR LINEAR LINEAR LINEAR LINEAR LINEAR LINEAR LINEAR LINEAR LINEAR
LINEAR LINEAR LINEAR LINEAR LINEAR LINEAR LINEAR LINEAR LINEAR LINEAR LINEAR LINEAR
LINEAR LINEAR LINEAR LINEAR LINEAR LINEAR LINEAR LINEAR LINEAR LINEAR LINEAR LINEAR
LINEAR LINEAR LINEAR LINEAR LINEAR LINEAR LINEAR LINEAR LINEAR LINEAR LINEAR LINEAR
LINEAR LINEAR LINEAR LINEAR LINEAR LINEAR LINEAR LINEAR LINEAR LINEAR LINEAR LINEAR
LINEAR LINEAR LINEAR LINEAR LINEAR LINEAR LINEAR LINEAR LINEAR LINEAR LINEAR LINEAR
LINEAR LINEAR LINEAR LINEAR LINEAR LINEAR LINEAR LINEAR LINEAR LINEAR LINEAR LINEAR
LINEAR LINEAR LINEAR LINEAR LINEAR LINEAR LINEAR LINEAR LINEAR LINEAR LINEAR LINEAR
LINEAR LINEAR LINEAR LINEAR LINEAR LINEAR LINEAR LINEAR LINEAR LINEAR LINEAR LINEAR</Name_array>
        <technique_common>
          <accessor source="#mixamorig_Hips-Interpolations-array" count="107">
            <param type="name"/>
          </accessor>
        </technique_common>
      </source>
      <sampler id="mixamorig_Hips-Matrix-animation-transform">
        <input semantic="INPUT" source="#mixamorig_Hips-Matrix-animation-input"/>
        <input semantic="OUTPUT" source="#mixamorig_Hips-Matrix-animation-output-transform"/>
        <input semantic="INTERPOLATION" source="#mixamorig_Hips-Interpolations"/>
      </sampler>
      <channel source="#mixamorig_Hips-Matrix-animation-transform" target="mixamorig_Hips/matrix"/>
    </animation>
    <animation id="mixamorig_Spine-anim" name="mixamorig_Spine">
      <source id="mixamorig_Spine-Matrix-animation-input">
        <float_array id="mixamorig_Spine-Matrix-animation-input-array" count="107">

0.000000 0.033333 0.066667 0.100000 0.133333 0.166667 0.200000 0.233333 0.266667 0.300000 0.333333 0.366667 0.400000 0.433333 0.466667 0.500000
0.533333 0.566667 0.600000 0.633333 0.666667 0.700000 0.733333 0.766667 0.800000 0.833333 0.866667 0.900000 0.933333 0.966667 1.000000 1.033333
1.066667 1.100000 1.133333 1.166667 1.200000 1.233333 1.266667 1.300000 1.333333 1.366667 1.400000 1.433333 1.466667 1.500000 1.533333 1.566667
1.600000 1.633333 1.666667 1.700000 1.733333 1.766667 1.800000 1.833333 1.866667 1.900000 1.933333 1.966667 2.000000 2.033333 2.066667 2.100000
2.133333 2.166667 2.200000 2.233333 2.266667 2.300000 2.333333 2.366667 2.400000 2.433333 2.466667 2.500000 2.533333 2.566667 2.600000 2.633333
2.666667 2.700000 2.733333 2.766667 2.800000 2.833333 2.866667 2.900000 2.933333 2.966667 3.000000 3.033333 3.066667 3.100000 3.133333 3.166667
3.200000 3.233333 3.266667 3.300000 3.333333 3.366667 3.400000 3.433333 3.466667 3.500000 3.533333</float_array>
        <technique_common>
          <accessor source="#mixamorig_Spine-Matrix-animation-input-array" count="107">
            <param name="TIME" type="float"/>
          </accessor>
        </technique_common>
      </source>
      <source id="mixamorig_Spine-Matrix-animation-output-transform">
        <float_array id="mixamorig_Spine-Matrix-animation-output-transform-array" count="1712">

0.998566 -0.046491 0.026556 0.000400 0.047824 0.997502 -0.051985 10.664600 -0.024073 0.053181 0.998295 -0.060300 0.000000 0.000000 0.000000 1.000000
0.998572 -0.046234 0.026755 0.000400 0.047594 0.997478 -0.052663 10.664600 -0.024253 0.053862 0.998254 -0.060300 0.000000 0.000000 0.000000 1.000000
0.998582 -0.045966 0.026866 0.000400 0.047338 0.997477 -0.052899 10.664600 -0.024367 0.054096 0.998238 -0.060300 0.000000 0.000000 0.000000 1.000000
0.998584 -0.045777 0.027102 0.000400 0.047161 0.997489 -0.052827 10.664600 -0.024616 0.054031 0.998236 -0.060300 0.000000 0.000000 0.000000 1.000000
0.998577 -0.045628 0.027618 0.000400 0.047042 0.997491 -0.052902 10.664600 -0.025134 0.054125 0.998218 -0.060300 0.000000 0.000000 0.000000 1.000000
0.998574 -0.045374 0.028110 0.000400 0.046827 0.997477 -0.053365 10.664600 -0.025618 0.054605 0.998179 -0.060300 0.000000 0.000000 0.000000 1.000000
0.998574 -0.045310 0.028221 0.000400 0.046785 0.997444 -0.054001 10.664600 -0.025702 0.055244 0.998142 -0.060300 0.000000 0.000000 0.000000 1.000000
0.998583 -0.045300 0.027922 0.000400 0.046783 0.997392 -0.054951 10.664600 -0.025360 0.056179 0.998099 -0.060300 0.000000 0.000000 0.000000 1.000000
0.998598 -0.045293 0.027404 0.000400 0.046789 0.997297 -0.056655 10.664600 -0.024764 0.057858 0.998018 -0.060300 0.000000 0.000000 0.000000 1.000000
0.998631 -0.045278 0.026178 0.000400 0.046720 0.997258 -0.057396 10.664600 -0.023508 0.058541 0.998008 -0.060300 0.000000 0.000000 0.000000 1.000000
0.998707 -0.044976 0.023709 0.000400 0.046230 0.997399 -0.055300 10.664600 -0.021160 0.056324 0.998188 -0.060300 0.000000 0.000000 0.000000 1.000000
0.998792 -0.044435 0.020994 0.000400 0.045499 0.997541 -0.053300 10.664600 -0.018574 0.054191 0.998358 -0.060300 0.000000 0.000000 0.000000 1.000000
0.998852 -0.044094 0.018741 0.000400 0.045041 0.997549 -0.053541 10.664600 -0.016335 0.054324 0.998390 -0.060300 0.000000 0.000000 0.000000 1.000000
0.998896 -0.044075 0.016246 0.000400 0.044897 0.997516 -0.054271 10.664600 -0.013814 0.054940 0.998394 -0.060300 0.000000 0.000000 0.000000 1.000000
0.998933 -0.044303 0.013041 0.000400 0.044954 0.997487 -0.054769 10.664600 -0.010581 0.055297 0.998414 -0.060300 0.000000 0.000000 0.000000 1.000000
0.998956 -0.044711 0.009385 0.000400 0.045165 0.997434 -0.055546 10.664600 -0.006877 0.055911 0.998412 -0.060300 0.000000 0.000000 0.000000 1.000000
0.998973 -0.044953 0.005645 0.000400 0.045202 0.997363 -0.056779 10.664600 -0.003078 0.056976 0.998371 -0.060300 0.000000 0.000000 0.000000 1.000000
0.999002 -0.044617 0.002108 0.000400 0.044664 0.997306 -0.058191 10.664600 0.000494 0.058227 0.998303 -0.060300 0.000000 0.000000 0.000000 1.000000
0.999033 -0.043955 -0.001074 0.000400 0.043813 0.997263 -0.059557 10.664600 0.003689 0.059453 0.998224 -0.060300 0.000000 0.000000 0.000000 1.000000
0.999048 -0.043404 -0.004363 0.000400 0.043059 0.997217 -0.060867 10.664600 0.006993 0.060621 0.998136 -0.060300 0.000000 0.000000 0.000000 1.000000
0.999048 -0.042798 -0.008471 0.000400 0.042193 0.997184 -0.062003 10.664600 0.011100 0.061587 0.998040 -0.060300 0.000000 0.000000 0.000000 1.000000
0.999015 -0.042264 -0.013550 0.000400 0.041338 0.997185 -0.062558 10.664600 0.016156 0.061937 0.997949 -0.060300 0.000000 0.000000 0.000000 1.000000
0.998918 -0.042245 -0.019454 0.000400 0.040955 0.997204 -0.062509 10.664600 0.022040 0.061645 0.997855 -0.060300 0.000000 0.000000 0.000000 1.000000
0.998748 -0.042321 -0.026686 0.000400 0.040592 0.997232 -0.062301 10.664600 0.029249 0.061140 0.997701 -0.060300 0.000000 0.000000 0.000000 1.000000
0.998516 -0.042083 -0.034570 0.000400 0.039895 0.997298 -0.061693 10.664600 0.037073 0.060222 0.997496 -0.060300 0.000000 0.000000 0.000000 1.000000
0.998251 -0.042177 -0.041421 0.000400 0.039644 0.997400 -0.060178 10.664600 0.043851 0.058431 0.997328 -0.060300 0.000000 0.000000 0.000000 1.000000
0.997975 -0.042657 -0.047175 0.000400 0.039876 0.997496 -0.058407 10.664600 0.049548 0.056408 0.997178 -0.060300 0.000000 0.000000 0.000000 1.000000
0.997669 -0.042965 -0.053024 0.000400 0.039897 0.997541 -0.057624 10.664600 0.055370 0.055374 0.996929 -0.060300 0.000000 0.000000 0.000000 1.000000
0.997279 -0.043549 -0.059481 0.000400 0.040137 0.997543 -0.057411 10.664600 0.061835 0.054868 0.996577 -0.060300 0.000000 0.000000 0.000000 1.000000
0.996755 -0.044811 -0.066875 0.000400 0.041037 0.997543 -0.056771 10.664600 0.069255 0.053842 0.996145 -0.060300 0.000000 0.000000 0.000000 1.000000
0.996096 -0.045750 -0.075495 0.000400 0.041556 0.997553 -0.056223 10.664600 0.077883 0.052866 0.995560 -0.060300 0.000000 0.000000 0.000000 1.000000
0.995415 -0.045410 -0.084186 0.000400 0.040733 0.997574 -0.056460 10.664600 0.086545 0.052772 0.994849 -0.060300 0.000000 0.000000 0.000000 1.000000
0.994650 -0.045472 -0.092760 0.000400 0.040258 0.997543 -0.057334 10.664600 0.095139 0.053293 0.994036 -0.060300 0.000000 0.000000 0.000000 1.000000
0.993710 -0.046598 -0.101829 0.000400 0.040726 0.997426 -0.059007 10.664600 0.104317 0.054488 0.993050 -0.060300 0.000000 0.000000 0.000000 1.000000
0.992694 -0.047099 -0.111083 0.000400 0.040441 0.997291 -0.061444 10.664600 0.113676 0.056503 0.991910 -0.060300 0.000000 0.000000 0.000000 1.000000
0.991579 -0.046782 -0.120758 0.000400 0.039300 0.997200 -0.063614 10.664600 0.123396 0.058333 0.990642 -0.060300 0.000000 0.000000 0.000000 1.000000
0.990320 -0.046397 -0.130816 0.000400 0.038169 0.997173 -0.064722 10.664600 0.133449 0.059102 0.989292 -0.060300 0.000000 0.000000 0.000000 1.000000
0.989124 -0.046179 -0.139644 0.000400 0.037395 0.997192 -0.064881 10.664600 0.142248 0.058953 0.988074 -0.060300 0.000000 0.000000 0.000000 1.000000
0.988103 -0.045738 -0.146837 0.000400 0.036523 0.997226 -0.064851 10.664600 0.149396 0.058717 0.987033 -0.060300 0.000000 0.000000 0.000000 1.000000
0.987278 -0.044770 -0.152569 0.000400 0.035213 0.997278 -0.064782 10.664600 0.155054 0.058586 0.986167 -0.060300 0.000000 0.000000 0.000000 1.000000
0.986720 -0.043303 -0.156550 0.000400 0.033507 0.997343 -0.064682 10.664600 0.158935 0.058578 0.985550 -0.060300 0.000000 0.000000 0.000000 1.000000
0.986435 -0.041461 -0.158832 0.000400 0.031539 0.997420 -0.064490 10.664600 0.161096 0.058606 0.985197 -0.060300 0.000000 0.000000 0.000000 1.000000
0.986368 -0.039534 -0.159734 0.000400 0.029584 0.997499 -0.064195 10.664600 0.161873 0.058594 0.985071 -0.060300 0.000000 0.000000 0.000000 1.000000
0.986531 -0.037298 -0.159263 0.000400 0.027439 0.997594 -0.063666 10.664600 0.161255 0.058439 0.985181 -0.060300 0.000000 0.000000 0.000000 1.000000
0.986916 -0.034783 -0.157440 0.000400 0.025184 0.997723 -0.062562 10.664600 0.159257 0.057778 0.985545 -0.060300 0.000000 0.000000 0.000000 1.000000
0.987409 -0.032558 -0.154803 0.000400 0.023337 0.997864 -0.061012 10.664600 0.156459 0.056631 0.986060 -0.060300 0.000000 0.000000 0.000000 1.000000
0.988022 -0.030248 -0.151320 0.000400 0.021519 0.998026 -0.058995 10.664600 0.152806 0.055032 0.986723 -0.060300 0.000000 0.000000 0.000000 1.000000
0.988718 -0.027098 -0.147319 0.000400 0.018897 0.998208 -0.056783 10.664600 0.148593 0.053358 0.987458 -0.060300 0.000000 0.000000 0.000000 1.000000
0.989356 -0.023862 -0.143542 0.000400 0.016116 0.998362 -0.054889 10.664600 0.144617 0.051992 0.988121 -0.060300 0.000000 0.000000 0.000000 1.000000
0.990020 -0.021371 -0.139297 0.000400 0.014094 0.998494 -0.053017 10.664600 0.140220 0.050525 0.988830 -0.060300 0.000000 0.000000 0.000000 1.000000
0.990865 -0.018885 -0.133529 0.000400 0.012151 0.998621 -0.051067 10.664600 0.134309 0.048978 0.989728 -0.060300 0.000000 0.000000 0.000000 1.000000
0.991841 -0.016379 -0.126428 0.000400 0.010178 0.998720 -0.049537 10.664600 0.127078 0.047846 0.990738 -0.060300 0.000000 0.000000 0.000000 1.000000
0.992894 -0.014113 -0.118163 0.000400 0.008482 0.998810 -0.048019 10.664600 0.118700 0.046676 0.991832 -0.060300 0.000000 0.000000 0.000000 1.000000
0.993971 -0.012141 -0.108968 0.000400 0.007161 0.998917 -0.045978 10.664600 0.109408 0.044920 0.992981 -0.060300 0.000000 0.000000 0.000000 1.000000
0.995020 -0.010950 -0.099069 0.000400 0.006629 0.999016 -0.043844 10.664600 0.099452 0.042969 0.994114 -0.060300 0.000000 0.000000 0.000000 1.000000
0.996012 -0.010714 -0.088576 0.000400 0.006995 0.999085 -0.042188 10.664600 0.088947 0.041400 0.995176 -0.060300 0.000000 0.000000 0.000000 1.000000
0.996957 -0.010959 -0.077179 0.000400 0.007809 0.999129 -0.040989 10.664600 0.077561 0.040261 0.996174 -0.060300 0.000000 0.000000 0.000000 1.000000
0.997858 -0.011438 -0.064406 0.000400 0.008885 0.999169 -0.039786 10.664600 0.064807 0.039128 0.997130 -0.060300 0.000000 0.000000 0.000000 1.000000
0.998612 -0.012430 -0.051190 0.000400 0.010476 0.999212 -0.038273 10.664600 0.051626 0.037683 0.997955 -0.060300 0.000000 0.000000 0.000000 1.000000
0.999140 -0.013919 -0.039057 0.000400 0.012468 0.999232 -0.037148 10.664600 0.039544 0.036629 0.998546 -0.060300 0.000000 0.000000 0.000000 1.000000
0.999473 -0.015663 -0.028429 0.000400 0.014616 0.999221 -0.036670 10.664600 0.028981 0.036236 0.998923 -0.060300 0.000000 0.000000 0.000000 1.000000
0.999658 -0.017472 -0.019442 0.000400 0.016765 0.999212 -0.035973 10.664600 0.020056 0.035634 0.999164 -0.060300 0.000000 0.000000 0.000000 1.000000
0.999744 -0.019232 -0.011911 0.000400 0.018805 0.999211 -0.034995 10.664600 0.012574 0.034762 0.999316 -0.060300 0.000000 0.000000 0.000000 1.000000
0.999773 -0.020805 -0.004604 0.000400 0.020637 0.999213 -0.033887 10.664600 0.005306 0.033785 0.999415 -0.060300 0.000000 0.000000 0.000000 1.000000
0.999740 -0.022514 0.003719 0.000400 0.022624 0.999209 -0.032706 10.664600 -0.002980 0.032782 0.999458 -0.060300 0.000000 0.000000 0.000000 1.000000
0.999621 -0.024394 0.012764 0.000400 0.024789 0.999188 -0.031770 10.664600 -0.011979 0.032075 0.999414 -0.060300 0.000000 0.000000 0.000000 1.000000
0.999439 -0.025823 0.021315 0.000400 0.026477 0.999169 -0.030999 10.664600 -0.020497 0.031546 0.999292 -0.060300 0.000000 0.000000 0.000000 1.000000
0.999216 -0.027201 0.028774 0.000400 0.028061 0.999158 -0.029932 10.664600 -0.027935 0.030716 0.999138 -0.060300 0.000000 0.000000 0.000000 1.000000
0.998969 -0.029310 0.034668 0.000400 0.030303 0.999135 -0.028477 10.664600 -0.033804 0.029498 0.998993 -0.060300 0.000000 0.000000 0.000000 1.000000
0.998762 -0.031655 0.038365 0.000400 0.032689 0.999111 -0.026617 10.664600 -0.037489 0.027838 0.998909 -0.060300 0.000000 0.000000 0.000000 1.000000
0.998653 -0.033457 0.039659 0.000400 0.034445 0.999107 -0.024489 10.664600 -0.038805 0.025822 0.998913 -0.060300 0.000000 0.000000 0.000000 1.000000
0.998602 -0.034847 0.039736 0.000400 0.035772 0.999099 -0.022827 10.664600 -0.038905 0.024217 0.998949 -0.060300 0.000000 0.000000 0.000000 1.000000
0.998550 -0.036113 0.039933 0.000400 0.036999 0.999080 -0.021667 10.664600 -0.039114 0.023114 0.998967 -0.060300 0.000000 0.000000 0.000000 1.000000
0.998473 -0.037713 0.040369 0.000400 0.038555 0.999051 -0.020287 10.664600 -0.039566 0.021812 0.998979 -0.060300 0.000000 0.000000 0.000000 1.000000
0.998382 -0.039747 0.040658 0.000400 0.040530 0.999005 -0.018623 10.664600 -0.039878 0.020240 0.999000 -0.060300 0.000000 0.000000 0.000000 1.000000
0.998305 -0.041762 0.040531 0.000400 0.042488 0.998949 -0.017209 10.664600 -0.039769 0.018901 0.999030 -0.060300 0.000000 0.000000 0.000000 1.000000
0.998268 -0.043429 0.039688 0.000400 0.044093 0.998899 -0.016008 10.664600 -0.038949 0.017730 0.999084 -0.060300 0.000000 0.000000 0.000000 1.000000
0.998263 -0.044798 0.038259 0.000400 0.045384 0.998863 -0.014605 10.664600 -0.037561 0.016316 0.999161 -0.060300 0.000000 0.000000 0.000000 1.000000
0.998263 -0.046249 0.036505 0.000400 0.046749 0.998823 -0.012941 10.664600 -0.035863 0.014625 0.999250 -0.060300 0.000000 0.000000 0.000000 1.000000
0.998271 -0.047666 0.034407 0.000400 0.048092 0.998775 -0.011664 10.664600 -0.033809 0.013298 0.999340 -0.060300 0.000000 0.000000 0.000000 1.000000
0.998277 -0.048962 0.032351 0.000400 0.049339 0.998722 -0.010944 10.664600 -0.031774 0.012521 0.999417 -0.060300 0.000000 0.000000 0.000000 1.000000
0.998257 -0.050523 0.030508 0.000400 0.050847 0.998657 -0.009957 10.664600 -0.029964 0.011491 0.999485 -0.060300 0.000000 0.000000 0.000000 1.000000
0.998240 -0.052114 0.028300 0.000400 0.052379 0.998589 -0.008701 10.664600 -0.027806 0.010168 0.999562 -0.060300 0.000000 0.000000 0.000000 1.000000
0.998237 -0.053529 0.025646 0.000400 0.053737 0.998527 -0.007480 10.664600 -0.025208 0.008845 0.999643 -0.060300 0.000000 0.000000 0.000000 1.000000
0.998249 -0.054566 0.022821 0.000400 0.054721 0.998482 -0.006230 10.664600 -0.022446 0.007468 0.999720 -0.060300 0.000000 0.000000 0.000000 1.000000
0.998271 -0.055271 0.019979 0.000400 0.055378 0.998454 -0.004816 10.664600 -0.019682 0.005914 0.999789 -0.060300 0.000000 0.000000 0.000000 1.000000
0.998280 -0.056028 0.017281 0.000400 0.056094 0.998420 -0.003385 10.664600 -0.017064 0.004349 0.999845 -0.060300 0.000000 0.000000 0.000000 1.000000
0.998279 -0.056810 0.014570 0.000400 0.056852 0.998380 -0.002482 10.664600 -0.014406 0.003307 0.999891 -0.060300 0.000000 0.000000 0.000000 1.000000
0.998283 -0.057259 0.012320 0.000400 0.057286 0.998356 -0.001875 10.664600 -0.012193 0.002577 0.999922 -0.060300 0.000000 0.000000 0.000000 1.000000
0.998296 -0.057380 0.010618 0.000400 0.057395 0.998351 -0.001091 10.664600 -0.010538 0.001699 0.999943 -0.060300 0.000000 0.000000 0.000000 1.000000
0.998300 -0.057555 0.009172 0.000400 0.057558 0.998342 -0.000051 10.664600 -0.009154 0.000579 0.999958 -0.060300 0.000000 0.000000 0.000000 1.000000
0.998294 -0.057810 0.008133 0.000400 0.057803 0.998327 0.001060 10.664600 -0.008181 -0.000589 0.999966 -0.060300 0.000000 0.000000 0.000000 1.000000
0.998298 -0.057789 0.007897 0.000400 0.057775 0.998328 0.002011 10.664600 -0.007999 -0.001551 0.999967 -0.060300 0.000000 0.000000 0.000000 1.000000
0.998311 -0.057516 0.008240 0.000400 0.057496 0.998342 0.002675 10.664600 -0.008381 -0.002197 0.999962 -0.060300 0.000000 0.000000 0.000000 1.000000
0.998325 -0.057271 0.008206 0.000400 0.057249 0.998356 0.002866 10.664600 -0.008357 -0.002392 0.999962 -0.060300 0.000000 0.000000 0.000000 1.000000
0.998342 -0.057054 0.007592 0.000400 0.057033 0.998368 0.002909 10.664600 -0.007746 -0.002471 0.999967 -0.060300 0.000000 0.000000 0.000000 1.000000
0.998362 -0.056772 0.007058 0.000400 0.056750 0.998383 0.003279 10.664600 -0.007233 -0.002873 0.999970 -0.060300 0.000000 0.000000 0.000000 1.000000
0.998378 -0.056491 0.007029 0.000400 0.056463 0.998396 0.004083 10.664600 -0.007248 -0.003679 0.999967 -0.060300 0.000000 0.000000 0.000000 1.000000
0.998387 -0.056259 0.007651 0.000400 0.056222 0.998406 0.005007 10.664600 -0.007921 -0.004569 0.999958 -0.060300 0.000000 0.000000 0.000000 1.000000
0.998385 -0.056119 0.008844 0.000400 0.056072 0.998411 0.005535 10.664600 -0.009141 -0.005030 0.999946 -0.060300 0.000000 0.000000 0.000000 1.000000
0.998378 -0.056034 0.010100 0.000400 0.055976 0.998415 0.005909 10.664600 -0.010415 -0.005334 0.999932 -0.060300 0.000000 0.000000 0.000000 1.000000
0.998372 -0.055919 0.011253 0.000400 0.055847 0.998417 0.006616 10.664600 -0.011605 -0.005977 0.999915 -0.060300 0.000000 0.000000 0.000000 1.000000
0.998367 -0.055710 0.012664 0.000400 0.055621 0.998426 0.007257 10.664600 -0.013048 -0.006541 0.999893 -0.060300 0.000000 0.000000 0.000000 1.000000
0.998357 -0.055505 0.014235 0.000400 0.055402 0.998436 0.007520 10.664600 -0.014630 -0.006719 0.999870 -0.060300 0.000000 0.000000 0.000000 1.000000
0.998350 -0.055355 0.015274 0.000400 0.055242 0.998443 0.007729 10.664600 -0.015678 -0.006872 0.999853 -0.060300 0.000000 0.000000 0.000000 1.000000
0.998351 -0.055177 0.015830 0.000400 0.055054 0.998450 0.008131 10.664600 -0.016254 -0.007246 0.999842 -0.060300 0.000000 0.000000 0.000000 1.000000
0.998356 -0.054908 0.016441 0.000400 0.054771 0.998461 0.008665 10.664600 -0.016891 -0.007750 0.999827 -0.060300 0.000000 0.000000 0.000000 1.000000</float_array>
        <technique_common>
          <accessor source="#mixamorig_Spine-Matrix-animation-output-transform-array" count="107" stride="16">
            <param type="float4x4"/>
          </accessor>
        </technique_common>
      </source>
      <source id="mixamorig_Spine-Interpolations">
        <Name_array id="mixamorig_Spine-Interpolations-array" count="107">
 LINEAR LINEAR LINEAR LINEAR LINEAR LINEAR LINEAR LINEAR LINEAR LINEAR LINEAR
LINEAR LINEAR LINEAR LINEAR LINEAR LINEAR LINEAR LINEAR LINEAR LINEAR LINEAR LINEAR
LINEAR LINEAR LINEAR LINEAR LINEAR LINEAR LINEAR LINEAR LINEAR LINEAR LINEAR LINEAR
LINEAR LINEAR LINEAR LINEAR LINEAR LINEAR LINEAR LINEAR LINEAR LINEAR LINEAR LINEAR
LINEAR LINEAR LINEAR LINEAR LINEAR LINEAR LINEAR LINEAR LINEAR LINEAR LINEAR LINEAR
LINEAR LINEAR LINEAR LINEAR LINEAR LINEAR LINEAR LINEAR LINEAR LINEAR LINEAR LINEAR
LINEAR LINEAR LINEAR LINEAR LINEAR LINEAR LINEAR LINEAR LINEAR LINEAR LINEAR LINEAR
LINEAR LINEAR LINEAR LINEAR LINEAR LINEAR LINEAR LINEAR LINEAR LINEAR LINEAR LINEAR
LINEAR LINEAR LINEAR LINEAR LINEAR LINEAR LINEAR LINEAR LINEAR LINEAR LINEAR LINEAR</Name_array>
        <technique_common>
          <accessor source="#mixamorig_Spine-Interpolations-array" count="107">
            <param type="name"/>
          </accessor>
        </technique_common>
      </source>
      <sampler id="mixamorig_Spine-Matrix-animation-transform">
        <input semantic="INPUT" source="#mixamorig_Spine-Matrix-animation-input"/>
        <input semantic="OUTPUT" source="#mixamorig_Spine-Matrix-animation-output-transform"/>
        <input semantic="INTERPOLATION" source="#mixamorig_Spine-Interpolations"/>
      </sampler>
      <channel source="#mixamorig_Spine-Matrix-animation-transform" target="mixamorig_Spine/matrix"/>
    </animation>
    <animation id="mixamorig_Spine1-anim" name="mixamorig_Spine1">
      <source id="mixamorig_Spine1-Matrix-animation-input">
        <float_array id="mixamorig_Spine1-Matrix-animation-input-array" count="107">

0.000000 0.033333 0.066667 0.100000 0.133333 0.166667 0.200000 0.233333 0.266667 0.300000 0.333333 0.366667 0.400000 0.433333 0.466667 0.500000
0.533333 0.566667 0.600000 0.633333 0.666667 0.700000 0.733333 0.766667 0.800000 0.833333 0.866667 0.900000 0.933333 0.966667 1.000000 1.033333
1.066667 1.100000 1.133333 1.166667 1.200000 1.233333 1.266667 1.300000 1.333333 1.366667 1.400000 1.433333 1.466667 1.500000 1.533333 1.566667
