<?xml version="1.0" encoding="utf-8"?>
<COLLADA xmlns="http://www.collada.org/2005/11/COLLADASchema" version="1.4.1">
  <asset>
    <contributor>
      <author>Mixamo</author>
      <authoring_tool>COLLADA Mixamo exporter</authoring_tool>
      <comments/>
    </contributor>
    <created>2026-01-25T08:29:31Z</created>
    <modified>2026-01-25T08:29:31Z</modified>
    <revision/>
    <title/>
    <unit meter="0.010000"/>
    <up_axis>Y_UP</up_axis>
  </asset>
  <library_animations>
    <animation id="mixamorig_Hips-anim" name="mixamorig_Hips">
      <source id="mixamorig_Hips-Matrix-animation-input">
        <float_array id="mixamorig_Hips-Matrix-animation-input-array" count="135">

0.000000 0.033333 0.066667 0.100000 0.133333 0.166667 0.200000 0.233333 0.266667 0.300000 0.333333 0.366667 0.400000 0.433333 0.466667 0.500000
0.533333 0.566667 0.600000 0.633333 0.666667 0.700000 0.733333 0.766667 0.800000 0.833333 0.866667 0.900000 0.933333 0.966667 1.000000 1.033333
1.066667 1.100000 1.133333 1.166667 1.200000 1.233333 1.266667 1.300000 1.333333 1.366667 1.400000 1.433333 1.466667 1.500000 1.533333 1.566667
1.600000 1.633333 1.666667 1.700000 1.733333 1.766667 1.800000 1.833333 1.866667 1.900000 1.933333 1.966667 2.000000 2.033333 2.066667 2.100000
2.133333 2.166667 2.200000 2.233333 2.266667 2.300000 2.333333 2.366667 2.400000 2.433333 2.466667 2.500000 2.533333 2.566667 2.600000 2.633333
2.666667 2.700000 2.733333 2.766667 2.800000 2.833333 2.866667 2.900000 2.933333 2.966667 3.000000 3.033333 3.066667 3.100000 3.133333 3.166667
3.200000 3.233333 3.266667 3.300000 3.333333 3.366667 3.400000 3.433333 3.466667 3.500000 3.533333 3.566667 3.600000 3.633333 3.666667 3.700000
3.733333 3.766667 3.800000 3.833333 3.866667 3.900000 3.933333 3.966667 4.000000 4.033333 4.066667 4.100000 4.133333 4.166667 4.200000 4.233333
4.266667 4.300000 4.333333 4.366667 4.400000 4.433333 4.466667</float_array>
        <technique_common>
          <accessor source="#mixamorig_Hips-Matrix-animation-input-array" count="135">
            <param name="TIME" type="float"/>
          </accessor>
        </technique_common>
      </source>
      <source id="mixamorig_Hips-Matrix-animation-output-transform">
        <float_array id="mixamorig_Hips-Matrix-animation-output-transform-array" count="2160">

0.993371 0.059191 -0.098540 -1.672567 -0.055876 0.997786 0.036073 111.157440 0.100457 -0.030328 0.994479 -0.033436 0.000000 0.000000 0.000000 1.000000
0.993262 0.059243 -0.099601 -1.654390 -0.055903 0.997787 0.035998 111.154022 0.101513 -0.030188 0.994376 -0.098375 0.000000 0.000000 0.000000 1.000000
0.993186 0.059269 -0.100339 -1.639493 -0.055913 0.997789 0.035937 111.148705 0.102247 -0.030082 0.994304 -0.165178 0.000000 0.000000 0.000000 1.000000
0.993144 0.059283 -0.100748 -1.628617 -0.055917 0.997790 0.035907 111.141151 0.102654 -0.030027 0.994264 -0.231819 0.000000 0.000000 0.000000 1.000000
0.993127 0.059295 -0.100908 -1.622871 -0.055914 0.997786 0.036011 111.132484 0.102820 -0.030121 0.994244 -0.294295 0.000000 0.000000 0.000000 1.000000
0.993144 0.059317 -0.100732 -1.622347 -0.055917 0.997777 0.036258 111.125793 0.102659 -0.030377 0.994253 -0.347918 0.000000 0.000000 0.000000 1.000000
0.993190 0.059343 -0.100264 -1.625963 -0.055927 0.997766 0.036552 111.121628 0.102209 -0.030695 0.994289 -0.388733 0.000000 0.000000 0.000000 1.000000
0.993239 0.059354 -0.099762 -1.631805 -0.055923 0.997755 0.036851 111.116920 0.101726 -0.031023 0.994329 -0.417239 0.000000 0.000000 0.000000 1.000000
0.993276 0.059352 -0.099402 -1.641201 -0.055903 0.997745 0.037134 111.110687 0.101382 -0.031327 0.994354 -0.438038 0.000000 0.000000 0.000000 1.000000
0.993321 0.059346 -0.098954 -1.655167 -0.055883 0.997736 0.037409 111.104721 0.100950 -0.031629 0.994389 -0.453648 0.000000 0.000000 0.000000 1.000000
0.993394 0.059327 -0.098227 -1.670980 -0.055863 0.997728 0.037654 111.098701 0.100238 -0.031918 0.994451 -0.463996 0.000000 0.000000 0.000000 1.000000
0.993477 0.059290 -0.097406 -1.689462 -0.055844 0.997726 0.037739 111.093063 0.099422 -0.032053 0.994529 -0.468732 0.000000 0.000000 0.000000 1.000000
0.993555 0.059246 -0.096639 -1.710642 -0.055821 0.997726 0.037777 111.088333 0.098658 -0.032139 0.994602 -0.466233 0.000000 0.000000 0.000000 1.000000
0.993623 0.059185 -0.095968 -1.731146 -0.055781 0.997728 0.037775 111.083481 0.097986 -0.032181 0.994667 -0.455656 0.000000 0.000000 0.000000 1.000000
0.993691 0.059096 -0.095320 -1.749997 -0.055717 0.997733 0.037738 111.079262 0.097334 -0.032189 0.994731 -0.439520 0.000000 0.000000 0.000000 1.000000
0.993754 0.059013 -0.094710 -1.768802 -0.055659 0.997739 0.037673 111.076500 0.096719 -0.032166 0.994792 -0.417430 0.000000 0.000000 0.000000 1.000000
0.993815 0.058935 -0.094116 -1.789095 -0.055609 0.997745 0.037586 111.074303 0.096119 -0.032120 0.994851 -0.387267 0.000000 0.000000 0.000000 1.000000
0.993882 0.058833 -0.093468 -1.809880 -0.055551 0.997757 0.037342 111.072807 0.095456 -0.031921 0.994922 -0.350246 0.000000 0.000000 0.000000 1.000000
0.993945 0.058757 -0.092851 -1.829910 -0.055526 0.997771 0.037012 111.072464 0.094819 -0.031632 0.994992 -0.308126 0.000000 0.000000 0.000000 1.000000
0.993991 0.058728 -0.092375 -1.849172 -0.055518 0.997774 0.036945 111.073685 0.094339 -0.031595 0.995039 -0.261485 0.000000 0.000000 0.000000 1.000000
0.994019 0.058715 -0.092075 -1.867124 -0.055512 0.997773 0.036970 111.075798 0.094041 -0.031638 0.995065 -0.213483 0.000000 0.000000 0.000000 1.000000
0.994041 0.058684 -0.091863 -1.883044 -0.055506 0.997781 0.036780 111.077988 0.093817 -0.031461 0.995092 -0.163618 0.000000 0.000000 0.000000 1.000000
0.994061 0.058624 -0.091688 -1.895179 -0.055484 0.997795 0.036426 111.079887 0.093621 -0.031123 0.995121 -0.109135 0.000000 0.000000 0.000000 1.000000
0.994066 0.058532 -0.091689 -1.905007 -0.055431 0.997813 0.036009 111.082443 0.093596 -0.030713 0.995136 -0.054736 0.000000 0.000000 0.000000 1.000000
0.994048 0.058443 -0.091935 -1.912173 -0.055369 0.997830 0.035642 111.086906 0.093818 -0.030340 0.995127 -0.001057 0.000000 0.000000 0.000000 1.000000
0.994010 0.058318 -0.092431 -1.913530 -0.055266 0.997850 0.035236 111.092552 0.094287 -0.029916 0.995095 0.054307 0.000000 0.000000 0.000000 1.000000
0.993956 0.058240 -0.093053 -1.910463 -0.055225 0.997872 0.034656 111.099007 0.094874 -0.029308 0.995058 0.108817 0.000000 0.000000 0.000000 1.000000
0.993912 0.058094 -0.093618 -1.906059 -0.055107 0.997895 0.034185 111.105270 0.095407 -0.028818 0.995021 0.159280 0.000000 0.000000 0.000000 1.000000
0.993884 0.057816 -0.094081 -1.900166 -0.054843 0.997920 0.033887 111.110214 0.095845 -0.028520 0.994988 0.205198 0.000000 0.000000 0.000000 1.000000
0.993869 0.057596 -0.094376 -1.891098 -0.054639 0.997940 0.033619 111.114861 0.096118 -0.028256 0.994969 0.247294 0.000000 0.000000 0.000000 1.000000
0.993861 0.057527 -0.094503 -1.879385 -0.054593 0.997952 0.033350 111.120453 0.096228 -0.027986 0.994966 0.288250 0.000000 0.000000 0.000000 1.000000
0.993860 0.057439 -0.094569 -1.866958 -0.054542 0.997968 0.032945 111.125946 0.096269 -0.027584 0.994973 0.330014 0.000000 0.000000 0.000000 1.000000
0.993852 0.057339 -0.094716 -1.854086 -0.054490 0.997989 0.032395 111.129837 0.096383 -0.027035 0.994977 0.370623 0.000000 0.000000 0.000000 1.000000
0.993823 0.057272 -0.095054 -1.841332 -0.054459 0.998005 0.031929 111.133728 0.096693 -0.026555 0.994960 0.408662 0.000000 0.000000 0.000000 1.000000
0.993793 0.057259 -0.095377 -1.830294 -0.054452 0.998010 0.031782 111.139671 0.097007 -0.026391 0.994934 0.444727 0.000000 0.000000 0.000000 1.000000
0.993776 0.057265 -0.095550 -1.821171 -0.054457 0.998011 0.031748 111.144905 0.097178 -0.026347 0.994918 0.476634 0.000000 0.000000 0.000000 1.000000
0.993765 0.057264 -0.095667 -1.812662 -0.054478 0.998018 0.031489 111.148903 0.097281 -0.026081 0.994915 0.505380 0.000000 0.000000 0.000000 1.000000
0.993746 0.057266 -0.095857 -1.803895 -0.054517 0.998030 0.031055 111.153442 0.097447 -0.025635 0.994911 0.535972 0.000000 0.000000 0.000000 1.000000
0.993718 0.057308 -0.096129 -1.796207 -0.054588 0.998037 0.030696 111.158112 0.097700 -0.025255 0.994895 0.567494 0.000000 0.000000 0.000000 1.000000
0.993697 0.057396 -0.096294 -1.788433 -0.054697 0.998039 0.030445 111.163071 0.097852 -0.024986 0.994887 0.598233 0.000000 0.000000 0.000000 1.000000
0.993687 0.057495 -0.096336 -1.780212 -0.054831 0.998043 0.030078 111.168945 0.097877 -0.024606 0.994894 0.628679 0.000000 0.000000 0.000000 1.000000
0.993677 0.057623 -0.096357 -1.773833 -0.054996 0.998045 0.029701 111.175232 0.097880 -0.024214 0.994904 0.656785 0.000000 0.000000 0.000000 1.000000
0.993671 0.057710 -0.096368 -1.767626 -0.055091 0.998042 0.029619 111.179909 0.097888 -0.024122 0.994905 0.681228 0.000000 0.000000 0.000000 1.000000
0.993668 0.057762 -0.096375 -1.759121 -0.055141 0.998038 0.029647 111.183662 0.097898 -0.024145 0.994904 0.705396 0.000000 0.000000 0.000000 1.000000
0.993663 0.057820 -0.096386 -1.749413 -0.055189 0.998033 0.029738 111.187935 0.097916 -0.024230 0.994900 0.729465 0.000000 0.000000 0.000000 1.000000
0.993657 0.057887 -0.096407 -1.739621 -0.055241 0.998026 0.029887 111.193146 0.097946 -0.024372 0.994893 0.753588 0.000000 0.000000 0.000000 1.000000
0.993648 0.057982 -0.096442 -1.728505 -0.055291 0.998009 0.030346 111.198685 0.098010 -0.024821 0.994876 0.778844 0.000000 0.000000 0.000000 1.000000
0.993634 0.058110 -0.096515 -1.716507 -0.055333 0.997980 0.031208 111.202484 0.098134 -0.025669 0.994842 0.798047 0.000000 0.000000 0.000000 1.000000
0.993599 0.058291 -0.096760 -1.706485 -0.055372 0.997934 0.032583 111.205467 0.098459 -0.027017 0.994774 0.802285 0.000000 0.000000 0.000000 1.000000
0.993558 0.058501 -0.097060 -1.696834 -0.055448 0.997887 0.033853 111.211136 0.098836 -0.028253 0.994703 0.791762 0.000000 0.000000 0.000000 1.000000
0.993548 0.058655 -0.097072 -1.682091 -0.055582 0.997873 0.034064 111.217316 0.098863 -0.028448 0.994694 0.775385 0.000000 0.000000 0.000000 1.000000
0.993541 0.058739 -0.097085 -1.658940 -0.055754 0.997893 0.033174 111.222420 0.098829 -0.027546 0.994723 0.767175 0.000000 0.000000 0.000000 1.000000
0.993496 0.058822 -0.097502 -1.626002 -0.055982 0.997931 0.031615 111.230774 0.099160 -0.025951 0.994733 0.774834 0.000000 0.000000 0.000000 1.000000
0.993403 0.058976 -0.098349 -1.588538 -0.056297 0.997969 0.029801 111.244034 0.099907 -0.024068 0.994706 0.798037 0.000000 0.000000 0.000000 1.000000
0.993316 0.059158 -0.099118 -1.553873 -0.056597 0.997992 0.028455 111.259972 0.100602 -0.022656 0.994669 0.842565 0.000000 0.000000 0.000000 1.000000
0.993242 0.059418 -0.099694 -1.524479 -0.056865 0.997982 0.028265 111.277939 0.101172 -0.022405 0.994617 0.910566 0.000000 0.000000 0.000000 1.000000
0.993156 0.059876 -0.100275 -1.503599 -0.057174 0.997925 0.029611 111.297958 0.101840 -0.023676 0.994519 0.994590 0.000000 0.000000 0.000000 1.000000
0.993082 0.060155 -0.100846 -1.492111 -0.057180 0.997847 0.032132 111.313171 0.102562 -0.026143 0.994383 1.093161 0.000000 0.000000 0.000000 1.000000
0.993067 0.059990 -0.101089 -1.487329 -0.056666 0.997764 0.035440 111.321007 0.102989 -0.029466 0.994246 1.216795 0.000000 0.000000 0.000000 1.000000
0.993054 0.059622 -0.101435 -1.488644 -0.055836 0.997648 0.039761 111.328011 0.103567 -0.033821 0.994047 1.365745 0.000000 0.000000 0.000000 1.000000
0.993006 0.059516 -0.101965 -1.499812 -0.055236 0.997490 0.044301 111.335533 0.104345 -0.038359 0.993801 1.526983 0.000000 0.000000 0.000000 1.000000
0.993013 0.059603 -0.101848 -1.524629 -0.054898 0.997318 0.048396 111.337341 0.104459 -0.042466 0.993622 1.694970 0.000000 0.000000 0.000000 1.000000
0.992976 0.059495 -0.102271 -1.552214 -0.054322 0.997135 0.052646 111.334160 0.105110 -0.046721 0.993362 1.869352 0.000000 0.000000 0.000000 1.000000
0.992704 0.058785 -0.105279 -1.556912 -0.053058 0.996997 0.056403 111.332169 0.108278 -0.050406 0.992842 2.043176 0.000000 0.000000 0.000000 1.000000
0.992357 0.056755 -0.109572 -1.542711 -0.050377 0.996919 0.060127 111.324203 0.112647 -0.054148 0.992159 2.210113 0.000000 0.000000 0.000000 1.000000
0.992165 0.053414 -0.112941 -1.532247 -0.046288 0.996824 0.064803 111.305084 0.116043 -0.059067 0.991486 2.369146 0.000000 0.000000 0.000000 1.000000
0.992039 0.050363 -0.115423 -1.522049 -0.042523 0.996682 0.069409 111.283226 0.118536 -0.063949 0.990888 2.500543 0.000000 0.000000 0.000000 1.000000
0.991893 0.048714 -0.117371 -1.503920 -0.040316 0.996525 0.072892 111.266914 0.120514 -0.067570 0.990409 2.593744 0.000000 0.000000 0.000000 1.000000
0.991803 0.048033 -0.118406 -1.485027 -0.039230 0.996367 0.075591 111.257744 0.121606 -0.070327 0.990084 2.672396 0.000000 0.000000 0.000000 1.000000
0.991749 0.048111 -0.118825 -1.468318 -0.038990 0.996197 0.077922 111.256203 0.122122 -0.072646 0.989853 2.748668 0.000000 0.000000 0.000000 1.000000
0.991709 0.048339 -0.119068 -1.449009 -0.038907 0.996011 0.080299 111.260025 0.122474 -0.075000 0.989634 2.826245 0.000000 0.000000 0.000000 1.000000
0.991739 0.047731 -0.119064 -1.422995 -0.037952 0.995819 0.083088 111.264938 0.122532 -0.077883 0.989404 2.913181 0.000000 0.000000 0.000000 1.000000
0.991792 0.046827 -0.118977 -1.396823 -0.036761 0.995666 0.085430 111.271065 0.122461 -0.080355 0.989215 2.992137 0.000000 0.000000 0.000000 1.000000
0.991826 0.046323 -0.118893 -1.374246 -0.036099 0.995576 0.086754 111.275688 0.122386 -0.081753 0.989110 3.039521 0.000000 0.000000 0.000000 1.000000
0.991848 0.045837 -0.118896 -1.343454 -0.035506 0.995523 0.087600 111.277756 0.122379 -0.082665 0.989035 3.060115 0.000000 0.000000 0.000000 1.000000
0.991861 0.044843 -0.119169 -1.294828 -0.034410 0.995507 0.088214 111.278473 0.122590 -0.083396 0.988947 3.063953 0.000000 0.000000 0.000000 1.000000
0.991874 0.043259 -0.119644 -1.236164 -0.032759 0.995549 0.088374 111.276237 0.122934 -0.083736 0.988876 3.051746 0.000000 0.000000 0.000000 1.000000
0.991960 0.041462 -0.119567 -1.177288 -0.030990 0.995625 0.088153 111.273064 0.122699 -0.083738 0.988905 3.028939 0.000000 0.000000 0.000000 1.000000
0.992122 0.040116 -0.118677 -1.126662 -0.029747 0.995686 0.087887 111.273613 0.121690 -0.083665 0.989036 3.006708 0.000000 0.000000 0.000000 1.000000
0.992327 0.039501 -0.117165 -1.090994 -0.029232 0.995682 0.088104 111.277634 0.120139 -0.084003 0.989197 2.988169 0.000000 0.000000 0.000000 1.000000
0.992579 0.039274 -0.115081 -1.071359 -0.029081 0.995611 0.088953 111.280830 0.118070 -0.084946 0.989365 2.964505 0.000000 0.000000 0.000000 1.000000
0.992860 0.039459 -0.112569 -1.074412 -0.029407 0.995543 0.089604 111.282883 0.115603 -0.085654 0.989596 2.936862 0.000000 0.000000 0.000000 1.000000
0.993163 0.040092 -0.109634 -1.098756 -0.030257 0.995487 0.089943 111.284103 0.112745 -0.086011 0.989894 2.917225 0.000000 0.000000 0.000000 1.000000
0.993516 0.040923 -0.106077 -1.132079 -0.031293 0.995368 0.090904 111.283752 0.109305 -0.086996 0.990194 2.905472 0.000000 0.000000 0.000000 1.000000
0.993897 0.041826 -0.102080 -1.171201 -0.032421 0.995220 0.092114 111.279350 0.105444 -0.088243 0.990502 2.896036 0.000000 0.000000 0.000000 1.000000
0.994245 0.042897 -0.098163 -1.218195 -0.033753 0.995094 0.092995 111.270828 0.101670 -0.089146 0.990816 2.883667 0.000000 0.000000 0.000000 1.000000
0.994562 0.043757 -0.094511 -1.265939 -0.034861 0.994980 0.093807 111.262535 0.098141 -0.090002 0.991094 2.875068 0.000000 0.000000 0.000000 1.000000
0.994816 0.043930 -0.091716 -1.300122 -0.035233 0.994913 0.094380 111.256760 0.095395 -0.090659 0.991303 2.874925 0.000000 0.000000 0.000000 1.000000
0.994950 0.043575 -0.090423 -1.315997 -0.035030 0.994954 0.094022 111.254379 0.094064 -0.090379 0.991455 2.882069 0.000000 0.000000 0.000000 1.000000
0.995021 0.042889 -0.089968 -1.320640 -0.034502 0.995088 0.092789 111.257042 0.093506 -0.089223 0.991613 2.899323 0.000000 0.000000 0.000000 1.000000
0.995114 0.042154 -0.089284 -1.321687 -0.033974 0.995249 0.091240 111.262321 0.092706 -0.087761 0.991818 2.923487 0.000000 0.000000 0.000000 1.000000
0.995254 0.041647 -0.087953 -1.324288 -0.033737 0.995408 0.089582 111.267357 0.091279 -0.086190 0.992088 2.948655 0.000000 0.000000 0.000000 1.000000
0.995445 0.041493 -0.085834 -1.330109 -0.033934 0.995567 0.087723 111.271980 0.089093 -0.084411 0.992440 2.971371 0.000000 0.000000 0.000000 1.000000
0.995695 0.041627 -0.082822 -1.339621 -0.034483 0.995708 0.085888 111.278351 0.086042 -0.082662 0.992856 3.000872 0.000000 0.000000 0.000000 1.000000
0.995976 0.042007 -0.079162 -1.355263 -0.035300 0.995814 0.084307 111.286736 0.082372 -0.081173 0.993290 3.043959 0.000000 0.000000 0.000000 1.000000
0.996236 0.042470 -0.075565 -1.375242 -0.036160 0.995894 0.082995 111.295143 0.078780 -0.079950 0.993681 3.096960 0.000000 0.000000 0.000000 1.000000
0.996414 0.042840 -0.072960 -1.390401 -0.036832 0.995968 0.081799 111.304581 0.076170 -0.078819 0.993975 3.161987 0.000000 0.000000 0.000000 1.000000
0.996495 0.042973 -0.071764 -1.397709 -0.037119 0.996023 0.080999 111.313286 0.074959 -0.078052 0.994127 3.243284 0.000000 0.000000 0.000000 1.000000
0.996467 0.043024 -0.072126 -1.400238 -0.037165 0.996046 0.080690 111.319229 0.075313 -0.077724 0.994126 3.327725 0.000000 0.000000 0.000000 1.000000
0.996338 0.043108 -0.073843 -1.397531 -0.037148 0.996081 0.080262 111.324554 0.077013 -0.077225 0.994035 3.402245 0.000000 0.000000 0.000000 1.000000
0.996148 0.043160 -0.076328 -1.388613 -0.037060 0.996137 0.079610 111.329933 0.079469 -0.076475 0.993900 3.471161 0.000000 0.000000 0.000000 1.000000
0.995942 0.043043 -0.079031 -1.376219 -0.036815 0.996223 0.078641 111.334412 0.082117 -0.075412 0.993765 3.534428 0.000000 0.000000 0.000000 1.000000
0.995753 0.042864 -0.081478 -1.362448 -0.036558 0.996332 0.077372 111.338982 0.084496 -0.074064 0.993667 3.592695 0.000000 0.000000 0.000000 1.000000
0.995622 0.042663 -0.083171 -1.348091 -0.036341 0.996438 0.076095 111.345291 0.086121 -0.072739 0.993626 3.654477 0.000000 0.000000 0.000000 1.000000
0.995585 0.042304 -0.083796 -1.337198 -0.036026 0.996528 0.075062 111.352615 0.086680 -0.071711 0.993652 3.721514 0.000000 0.000000 0.000000 1.000000
0.995623 0.042076 -0.083454 -1.331964 -0.035879 0.996582 0.074415 111.362549 0.086300 -0.071095 0.993729 3.788543 0.000000 0.000000 0.000000 1.000000
0.995688 0.042423 -0.082496 -1.329003 -0.036344 0.996608 0.073838 111.377281 0.085349 -0.070522 0.993852 3.851524 0.000000 0.000000 0.000000 1.000000
0.995757 0.043197 -0.081251 -1.325058 -0.037278 0.996635 0.073000 111.389061 0.084131 -0.069661 0.994017 3.907162 0.000000 0.000000 0.000000 1.000000
0.995864 0.044132 -0.079412 -1.323012 -0.038386 0.996630 0.072492 111.397141 0.082344 -0.069144 0.994202 3.950069 0.000000 0.000000 0.000000 1.000000
0.995996 0.044762 -0.077384 -1.318206 -0.039146 0.996591 0.072620 111.404686 0.080371 -0.069300 0.994353 3.982156 0.000000 0.000000 0.000000 1.000000
0.996037 0.044897 -0.076773 -1.297339 -0.039343 0.996600 0.072391 111.409927 0.079762 -0.069084 0.994417 4.006621 0.000000 0.000000 0.000000 1.000000
0.995998 0.045083 -0.077175 -1.264197 -0.039563 0.996647 0.071621 111.414520 0.080145 -0.068282 0.994442 4.018188 0.000000 0.000000 0.000000 1.000000
0.995939 0.045302 -0.077797 -1.222067 -0.039797 0.996689 0.070907 111.418877 0.080751 -0.067523 0.994445 4.021845 0.000000 0.000000 0.000000 1.000000
0.995851 0.045342 -0.078894 -1.172700 -0.039812 0.996730 0.070312 111.421555 0.081824 -0.066879 0.994400 4.018095 0.000000 0.000000 0.000000 1.000000
0.995732 0.045687 -0.080192 -1.126371 -0.040137 0.996774 0.069502 111.422646 0.083109 -0.065987 0.994353 3.998504 0.000000 0.000000 0.000000 1.000000
0.995612 0.046068 -0.081457 -1.079684 -0.040523 0.996830 0.068462 111.421638 0.084353 -0.064861 0.994323 3.973575 0.000000 0.000000 0.000000 1.000000
0.995503 0.045891 -0.082875 -1.023042 -0.040357 0.996919 0.067256 111.421532 0.085706 -0.063609 0.994288 3.959768 0.000000 0.000000 0.000000 1.000000
0.995470 0.045745 -0.083349 -0.972227 -0.040248 0.996976 0.066471 111.421257 0.086137 -0.062815 0.994301 3.945228 0.000000 0.000000 0.000000 1.000000
0.995487 0.046004 -0.083002 -0.935918 -0.040546 0.996977 0.066276 111.420364 0.085800 -0.062612 0.994343 3.918506 0.000000 0.000000 0.000000 1.000000
0.995483 0.046396 -0.082829 -0.907795 -0.040954 0.996963 0.066235 111.419502 0.085651 -0.062544 0.994360 3.882869 0.000000 0.000000 0.000000 1.000000
0.995447 0.046769 -0.083057 -0.885756 -0.041305 0.996942 0.066329 111.418900 0.085906 -0.062596 0.994335 3.846385 0.000000 0.000000 0.000000 1.000000
0.995362 0.047267 -0.083782 -0.866774 -0.041742 0.996912 0.066520 111.418343 0.086667 -0.062715 0.994261 3.809893 0.000000 0.000000 0.000000 1.000000
0.995250 0.048147 -0.084615 -0.849602 -0.042572 0.996877 0.066505 111.417183 0.087552 -0.062587 0.994192 3.763479 0.000000 0.000000 0.000000 1.000000
0.995151 0.049272 -0.085126 -0.833830 -0.043661 0.996827 0.066557 111.415352 0.088135 -0.062517 0.994145 3.704561 0.000000 0.000000 0.000000 1.000000
0.995084 0.050044 -0.085457 -0.812147 -0.044396 0.996781 0.066761 111.413963 0.088523 -0.062638 0.994103 3.639606 0.000000 0.000000 0.000000 1.000000
0.995018 0.050424 -0.086009 -0.782754 -0.044749 0.996771 0.066677 111.413185 0.089093 -0.062496 0.994061 3.568801 0.000000 0.000000 0.000000 1.000000
0.994924 0.050582 -0.086992 -0.748648 -0.044875 0.996786 0.066356 111.413002 0.090069 -0.062116 0.993997 3.491486 0.000000 0.000000 0.000000 1.000000
0.994831 0.050545 -0.088070 -0.710430 -0.044781 0.996798 0.066247 111.413437 0.091137 -0.061961 0.993909 3.412759 0.000000 0.000000 0.000000 1.000000
0.994737 0.050727 -0.089022 -0.676530 -0.044923 0.996806 0.066032 111.413414 0.092087 -0.061685 0.993838 3.327967 0.000000 0.000000 0.000000 1.000000
0.994654 0.051551 -0.089475 -0.657872 -0.045779 0.996808 0.065402 111.411949 0.092561 -0.060956 0.993839 3.235818 0.000000 0.000000 0.000000 1.000000
0.994650 0.052675 -0.088869 -0.654496 -0.046987 0.996783 0.064933 111.409683 0.092003 -0.060410 0.993925 3.145908 0.000000 0.000000 0.000000 1.000000
0.994723 0.053672 -0.087439 -0.661584 -0.048060 0.996722 0.065079 111.407570 0.090646 -0.060534 0.994042 3.058916 0.000000 0.000000 0.000000 1.000000
0.994817 0.054398 -0.085912 -0.676241 -0.048823 0.996643 0.065713 111.405952 0.089198 -0.061178 0.994133 2.971072 0.000000 0.000000 0.000000 1.000000
0.994819 0.055063 -0.085460 -0.696872 -0.049478 0.996582 0.066148 111.404251 0.088810 -0.061577 0.994143 2.879128 0.000000 0.000000 0.000000 1.000000
0.994706 0.055702 -0.086356 -0.719156 -0.050051 0.996545 0.066281 111.403435 0.089750 -0.061608 0.994057 2.787108 0.000000 0.000000 0.000000 1.000000</float_array>
        <technique_common>
          <accessor source="#mixamorig_Hips-Matrix-animation-output-transform-array" count="135" stride="16">
            <param type="float4x4"/>
          </accessor>
        </technique_common>
      </source>
      <source id="mixamorig_Hips-Interpolations">
        <Name_array id="mixamorig_Hips-Interpolations-array" count="135">
 LINEAR LINEAR LINEAR LINEAR LINEAR LINEAR LINEAR LINEAR LINEAR LINEAR LINEAR
LINEAR LINEAR LINEAR LINEAR LINEAR LINEAR LINEAR LINEAR LINEAR LINEAR LINEAR LINEAR
LINEAR LINEAR LINEAR LINEAR LINEAR LINEAR LINEAR LINEAR LINEAR LINEAR LINEAR LINEAR
LINEAR LINEAR LINEAR LINEAR LINEAR LINEAR LINEAR LINEAR LINEAR LINEAR LINEAR LINEAR
LINEAR LINEAR LINEAR LINEAR LINEAR LINEAR LINEAR LINEAR LINEAR LINEAR LINEAR LINEAR
LINEAR LINEAR LINEAR LINEAR LINEAR LINEAR LINEAR LINEAR LINEAR LINEAR LINEAR LINEAR
LINEAR LINEAR LINEAR LINEAR LINEAR LINEAR LINEAR LINEAR LINEAR LINEAR LINEAR LINEAR
LINEAR LINEAR LINEAR LINEAR LINEAR LINEAR LINEAR LINEAR LINEAR LINEAR LINEAR LINEAR
LINEAR LINEAR LINEAR LINEAR LINEAR LINEAR LINEAR LINEAR LINEAR LINEAR LINEAR LINEAR
LINEAR LINEAR LINEAR LINEAR LINEAR LINEAR LINEAR LINEAR LINEAR LINEAR LINEAR LINEAR
LINEAR LINEAR LINEAR LINEAR LINEAR LINEAR LINEAR LINEAR LINEAR LINEAR LINEAR LINEAR
LINEAR LINEAR LINEAR LINEAR</Name_array>
        <technique_common>
          <accessor source="#mixamorig_Hips-Interpolations-array" count="135">
            <param type="name"/>
          </accessor>
        </technique_common>
      </source>
      <sampler id="mixamorig_Hips-Matrix-animation-transform">
        <input semantic="INPUT" source="#mixamorig_Hips-Matrix-animation-input"/>
        <input semantic="OUTPUT" source="#mixamorig_Hips-Matrix-animation-output-transform"/>
        <input semantic="INTERPOLATION" source="#mixamorig_Hips-Interpolations"/>
      </sampler>
      <channel source="#mixamorig_Hips-Matrix-animation-transform" target="mixamorig_Hips/matrix"/>
    </animation>
    <animation id="mixamorig_Spine-anim" name="mixamorig_Spine">
      <source id="mixamorig_Spine-Matrix-animation-input">
        <float_array id="mixamorig_Spine-Matrix-animation-input-array" count="135">

0.000000 0.033333 0.066667 0.100000 0.133333 0.166667 0.200000 0.233333 0.266667 0.300000 0.333333 0.366667 0.400000 0.433333 0.466667 0.500000
0.533333 0.566667 0.600000 0.633333 0.666667 0.700000 0.733333 0.766667 0.800000 0.833333 0.866667 0.900000 0.933333 0.966667 1.000000 1.033333
1.066667 1.100000 1.133333 1.166667 1.200000 1.233333 1.266667 1.300000 1.333333 1.366667 1.400000 1.433333 1.466667 1.500000 1.533333 1.566667
1.600000 1.633333 1.666667 1.700000 1.733333 1.766667 1.800000 1.833333 1.866667 1.900000 1.933333 1.966667 2.000000 2.033333 2.066667 2.100000
2.133333 2.166667 2.200000 2.233333 2.266667 2.300000 2.333333 2.366667 2.400000 2.433333 2.466667 2.500000 2.533333 2.566667 2.600000 2.633333
2.666667 2.700000 2.733333 2.766667 2.800000 2.833333 2.866667 2.900000 2.933333 2.966667 3.000000 3.033333 3.066667 3.100000 3.133333 3.166667
3.200000 3.233333 3.266667 3.300000 3.333333 3.366667 3.400000 3.433333 3.466667 3.500000 3.533333 3.566667 3.600000 3.633333 3.666667 3.700000
3.733333 3.766667 3.800000 3.833333 3.866667 3.900000 3.933333 3.966667 4.000000 4.033333 4.066667 4.100000 4.133333 4.166667 4.200000 4.233333
4.266667 4.300000 4.333333 4.366667 4.400000 4.433333 4.466667</float_array>
        <technique_common>
          <accessor source="#mixamorig_Spine-Matrix-animation-input-array" count="135">
            <param name="TIME" type="float"/>
          </accessor>
        </technique_common>
      </source>
      <source id="mixamorig_Spine-Matrix-animation-output-transform">
        <float_array id="mixamorig_Spine-Matrix-animation-output-transform-array" count="2160">

0.998924 -0.040042 0.023390 0.000400 0.040557 0.998936 -0.021974 10.664600 -0.022485 0.022899 0.999485 -0.060300 0.000000 0.000000 0.000000 1.000000
0.998917 -0.040053 0.023665 0.000400 0.040587 0.998922 -0.022521 10.664600 -0.022738 0.023457 0.999466 -0.060300 0.000000 0.000000 0.000000 1.000000
0.998913 -0.039991 0.023939 0.000400 0.040544 0.998912 -0.023048 10.664600 -0.022992 0.023993 0.999448 -0.060300 0.000000 0.000000 0.000000 1.000000
0.998910 -0.039912 0.024200 0.000400 0.040483 0.998901 -0.023606 10.664600 -0.023232 0.024560 0.999428 -0.060300 0.000000 0.000000 0.000000 1.000000
0.998910 -0.039774 0.024426 0.000400 0.040370 0.998886 -0.024419 10.664600 -0.023427 0.025379 0.999403 -0.060300 0.000000 0.000000 0.000000 1.000000
0.998915 -0.039614 0.024487 0.000400 0.040231 0.998872 -0.025221 10.664600 -0.023460 0.026179 0.999382 -0.060300 0.000000 0.000000 0.000000 1.000000
0.998919 -0.039482 0.024524 0.000400 0.040112 0.998863 -0.025769 10.664600 -0.023478 0.026725 0.999367 -0.060300 0.000000 0.000000 0.000000 1.000000
0.998922 -0.039270 0.024756 0.000400 0.039915 0.998861 -0.026130 10.664600 -0.023702 0.027090 0.999352 -0.060300 0.000000 0.000000 0.000000 1.000000
0.998921 -0.038980 0.025242 0.000400 0.039646 0.998863 -0.026464 10.664600 -0.024182 0.027436 0.999331 -0.060300 0.000000 0.000000 0.000000 1.000000
0.998920 -0.038709 0.025684 0.000400 0.039395 0.998864 -0.026793 10.664600 -0.024618 0.027776 0.999311 -0.060300 0.000000 0.000000 0.000000 1.000000
0.998921 -0.038448 0.026048 0.000400 0.039153 0.998866 -0.027084 10.664600 -0.024978 0.028075 0.999294 -0.060300 0.000000 0.000000 0.000000 1.000000
0.998919 -0.038230 0.026436 0.000400 0.038950 0.998870 -0.027250 10.664600 -0.025364 0.028251 0.999279 -0.060300 0.000000 0.000000 0.000000 1.000000
0.998915 -0.038024 0.026876 0.000400 0.038758 0.998875 -0.027341 10.664600 -0.025806 0.028353 0.999265 -0.060300 0.000000 0.000000 0.000000 1.000000
0.998908 -0.037757 0.027513 0.000400 0.038509 0.998884 -0.027355 10.664600 -0.026449 0.028385 0.999247 -0.060300 0.000000 0.000000 0.000000 1.000000
0.998900 -0.037549 0.028075 0.000400 0.038313 0.998895 -0.027210 10.664600 -0.027022 0.028256 0.999235 -0.060300 0.000000 0.000000 0.000000 1.000000
0.998894 -0.037453 0.028425 0.000400 0.038221 0.998905 -0.026967 10.664600 -0.027384 0.028024 0.999232 -0.060300 0.000000 0.000000 0.000000 1.000000
0.998891 -0.037261 0.028780 0.000400 0.038033 0.998919 -0.026726 10.664600 -0.027753 0.027791 0.999228 -0.060300 0.000000 0.000000 0.000000 1.000000
0.998890 -0.037008 0.029149 0.000400 0.037775 0.998942 -0.026222 10.664600 -0.028148 0.027294 0.999231 -0.060300 0.000000 0.000000 0.000000 1.000000
0.998887 -0.036903 0.029387 0.000400 0.037657 0.998964 -0.025558 10.664600 -0.028414 0.026636 0.999241 -0.060300 0.000000 0.000000 0.000000 1.000000
0.998885 -0.036860 0.029500 0.000400 0.037607 0.998975 -0.025184 10.664600 -0.028542 0.026265 0.999247 -0.060300 0.000000 0.000000 0.000000 1.000000
0.998884 -0.036797 0.029601 0.000400 0.037540 0.998983 -0.024976 10.664600 -0.028652 0.026059 0.999250 -0.060300 0.000000 0.000000 0.000000 1.000000
0.998885 -0.036741 0.029662 0.000400 0.037474 0.998996 -0.024542 10.664600 -0.028730 0.025626 0.999259 -0.060300 0.000000 0.000000 0.000000 1.000000
0.998885 -0.036699 0.029709 0.000400 0.037415 0.999014 -0.023889 10.664600 -0.028803 0.024974 0.999273 -0.060300 0.000000 0.000000 0.000000 1.000000
0.998885 -0.036660 0.029746 0.000400 0.037358 0.999031 -0.023253 10.664600 -0.028865 0.024339 0.999287 -0.060300 0.000000 0.000000 0.000000 1.000000
0.998885 -0.036649 0.029762 0.000400 0.037332 0.999045 -0.022721 10.664600 -0.028901 0.023806 0.999299 -0.060300 0.000000 0.000000 0.000000 1.000000
0.998883 -0.036712 0.029744 0.000400 0.037377 0.999057 -0.022096 10.664600 -0.028905 0.023183 0.999313 -0.060300 0.000000 0.000000 0.000000 1.000000
0.998875 -0.036988 0.029682 0.000400 0.037627 0.999065 -0.021276 10.664600 -0.028868 0.022369 0.999333 -0.060300 0.000000 0.000000 0.000000 1.000000
0.998875 -0.037154 0.029481 0.000400 0.037772 0.999072 -0.020686 10.664600 -0.028685 0.021777 0.999351 -0.060300 0.000000 0.000000 0.000000 1.000000
0.998879 -0.037140 0.029348 0.000400 0.037746 0.999079 -0.020401 10.664600 -0.028563 0.021486 0.999361 -0.060300 0.000000 0.000000 0.000000 1.000000
0.998883 -0.037165 0.029164 0.000400 0.037762 0.999083 -0.020174 10.664600 -0.028387 0.021252 0.999371 -0.060300 0.000000 0.000000 0.000000 1.000000
0.998888 -0.037398 0.028724 0.000400 0.037977 0.999081 -0.019879 10.664600 -0.027955 0.020948 0.999390 -0.060300 0.000000 0.000000 0.000000 1.000000
0.998894 -0.037575 0.028269 0.000400 0.038130 0.999085 -0.019367 10.664600 -0.027515 0.020423 0.999413 -0.060300 0.000000 0.000000 0.000000 1.000000
0.998900 -0.037603 0.028017 0.000400 0.038136 0.999097 -0.018735 10.664600 -0.027287 0.019783 0.999432 -0.060300 0.000000 0.000000 0.000000 1.000000
0.998902 -0.037595 0.027956 0.000400 0.038114 0.999106 -0.018274 10.664600 -0.027244 0.019320 0.999442 -0.060300 0.000000 0.000000 0.000000 1.000000
0.998903 -0.037569 0.027940 0.000400 0.038087 0.999108 -0.018255 10.664600 -0.027229 0.019300 0.999443 -0.060300 0.000000 0.000000 0.000000 1.000000
0.998905 -0.037523 0.027942 0.000400 0.038044 0.999107 -0.018358 10.664600 -0.027228 0.019401 0.999441 -0.060300 0.000000 0.000000 0.000000 1.000000
0.998907 -0.037475 0.027953 0.000400 0.037995 0.999110 -0.018313 10.664600 -0.027242 0.019355 0.999441 -0.060300 0.000000 0.000000 0.000000 1.000000
0.998908 -0.037415 0.027967 0.000400 0.037928 0.999118 -0.018029 10.664600 -0.027268 0.019071 0.999446 -0.060300 0.000000 0.000000 0.000000 1.000000
0.998909 -0.037351 0.028030 0.000400 0.037859 0.999125 -0.017795 10.664600 -0.027340 0.018837 0.999449 -0.060300 0.000000 0.000000 0.000000 1.000000
0.998908 -0.037303 0.028114 0.000400 0.037808 0.999129 -0.017669 10.664600 -0.027431 0.018713 0.999449 -0.060300 0.000000 0.000000 0.000000 1.000000
0.998907 -0.037267 0.028222 0.000400 0.037766 0.999136 -0.017357 10.664600 -0.027551 0.018404 0.999451 -0.060300 0.000000 0.000000 0.000000 1.000000
0.998903 -0.037206 0.028436 0.000400 0.037700 0.999144 -0.017043 10.664600 -0.027777 0.018097 0.999450 -0.060300 0.000000 0.000000 0.000000 1.000000
0.998909 -0.037011 0.028492 0.000400 0.037510 0.999149 -0.017177 10.664600 -0.027832 0.018227 0.999446 -0.060300 0.000000 0.000000 0.000000 1.000000
0.998917 -0.036791 0.028485 0.000400 0.037298 0.999151 -0.017482 10.664600 -0.027818 0.018525 0.999441 -0.060300 0.000000 0.000000 0.000000 1.000000
0.998924 -0.036638 0.028446 0.000400 0.037148 0.999155 -0.017591 10.664600 -0.027777 0.018629 0.999441 -0.060300 0.000000 0.000000 0.000000 1.000000
0.998932 -0.036451 0.028409 0.000400 0.036964 0.999159 -0.017761 10.664600 -0.027738 0.018792 0.999439 -0.060300 0.000000 0.000000 0.000000 1.000000
0.998940 -0.036215 0.028410 0.000400 0.036744 0.999156 -0.018336 10.664600 -0.027722 0.019361 0.999428 -0.060300 0.000000 0.000000 0.000000 1.000000
0.998945 -0.036001 0.028506 0.000400 0.036573 0.999135 -0.019805 10.664600 -0.027769 0.020826 0.999397 -0.060300 0.000000 0.000000 0.000000 1.000000
0.998942 -0.035711 0.028982 0.000400 0.036378 0.999077 -0.022825 10.664600 -0.028141 0.023855 0.999319 -0.060300 0.000000 0.000000 0.000000 1.000000
0.998931 -0.035302 0.029828 0.000400 0.036109 0.998985 -0.026945 10.664600 -0.028846 0.027993 0.999192 -0.060300 0.000000 0.000000 0.000000 1.000000
0.998921 -0.034876 0.030673 0.000400 0.035816 0.998888 -0.030650 10.664600 -0.029570 0.031715 0.999059 -0.060300 0.000000 0.000000 0.000000 1.000000
0.998911 -0.034520 0.031398 0.000400 0.035559 0.998818 -0.033153 10.664600 -0.030216 0.034234 0.998957 -0.060300 0.000000 0.000000 0.000000 1.000000
0.998893 -0.034019 0.032503 0.000400 0.035141 0.998783 -0.034596 10.664600 -0.031287 0.035700 0.998873 -0.060300 0.000000 0.000000 0.000000 1.000000
0.998876 -0.033181 0.033854 0.000400 0.034366 0.998795 -0.035039 10.664600 -0.032650 0.036163 0.998812 -0.060300 0.000000 0.000000 0.000000 1.000000
0.998879 -0.031911 0.034969 0.000400 0.033120 0.998853 -0.034567 10.664600 -0.033826 0.035687 0.998790 -0.060300 0.000000 0.000000 0.000000 1.000000
0.998897 -0.030209 0.035952 0.000400 0.031421 0.998940 -0.033626 10.664600 -0.034898 0.034718 0.998788 -0.060300 0.000000 0.000000 0.000000 1.000000
0.998926 -0.028433 0.036587 0.000400 0.029629 0.999030 -0.032578 10.664600 -0.035626 0.033627 0.998799 -0.060300 0.000000 0.000000 0.000000 1.000000
0.998966 -0.026716 0.036784 0.000400 0.027864 0.999129 -0.031067 10.664600 -0.035922 0.032060 0.998840 -0.060300 0.000000 0.000000 0.000000 1.000000
0.999007 -0.025159 0.036761 0.000400 0.026224 0.999241 -0.028796 10.664600 -0.036008 0.029731 0.998909 -0.060300 0.000000 0.000000 0.000000 1.000000
0.999037 -0.024040 0.036695 0.000400 0.025008 0.999346 -0.026136 10.664600 -0.036043 0.027029 0.998985 -0.060300 0.000000 0.000000 0.000000 1.000000
0.999056 -0.023378 0.036626 0.000400 0.024218 0.999450 -0.022668 10.664600 -0.036075 0.023534 0.999072 -0.060300 0.000000 0.000000 0.000000 1.000000
0.999065 -0.023047 0.036590 0.000400 0.023723 0.999554 -0.018156 10.664600 -0.036156 0.019007 0.999165 -0.060300 0.000000 0.000000 0.000000 1.000000
0.999039 -0.024044 0.036652 0.000400 0.024545 0.999610 -0.013294 10.664600 -0.036318 0.014180 0.999240 -0.060300 0.000000 0.000000 0.000000 1.000000
0.998897 -0.027203 0.038262 0.000400 0.027522 0.999591 -0.007812 10.664600 -0.038034 0.008856 0.999237 -0.060300 0.000000 0.000000 0.000000 1.000000
0.998683 -0.030708 0.041097 0.000400 0.030859 0.999519 -0.003038 10.664600 -0.040984 0.004302 0.999151 -0.060300 0.000000 0.000000 0.000000 1.000000
0.998515 -0.033013 0.043331 0.000400 0.033066 0.999453 -0.000494 10.664600 -0.043291 0.001926 0.999061 -0.060300 0.000000 0.000000 0.000000 1.000000
0.998370 -0.035361 0.044796 0.000400 0.035373 0.999374 0.000525 10.664600 -0.044787 0.001060 0.998996 -0.060300 0.000000 0.000000 0.000000 1.000000
0.998217 -0.038020 0.046017 0.000400 0.038000 0.999277 0.001304 10.664600 -0.046033 0.000447 0.998940 -0.060300 0.000000 0.000000 0.000000 1.000000
0.998111 -0.039438 0.047100 0.000400 0.039364 0.999222 0.002484 10.664600 -0.047161 -0.000625 0.998887 -0.060300 0.000000 0.000000 0.000000 1.000000
0.998042 -0.039693 0.048340 0.000400 0.039536 0.999209 0.004210 10.664600 -0.048469 -0.002291 0.998822 -0.060300 0.000000 0.000000 0.000000 1.000000
0.998000 -0.039193 0.049607 0.000400 0.038939 0.999223 0.006087 10.664600 -0.049807 -0.004143 0.998750 -0.060300 0.000000 0.000000 0.000000 1.000000
0.998021 -0.037480 0.050499 0.000400 0.037142 0.999281 0.007624 10.664600 -0.050749 -0.005734 0.998695 -0.060300 0.000000 0.000000 0.000000 1.000000
0.998076 -0.035153 0.051082 0.000400 0.034727 0.999354 0.009211 10.664600 -0.051372 -0.007419 0.998652 -0.060300 0.000000 0.000000 0.000000 1.000000
0.998114 -0.033401 0.051507 0.000400 0.032888 0.999401 0.010777 10.664600 -0.051836 -0.009063 0.998614 -0.060300 0.000000 0.000000 0.000000 1.000000
0.998119 -0.033297 0.051476 0.000400 0.032734 0.999395 0.011750 10.664600 -0.051836 -0.010042 0.998605 -0.060300 0.000000 0.000000 0.000000 1.000000
0.998078 -0.035424 0.050853 0.000400 0.034860 0.999321 0.011927 10.664600 -0.051241 -0.010131 0.998635 -0.060300 0.000000 0.000000 0.000000 1.000000
0.998005 -0.038674 0.049896 0.000400 0.038144 0.999206 0.011525 10.664600 -0.050302 -0.009599 0.998688 -0.060300 0.000000 0.000000 0.000000 1.000000
0.997947 -0.041556 0.048729 0.000400 0.041060 0.999095 0.011132 10.664600 -0.049147 -0.009109 0.998750 -0.060300 0.000000 0.000000 0.000000 1.000000
0.997911 -0.043650 0.047626 0.000400 0.043171 0.999007 0.011038 10.664600 -0.048060 -0.008959 0.998804 -0.060300 0.000000 0.000000 0.000000 1.000000
0.997898 -0.044847 0.046775 0.000400 0.044380 0.998954 0.010986 10.664600 -0.047218 -0.008887 0.998845 -0.060300 0.000000 0.000000 0.000000 1.000000
0.997927 -0.044784 0.046218 0.000400 0.044322 0.998957 0.010966 10.664600 -0.046660 -0.008894 0.998871 -0.060300 0.000000 0.000000 0.000000 1.000000
0.997992 -0.043524 0.046010 0.000400 0.043061 0.999012 0.011006 10.664600 -0.046444 -0.009003 0.998880 -0.060300 0.000000 0.000000 0.000000 1.000000
0.998081 -0.041500 0.045962 0.000400 0.041024 0.999095 0.011261 10.664600 -0.046387 -0.009354 0.998880 -0.060300 0.000000 0.000000 0.000000 1.000000
0.998190 -0.039038 0.045751 0.000400 0.038585 0.999198 0.010731 10.664600 -0.046133 -0.008947 0.998895 -0.060300 0.000000 0.000000 0.000000 1.000000
0.998301 -0.036442 0.045461 0.000400 0.036054 0.999306 0.009337 10.664600 -0.045770 -0.007682 0.998922 -0.060300 0.000000 0.000000 0.000000 1.000000
0.998381 -0.034219 0.045426 0.000400 0.033911 0.999396 0.007533 10.664600 -0.045656 -0.005980 0.998939 -0.060300 0.000000 0.000000 0.000000 1.000000
0.998443 -0.032600 0.045261 0.000400 0.032393 0.999461 0.005315 10.664600 -0.045410 -0.003840 0.998961 -0.060300 0.000000 0.000000 0.000000 1.000000
0.998487 -0.031755 0.044896 0.000400 0.031660 0.999495 0.002809 10.664600 -0.044963 -0.001384 0.998988 -0.060300 0.000000 0.000000 0.000000 1.000000
0.998481 -0.031850 0.044961 0.000400 0.031849 0.999492 0.000733 10.664600 -0.044962 0.000700 0.998988 -0.060300 0.000000 0.000000 0.000000 1.000000
0.998445 -0.032592 0.045218 0.000400 0.032660 0.999466 -0.000765 10.664600 -0.045169 0.002241 0.998977 -0.060300 0.000000 0.000000 0.000000 1.000000
0.998423 -0.033558 0.045007 0.000400 0.033687 0.999430 -0.002112 10.664600 -0.044910 0.003624 0.998984 -0.060300 0.000000 0.000000 0.000000 1.000000
