<?xml version="1.0" encoding="utf-8"?>
<COLLADA xmlns="http://www.collada.org/2005/11/COLLADASchema" version="1.4.1">
  <asset>
    <contributor>
      <author>Mixamo</author>
      <authoring_tool>COLLADA Mixamo exporter</authoring_tool>
      <comments/>
    </contributor>
    <created>2026-01-25T08:31:13Z</created>
    <modified>2026-01-25T08:31:13Z</modified>
    <revision/>
    <title/>
    <unit meter="0.010000"/>
    <up_axis>Y_UP</up_axis>
  </asset>
  <library_animations>
    <animation id="mixamorig_Hips-anim" name="mixamorig_Hips">
      <source id="mixamorig_Hips-Matrix-animation-input">
        <float_array id="mixamorig_Hips-Matrix-animation-input-array" count="93">

0.000000 0.033333 0.066667 0.100000 0.133333 0.166667 0.200000 0.233333 0.266667 0.300000 0.333333 0.366667 0.400000 0.433333 0.466667 0.500000
0.533333 0.566667 0.600000 0.633333 0.666667 0.700000 0.733333 0.766667 0.800000 0.833333 0.866667 0.900000 0.933333 0.966667 1.000000 1.033333
1.066667 1.100000 1.133333 1.166667 1.200000 1.233333 1.266667 1.300000 1.333333 1.366667 1.400000 1.433333 1.466667 1.500000 1.533333 1.566667
1.600000 1.633333 1.666667 1.700000 1.733333 1.766667 1.800000 1.833333 1.866667 1.900000 1.933333 1.966667 2.000000 2.033333 2.066667 2.100000
2.133333 2.166667 2.200000 2.233333 2.266667 2.300000 2.333333 2.366667 2.400000 2.433333 2.466667 2.500000 2.533333 2.566667 2.600000 2.633333
2.666667 2.700000 2.733333 2.766667 2.800000 2.833333 2.866667 2.900000 2.933333 2.966667 3.000000 3.033333 3.066667</float_array>
        <technique_common>
          <accessor source="#mixamorig_Hips-Matrix-animation-input-array" count="93">
            <param name="TIME" type="float"/>
          </accessor>
        </technique_common>
      </source>
      <source id="mixamorig_Hips-Matrix-animation-output-transform">
        <float_array id="mixamorig_Hips-Matrix-animation-output-transform-array" count="1488">

0.995447 0.046769 -0.083057 -0.885756 -0.041305 0.996942 0.066329 111.418900 0.085906 -0.062596 0.994335 3.846385 0.000000 0.000000 0.000000 1.000000
0.995362 0.047267 -0.083782 -0.866774 -0.041742 0.996912 0.066520 111.418343 0.086667 -0.062715 0.994261 3.809893 0.000000 0.000000 0.000000 1.000000
0.995250 0.048147 -0.084615 -0.849602 -0.042572 0.996877 0.066505 111.417183 0.087552 -0.062587 0.994192 3.763479 0.000000 0.000000 0.000000 1.000000
0.995151 0.049272 -0.085126 -0.833830 -0.043661 0.996827 0.066557 111.415352 0.088135 -0.062517 0.994145 3.704561 0.000000 0.000000 0.000000 1.000000
0.995084 0.050044 -0.085457 -0.812147 -0.044396 0.996781 0.066761 111.413963 0.088523 -0.062638 0.994103 3.639606 0.000000 0.000000 0.000000 1.000000
0.995018 0.050424 -0.086009 -0.782754 -0.044749 0.996771 0.066677 111.413185 0.089093 -0.062496 0.994061 3.568801 0.000000 0.000000 0.000000 1.000000
0.994924 0.050582 -0.086992 -0.748648 -0.044875 0.996786 0.066356 111.413002 0.090069 -0.062116 0.993997 3.491486 0.000000 0.000000 0.000000 1.000000
0.994831 0.050545 -0.088070 -0.710430 -0.044781 0.996798 0.066247 111.413437 0.091137 -0.061961 0.993909 3.412759 0.000000 0.000000 0.000000 1.000000
0.994737 0.050727 -0.089022 -0.676530 -0.044923 0.996806 0.066032 111.413414 0.092087 -0.061685 0.993838 3.327967 0.000000 0.000000 0.000000 1.000000
0.994654 0.051551 -0.089475 -0.657872 -0.045779 0.996808 0.065402 111.411949 0.092561 -0.060956 0.993839 3.235818 0.000000 0.000000 0.000000 1.000000
0.994650 0.052675 -0.088869 -0.654496 -0.046987 0.996783 0.064933 111.409683 0.092003 -0.060410 0.993925 3.145908 0.000000 0.000000 0.000000 1.000000
0.994723 0.053672 -0.087439 -0.661584 -0.048060 0.996722 0.065079 111.407570 0.090646 -0.060534 0.994042 3.058916 0.000000 0.000000 0.000000 1.000000
0.994817 0.054398 -0.085912 -0.676241 -0.048823 0.996643 0.065713 111.405952 0.089198 -0.061178 0.994133 2.971072 0.000000 0.000000 0.000000 1.000000
0.994819 0.055063 -0.085460 -0.696872 -0.049478 0.996582 0.066148 111.404251 0.088810 -0.061577 0.994143 2.879128 0.000000 0.000000 0.000000 1.000000
0.994706 0.055702 -0.086356 -0.719156 -0.050051 0.996545 0.066281 111.403435 0.089750 -0.061608 0.994057 2.787108 0.000000 0.000000 0.000000 1.000000
0.994538 0.056081 -0.088024 -0.736506 -0.050317 0.996524 0.066390 111.403374 0.091441 -0.061599 0.993904 2.704846 0.000000 0.000000 0.000000 1.000000
0.994327 0.056416 -0.090172 -0.751341 -0.050541 0.996528 0.066167 111.403183 0.093592 -0.061234 0.993726 2.627576 0.000000 0.000000 0.000000 1.000000
0.994078 0.057080 -0.092472 -0.768830 -0.051122 0.996538 0.065568 111.402496 0.095894 -0.060453 0.993554 2.541599 0.000000 0.000000 0.000000 1.000000
0.993894 0.057725 -0.094033 -0.785219 -0.051708 0.996530 0.065219 111.401634 0.097471 -0.059958 0.993431 2.450403 0.000000 0.000000 0.000000 1.000000
0.993830 0.058167 -0.094440 -0.798308 -0.052144 0.996519 0.065038 111.400940 0.097894 -0.059712 0.993404 2.359836 0.000000 0.000000 0.000000 1.000000
0.993870 0.058390 -0.093878 -0.808387 -0.052417 0.996515 0.064883 111.398979 0.097339 -0.059565 0.993467 2.271117 0.000000 0.000000 0.000000 1.000000
0.993970 0.058394 -0.092814 -0.814487 -0.052490 0.996515 0.064824 111.396378 0.096276 -0.059561 0.993571 2.189032 0.000000 0.000000 0.000000 1.000000
0.994060 0.058425 -0.091826 -0.820594 -0.052583 0.996512 0.064802 111.394615 0.095292 -0.059589 0.993664 2.112752 0.000000 0.000000 0.000000 1.000000
0.994115 0.058524 -0.091160 -0.832013 -0.052717 0.996501 0.064859 111.391830 0.094637 -0.059672 0.993722 2.037977 0.000000 0.000000 0.000000 1.000000
0.994127 0.058655 -0.090945 -0.847293 -0.052834 0.996476 0.065151 111.388435 0.094446 -0.059963 0.993722 1.963929 0.000000 0.000000 0.000000 1.000000
0.994112 0.058986 -0.090892 -0.864730 -0.053136 0.996438 0.065486 111.385498 0.094431 -0.060271 0.993705 1.888929 0.000000 0.000000 0.000000 1.000000
0.994073 0.059615 -0.090909 -0.884558 -0.053737 0.996386 0.065788 111.383072 0.094503 -0.060513 0.993684 1.808492 0.000000 0.000000 0.000000 1.000000
0.994028 0.060252 -0.090980 -0.901326 -0.054358 0.996343 0.065926 111.380203 0.094619 -0.060587 0.993668 1.722622 0.000000 0.000000 0.000000 1.000000
0.993997 0.060611 -0.091085 -0.908221 -0.054737 0.996340 0.065661 111.376785 0.094731 -0.060281 0.993676 1.634651 0.000000 0.000000 0.000000 1.000000
0.993972 0.060574 -0.091384 -0.903157 -0.054731 0.996374 0.065143 111.372627 0.094999 -0.059749 0.993683 1.546047 0.000000 0.000000 0.000000 1.000000
0.993931 0.060247 -0.092046 -0.887052 -0.054401 0.996417 0.064754 111.368187 0.095617 -0.059354 0.993647 1.459149 0.000000 0.000000 0.000000 1.000000
0.993875 0.059841 -0.092907 -0.863250 -0.053965 0.996456 0.064524 111.364288 0.096439 -0.059115 0.993582 1.375099 0.000000 0.000000 0.000000 1.000000
0.993813 0.059290 -0.093920 -0.837013 -0.053368 0.996499 0.064359 111.360153 0.097407 -0.058948 0.993497 1.288166 0.000000 0.000000 0.000000 1.000000
0.993731 0.058703 -0.095148 -0.814544 -0.052714 0.996538 0.064287 111.355545 0.098592 -0.058868 0.993385 1.193904 0.000000 0.000000 0.000000 1.000000
0.993644 0.058281 -0.096307 -0.799980 -0.052228 0.996567 0.064231 111.350784 0.099720 -0.058792 0.993277 1.094996 0.000000 0.000000 0.000000 1.000000
0.993577 0.058113 -0.097101 -0.793216 -0.052017 0.996582 0.064178 111.345573 0.100498 -0.058714 0.993203 0.992275 0.000000 0.000000 0.000000 1.000000
0.993534 0.058380 -0.097371 -0.792073 -0.052271 0.996570 0.064153 111.340790 0.100782 -0.058649 0.993178 0.886810 0.000000 0.000000 0.000000 1.000000
0.993536 0.058865 -0.097060 -0.793456 -0.052773 0.996542 0.064181 111.337639 0.100503 -0.058644 0.993207 0.785601 0.000000 0.000000 0.000000 1.000000
0.993569 0.059106 -0.096573 -0.794396 -0.053025 0.996517 0.064363 111.335152 0.100041 -0.058828 0.993243 0.691348 0.000000 0.000000 0.000000 1.000000
0.993595 0.059095 -0.096317 -0.787741 -0.053030 0.996517 0.064354 111.332436 0.099785 -0.058835 0.993268 0.599760 0.000000 0.000000 0.000000 1.000000
0.993633 0.059028 -0.095961 -0.771497 -0.053008 0.996533 0.064123 111.330101 0.099413 -0.058628 0.993318 0.507977 0.000000 0.000000 0.000000 1.000000
0.993717 0.059039 -0.095078 -0.750179 -0.053072 0.996530 0.064112 111.328491 0.098534 -0.058663 0.993403 0.415026 0.000000 0.000000 0.000000 1.000000
0.993813 0.059067 -0.094061 -0.724056 -0.053175 0.996534 0.063968 111.327171 0.097514 -0.058571 0.993509 0.323011 0.000000 0.000000 0.000000 1.000000
0.993896 0.058989 -0.093224 -0.693937 -0.053197 0.996567 0.063436 111.325424 0.096646 -0.058090 0.993622 0.232845 0.000000 0.000000 0.000000 1.000000
0.993986 0.058875 -0.092337 -0.664812 -0.053188 0.996602 0.062888 111.321686 0.095726 -0.057599 0.993740 0.143087 0.000000 0.000000 0.000000 1.000000
0.994072 0.058763 -0.091471 -0.638205 -0.053167 0.996630 0.062458 111.316360 0.094833 -0.057225 0.993847 0.056046 0.000000 0.000000 0.000000 1.000000
0.994141 0.058664 -0.090790 -0.612010 -0.053167 0.996669 0.061833 111.312782 0.094115 -0.056643 0.993949 -0.027248 0.000000 0.000000 0.000000 1.000000
0.994197 0.058594 -0.090213 -0.585789 -0.053205 0.996717 0.061020 111.310074 0.093492 -0.055866 0.994051 -0.109043 0.000000 0.000000 0.000000 1.000000
0.994265 0.058595 -0.089469 -0.559607 -0.053319 0.996758 0.060262 111.306274 0.092710 -0.055146 0.994165 -0.190289 0.000000 0.000000 0.000000 1.000000
0.994359 0.058667 -0.088368 -0.533027 -0.053530 0.996796 0.059428 111.301712 0.091571 -0.054362 0.994314 -0.272827 0.000000 0.000000 0.000000 1.000000
0.994480 0.058738 -0.086943 -0.506884 -0.053752 0.996832 0.058626 111.297867 0.090112 -0.053629 0.994487 -0.354035 0.000000 0.000000 0.000000 1.000000
0.994635 0.058722 -0.085166 -0.484975 -0.053839 0.996832 0.058535 111.295822 0.088333 -0.053636 0.994646 -0.423505 0.000000 0.000000 0.000000 1.000000
0.994765 0.058875 -0.083527 -0.460908 -0.054092 0.996826 0.058418 111.296371 0.086701 -0.053594 0.994792 -0.489748 0.000000 0.000000 0.000000 1.000000
0.994791 0.059608 -0.082693 -0.431575 -0.054944 0.996828 0.057576 111.301559 0.085862 -0.052733 0.994911 -0.566427 0.000000 0.000000 0.000000 1.000000
0.994844 0.059766 -0.081933 -0.406705 -0.055188 0.996845 0.057039 111.303116 0.085084 -0.052223 0.995004 -0.630396 0.000000 0.000000 0.000000 1.000000
0.994949 0.059249 -0.081033 -0.386826 -0.054743 0.996887 0.056748 111.298576 0.084143 -0.052025 0.995095 -0.674541 0.000000 0.000000 0.000000 1.000000
0.994943 0.059454 -0.080957 -0.365493 -0.054968 0.996885 0.056558 111.300652 0.084067 -0.051822 0.995112 -0.715374 0.000000 0.000000 0.000000 1.000000
0.994882 0.059887 -0.081389 -0.340398 -0.055349 0.996844 0.056905 111.308693 0.084540 -0.052109 0.995057 -0.751136 0.000000 0.000000 0.000000 1.000000
0.994880 0.059915 -0.081383 -0.312596 -0.055357 0.996829 0.057163 111.312386 0.084550 -0.052365 0.995042 -0.787296 0.000000 0.000000 0.000000 1.000000
0.994897 0.059979 -0.081133 -0.285784 -0.055427 0.996821 0.057239 111.312363 0.084309 -0.052450 0.995058 -0.827635 0.000000 0.000000 0.000000 1.000000
0.994890 0.060236 -0.081025 -0.257564 -0.055686 0.996804 0.057281 111.314117 0.084216 -0.052477 0.995065 -0.867285 0.000000 0.000000 0.000000 1.000000
0.994879 0.060444 -0.081004 -0.225199 -0.055895 0.996791 0.057294 111.317924 0.084207 -0.052473 0.995066 -0.905967 0.000000 0.000000 0.000000 1.000000
0.994866 0.060641 -0.081020 -0.191004 -0.056093 0.996781 0.057282 111.321274 0.084233 -0.052443 0.995065 -0.947312 0.000000 0.000000 0.000000 1.000000
0.994845 0.060954 -0.081049 -0.155608 -0.056407 0.996765 0.057249 111.325134 0.084277 -0.052382 0.995065 -0.990065 0.000000 0.000000 0.000000 1.000000
0.994820 0.061324 -0.081066 -0.119736 -0.056782 0.996747 0.057199 111.330818 0.084310 -0.052300 0.995066 -1.029547 0.000000 0.000000 0.000000 1.000000
0.994803 0.061630 -0.081049 -0.086135 -0.057103 0.996738 0.057028 111.335709 0.084299 -0.052103 0.995077 -1.066116 0.000000 0.000000 0.000000 1.000000
0.994791 0.061952 -0.080947 -0.053267 -0.057456 0.996734 0.056739 111.339119 0.084198 -0.051793 0.995102 -1.103817 0.000000 0.000000 0.000000 1.000000
0.994795 0.062209 -0.080702 -0.019314 -0.057733 0.996723 0.056659 111.341690 0.083963 -0.051705 0.995127 -1.143335 0.000000 0.000000 0.000000 1.000000
0.994804 0.062291 -0.080530 0.012412 -0.057809 0.996708 0.056841 111.342621 0.083806 -0.051890 0.995130 -1.185687 0.000000 0.000000 0.000000 1.000000
0.994801 0.062340 -0.080530 0.040763 -0.057850 0.996700 0.056938 111.341805 0.083814 -0.051984 0.995125 -1.231619 0.000000 0.000000 0.000000 1.000000
0.994795 0.062542 -0.080446 0.068379 -0.058072 0.996698 0.056752 111.340622 0.083730 -0.051785 0.995142 -1.279769 0.000000 0.000000 0.000000 1.000000
0.994789 0.062892 -0.080245 0.093073 -0.058446 0.996685 0.056601 111.340164 0.083538 -0.051616 0.995167 -1.328769 0.000000 0.000000 0.000000 1.000000
0.994780 0.063166 -0.080147 0.113771 -0.058730 0.996671 0.056552 111.338837 0.083452 -0.051550 0.995178 -1.377787 0.000000 0.000000 0.000000 1.000000
0.994762 0.063349 -0.080218 0.132799 -0.058930 0.996673 0.056301 111.335487 0.083518 -0.051279 0.995186 -1.427495 0.000000 0.000000 0.000000 1.000000
0.994708 0.063617 -0.080684 0.150241 -0.059201 0.996675 0.055993 111.333237 0.083978 -0.050920 0.995166 -1.475048 0.000000 0.000000 0.000000 1.000000
0.994641 0.063913 -0.081264 0.167870 -0.059490 0.996672 0.055732 111.334206 0.084555 -0.050599 0.995133 -1.514892 0.000000 0.000000 0.000000 1.000000
0.994590 0.064211 -0.081651 0.186816 -0.059812 0.996680 0.055233 111.337395 0.084927 -0.050050 0.995129 -1.543734 0.000000 0.000000 0.000000 1.000000
0.994516 0.064770 -0.082116 0.203979 -0.060433 0.996697 0.054249 111.341896 0.085359 -0.048989 0.995145 -1.565561 0.000000 0.000000 0.000000 1.000000
0.994412 0.065526 -0.082776 0.219329 -0.061239 0.996698 0.053314 111.347862 0.085996 -0.047947 0.995141 -1.581253 0.000000 0.000000 0.000000 1.000000
0.994309 0.066119 -0.083536 0.234510 -0.061819 0.996676 0.053054 111.357063 0.086766 -0.047588 0.995092 -1.586361 0.000000 0.000000 0.000000 1.000000
0.994198 0.066453 -0.084582 0.248101 -0.062088 0.996650 0.053233 111.366974 0.087836 -0.047672 0.994994 -1.581539 0.000000 0.000000 0.000000 1.000000
0.994053 0.066692 -0.086083 0.261037 -0.062233 0.996628 0.053484 111.374344 0.089360 -0.047809 0.994851 -1.571153 0.000000 0.000000 0.000000 1.000000
0.993881 0.066886 -0.087903 0.274667 -0.062305 0.996602 0.053869 111.379944 0.091207 -0.048063 0.994671 -1.558403 0.000000 0.000000 0.000000 1.000000
0.993701 0.067010 -0.089819 0.286001 -0.062280 0.996571 0.054476 111.382965 0.093161 -0.048539 0.994467 -1.546628 0.000000 0.000000 0.000000 1.000000
0.993553 0.066948 -0.091486 0.292728 -0.062056 0.996539 0.055314 111.383423 0.094872 -0.049280 0.994269 -1.536646 0.000000 0.000000 0.000000 1.000000
0.993430 0.066839 -0.092889 0.296093 -0.061786 0.996503 0.056255 111.382782 0.096325 -0.050146 0.994086 -1.528249 0.000000 0.000000 0.000000 1.000000
0.993311 0.066676 -0.094279 0.296650 -0.061461 0.996470 0.057181 111.380096 0.097759 -0.051004 0.993902 -1.524073 0.000000 0.000000 0.000000 1.000000
0.993203 0.066408 -0.095589 0.293487 -0.061028 0.996440 0.058157 111.374939 0.099111 -0.051928 0.993721 -1.523879 0.000000 0.000000 0.000000 1.000000
0.993122 0.066086 -0.096651 0.287032 -0.060559 0.996417 0.059040 111.371155 0.100207 -0.052781 0.993566 -1.516365 0.000000 0.000000 0.000000 1.000000
0.993056 0.065706 -0.097587 0.278321 -0.060085 0.996421 0.059461 111.369728 0.101145 -0.053185 0.993449 -1.491456 0.000000 0.000000 0.000000 1.000000
0.992982 0.065278 -0.098615 0.265960 -0.059605 0.996452 0.059424 111.367088 0.102144 -0.053129 0.993350 -1.457512 0.000000 0.000000 0.000000 1.000000
0.992930 0.064782 -0.099462 0.247190 -0.059096 0.996502 0.059090 111.361008 0.102942 -0.052795 0.993285 -1.428998 0.000000 0.000000 0.000000 1.000000
0.992910 0.064197 -0.100042 0.222138 -0.058504 0.996551 0.058843 111.353088 0.103474 -0.052573 0.993242 -1.404270 0.000000 0.000000 0.000000 1.000000</float_array>
        <technique_common>
          <accessor source="#mixamorig_Hips-Matrix-animation-output-transform-array" count="93" stride="16">
            <param type="float4x4"/>
          </accessor>
        </technique_common>
      </source>
      <source id="mixamorig_Hips-Interpolations">
        <Name_array id="mixamorig_Hips-Interpolations-array" count="93">
 LINEAR LINEAR LINEAR LINEAR LINEAR LINEAR LINEAR LINEAR LINEAR LINEAR LINEAR
LINEAR LINEAR LINEAR LINEAR LINEAR LINEAR LINEAR LINEAR LINEAR LINEAR LINEAR LINEAR
LINEAR LINEAR LINEAR LINEAR LINEAR LINEAR LINEAR LINEAR LINEAR LINEAR LINEAR LINEAR
LINEAR LINEAR LINEAR LINEAR LINEAR LINEAR LINEAR LINEAR LINEAR LINEAR LINEAR LINEAR
LINEAR LINEAR LINEAR LINEAR LINEAR LINEAR LINEAR LINEAR LINEAR LINEAR LINEAR LINEAR
LINEAR LINEAR LINEAR LINEAR LINEAR LINEAR LINEAR LINEAR LINEAR LINEAR LINEAR LINEAR
LINEAR LINEAR LINEAR LINEAR LINEAR LINEAR LINEAR LINEAR LINEAR LINEAR LINEAR LINEAR
LINEAR LINEAR LINEAR LINEAR LINEAR LINEAR LINEAR LINEAR LINEAR LINEAR</Name_array>
        <technique_common>
          <accessor source="#mixamorig_Hips-Interpolations-array" count="93">
            <param type="name"/>
          </accessor>
        </technique_common>
      </source>
      <sampler id="mixamorig_Hips-Matrix-animation-transform">
        <input semantic="INPUT" source="#mixamorig_Hips-Matrix-animation-input"/>
        <input semantic="OUTPUT" source="#mixamorig_Hips-Matrix-animation-output-transform"/>
        <input semantic="INTERPOLATION" source="#mixamorig_Hips-Interpolations"/>
      </sampler>
      <channel source="#mixamorig_Hips-Matrix-animation-transform" target="mixamorig_Hips/matrix"/>
    </animation>
    <animation id="mixamorig_Spine-anim" name="mixamorig_Spine">
      <source id="mixamorig_Spine-Matrix-animation-input">
        <float_array id="mixamorig_Spine-Matrix-animation-input-array" count="93">

0.000000 0.033333 0.066667 0.100000 0.133333 0.166667 0.200000 0.233333 0.266667 0.300000 0.333333 0.366667 0.400000 0.433333 0.466667 0.500000
0.533333 0.566667 0.600000 0.633333 0.666667 0.700000 0.733333 0.766667 0.800000 0.833333 0.866667 0.900000 0.933333 0.966667 1.000000 1.033333
1.066667 1.100000 1.133333 1.166667 1.200000 1.233333 1.266667 1.300000 1.333333 1.366667 1.400000 1.433333 1.466667 1.500000 1.533333 1.566667
1.600000 1.633333 1.666667 1.700000 1.733333 1.766667 1.800000 1.833333 1.866667 1.900000 1.933333 1.966667 2.000000 2.033333 2.066667 2.100000
2.133333 2.166667 2.200000 2.233333 2.266667 2.300000 2.333333 2.366667 2.400000 2.433333 2.466667 2.500000 2.533333 2.566667 2.600000 2.633333
2.666667 2.700000 2.733333 2.766667 2.800000 2.833333 2.866667 2.900000 2.933333 2.966667 3.000000 3.033333 3.066667</float_array>
        <technique_common>
          <accessor source="#mixamorig_Spine-Matrix-animation-input-array" count="93">
            <param name="TIME" type="float"/>
          </accessor>
        </technique_common>
      </source>
      <source id="mixamorig_Spine-Matrix-animation-output-transform">
        <float_array id="mixamorig_Spine-Matrix-animation-output-transform-array" count="1488">

0.998437 -0.030547 0.046796 0.000400 0.030826 0.999511 -0.005268 10.664600 -0.046612 0.006702 0.998891 -0.060300 0.000000 0.000000 0.000000 1.000000
0.998435 -0.029030 0.047805 0.000400 0.029341 0.999553 -0.005811 10.664600 -0.047615 0.007205 0.998840 -0.060300 0.000000 0.000000 0.000000 1.000000
0.998396 -0.027565 0.049460 0.000400 0.027911 0.999590 -0.006332 10.664600 -0.049265 0.007702 0.998756 -0.060300 0.000000 0.000000 0.000000 1.000000
0.998366 -0.026546 0.050599 0.000400 0.026940 0.999612 -0.007123 10.664600 -0.050390 0.008474 0.998694 -0.060300 0.000000 0.000000 0.000000 1.000000
0.998374 -0.025772 0.050836 0.000400 0.026217 0.999623 -0.008099 10.664600 -0.050608 0.009418 0.998674 -0.060300 0.000000 0.000000 0.000000 1.000000
0.998397 -0.025355 0.050607 0.000400 0.025826 0.999629 -0.008679 10.664600 -0.050369 0.009972 0.998681 -0.060300 0.000000 0.000000 0.000000 1.000000
0.998410 -0.025260 0.050388 0.000400 0.025744 0.999628 -0.008979 10.664600 -0.050142 0.010262 0.998689 -0.060300 0.000000 0.000000 0.000000 1.000000
0.998423 -0.025223 0.050162 0.000400 0.025730 0.999624 -0.009491 10.664600 -0.049904 0.010766 0.998696 -0.060300 0.000000 0.000000 0.000000 1.000000
0.998430 -0.025085 0.050084 0.000400 0.025611 0.999623 -0.009889 10.664600 -0.049817 0.011156 0.998696 -0.060300 0.000000 0.000000 0.000000 1.000000
0.998428 -0.024663 0.050329 0.000400 0.025192 0.999634 -0.009906 10.664600 -0.050067 0.011159 0.998684 -0.060300 0.000000 0.000000 0.000000 1.000000
0.998440 -0.023555 0.050632 0.000400 0.024096 0.999659 -0.010106 10.664600 -0.050377 0.011310 0.998666 -0.060300 0.000000 0.000000 0.000000 1.000000
0.998486 -0.021796 0.050513 0.000400 0.022378 0.999689 -0.010978 10.664600 -0.050258 0.012092 0.998663 -0.060300 0.000000 0.000000 0.000000 1.000000
0.998562 -0.019778 0.049831 0.000400 0.020425 0.999713 -0.012500 10.664600 -0.049570 0.013500 0.998679 -0.060300 0.000000 0.000000 0.000000 1.000000
0.998618 -0.018205 0.049303 0.000400 0.018911 0.999725 -0.013892 10.664600 -0.049037 0.014805 0.998687 -0.060300 0.000000 0.000000 0.000000 1.000000
0.998627 -0.017373 0.049413 0.000400 0.018125 0.999726 -0.014795 10.664600 -0.049142 0.015670 0.998669 -0.060300 0.000000 0.000000 0.000000 1.000000
0.998607 -0.017009 0.049947 0.000400 0.017797 0.999723 -0.015385 10.664600 -0.049671 0.016253 0.998633 -0.060300 0.000000 0.000000 0.000000 1.000000
0.998558 -0.016972 0.050935 0.000400 0.017783 0.999721 -0.015515 10.664600 -0.050657 0.016399 0.998581 -0.060300 0.000000 0.000000 0.000000 1.000000
0.998471 -0.017371 0.052468 0.000400 0.018205 0.999715 -0.015462 10.664600 -0.052185 0.016394 0.998503 -0.060300 0.000000 0.000000 0.000000 1.000000
0.998397 -0.017814 0.053723 0.000400 0.018693 0.999699 -0.015900 10.664600 -0.053423 0.016879 0.998429 -0.060300 0.000000 0.000000 0.000000 1.000000
0.998378 -0.018021 0.054005 0.000400 0.018946 0.999682 -0.016666 10.664600 -0.053688 0.017662 0.998402 -0.060300 0.000000 0.000000 0.000000 1.000000
0.998426 -0.017931 0.053145 0.000400 0.018885 0.999669 -0.017499 10.664600 -0.052813 0.018475 0.998433 -0.060300 0.000000 0.000000 0.000000 1.000000
0.998511 -0.017566 0.051637 0.000400 0.018533 0.999660 -0.018321 10.664600 -0.051297 0.019251 0.998498 -0.060300 0.000000 0.000000 0.000000 1.000000
0.998592 -0.017091 0.050210 0.000400 0.018055 0.999660 -0.018811 10.664600 -0.049872 0.019691 0.998561 -0.060300 0.000000 0.000000 0.000000 1.000000
0.998660 -0.016346 0.049094 0.000400 0.017309 0.999665 -0.019266 10.664600 -0.048762 0.020090 0.998608 -0.060300 0.000000 0.000000 0.000000 1.000000
0.998699 -0.015265 0.048659 0.000400 0.016253 0.999668 -0.019988 10.664600 -0.048338 0.020753 0.998615 -0.060300 0.000000 0.000000 0.000000 1.000000
0.998694 -0.014268 0.049062 0.000400 0.015302 0.999667 -0.020758 10.664600 -0.048749 0.021482 0.998580 -0.060300 0.000000 0.000000 0.000000 1.000000
0.998674 -0.013564 0.049661 0.000400 0.014653 0.999658 -0.021643 10.664600 -0.049351 0.022342 0.998532 -0.060300 0.000000 0.000000 0.000000 1.000000
0.998663 -0.013122 0.049998 0.000400 0.014269 0.999642 -0.022652 10.664600 -0.049683 0.023335 0.998492 -0.060300 0.000000 0.000000 0.000000 1.000000
0.998657 -0.013013 0.050154 0.000400 0.014203 0.999624 -0.023451 10.664600 -0.049830 0.024132 0.998466 -0.060300 0.000000 0.000000 0.000000 1.000000
0.998652 -0.013321 0.050168 0.000400 0.014542 0.999605 -0.024048 10.664600 -0.049828 0.024745 0.998451 -0.060300 0.000000 0.000000 0.000000 1.000000
0.998652 -0.014170 0.049942 0.000400 0.015418 0.999576 -0.024690 10.664600 -0.049571 0.025427 0.998447 -0.060300 0.000000 0.000000 0.000000 1.000000
0.998658 -0.015478 0.049413 0.000400 0.016743 0.999540 -0.025276 10.664600 -0.048999 0.026069 0.998459 -0.060300 0.000000 0.000000 0.000000 1.000000
0.998671 -0.016777 0.048735 0.000400 0.018051 0.999504 -0.025810 10.664600 -0.048278 0.026655 0.998478 -0.060300 0.000000 0.000000 0.000000 1.000000
0.998663 -0.017756 0.048541 0.000400 0.019057 0.999468 -0.026482 10.664600 -0.048045 0.027372 0.998470 -0.060300 0.000000 0.000000 0.000000 1.000000
0.998632 -0.018337 0.048975 0.000400 0.019699 0.999429 -0.027469 10.664600 -0.048444 0.028396 0.998422 -0.060300 0.000000 0.000000 0.000000 1.000000
0.998593 -0.018591 0.049654 0.000400 0.020037 0.999385 -0.028790 10.664600 -0.049089 0.029744 0.998351 -0.060300 0.000000 0.000000 0.000000 1.000000
0.998572 -0.018856 0.049983 0.000400 0.020376 0.999340 -0.030082 10.664600 -0.049382 0.031057 0.998297 -0.060300 0.000000 0.000000 0.000000 1.000000
0.998592 -0.019144 0.049471 0.000400 0.020709 0.999295 -0.031315 10.664600 -0.048837 0.032296 0.998285 -0.060300 0.000000 0.000000 0.000000 1.000000
0.998627 -0.019130 0.048771 0.000400 0.020745 0.999246 -0.032822 10.664600 -0.048106 0.033789 0.998271 -0.060300 0.000000 0.000000 0.000000 1.000000
0.998633 -0.019017 0.048687 0.000400 0.020695 0.999201 -0.034202 10.664600 -0.047998 0.035163 0.998228 -0.060300 0.000000 0.000000 0.000000 1.000000
0.998631 -0.019059 0.048711 0.000400 0.020790 0.999161 -0.035297 10.664600 -0.047997 0.036261 0.998189 -0.060300 0.000000 0.000000 0.000000 1.000000
0.998644 -0.019350 0.048335 0.000400 0.021127 0.999109 -0.036529 10.664600 -0.047585 0.037501 0.998163 -0.060300 0.000000 0.000000 0.000000 1.000000
0.998652 -0.019786 0.047982 0.000400 0.021604 0.999056 -0.037678 10.664600 -0.047192 0.038664 0.998137 -0.060300 0.000000 0.000000 0.000000 1.000000
0.998661 -0.020333 0.047567 0.000400 0.022175 0.999012 -0.038517 10.664600 -0.046737 0.039520 0.998125 -0.060300 0.000000 0.000000 0.000000 1.000000
0.998693 -0.020747 0.046700 0.000400 0.022598 0.998965 -0.039465 10.664600 -0.045833 0.040468 0.998129 -0.060300 0.000000 0.000000 0.000000 1.000000
0.998725 -0.020906 0.045952 0.000400 0.022778 0.998916 -0.040587 10.664600 -0.045054 0.041582 0.998119 -0.060300 0.000000 0.000000 0.000000 1.000000
0.998729 -0.020889 0.045876 0.000400 0.022799 0.998878 -0.041503 10.664600 -0.044957 0.042496 0.998085 -0.060300 0.000000 0.000000 0.000000 1.000000
0.998713 -0.020835 0.046237 0.000400 0.022794 0.998846 -0.042269 10.664600 -0.045303 0.043268 0.998036 -0.060300 0.000000 0.000000 0.000000 1.000000
0.998691 -0.020762 0.046739 0.000400 0.022785 0.998807 -0.043180 10.664600 -0.045787 0.044189 0.997973 -0.060300 0.000000 0.000000 0.000000 1.000000
0.998667 -0.020674 0.047292 0.000400 0.022765 0.998766 -0.044130 10.664600 -0.046322 0.045148 0.997906 -0.060300 0.000000 0.000000 0.000000 1.000000
0.998673 -0.020558 0.047223 0.000400 0.022690 0.998726 -0.045067 10.664600 -0.046236 0.046079 0.997867 -0.060300 0.000000 0.000000 0.000000 1.000000
0.998716 -0.020317 0.046411 0.000400 0.022473 0.998670 -0.046407 10.664600 -0.045406 0.047390 0.997844 -0.060300 0.000000 0.000000 0.000000 1.000000
0.998740 -0.020259 0.045916 0.000400 0.022446 0.998613 -0.047623 10.664600 -0.044887 0.048594 0.997809 -0.060300 0.000000 0.000000 0.000000 1.000000
0.998728 -0.020831 0.045916 0.000400 0.023050 0.998566 -0.048326 10.664600 -0.044843 0.049323 0.997776 -0.060300 0.000000 0.000000 0.000000 1.000000
0.998748 -0.020577 0.045606 0.000400 0.022821 0.998526 -0.049242 10.664600 -0.044526 0.050221 0.997745 -0.060300 0.000000 0.000000 0.000000 1.000000
0.998786 -0.019330 0.045305 0.000400 0.021598 0.998510 -0.050108 10.664600 -0.044269 0.051026 0.997716 -0.060300 0.000000 0.000000 0.000000 1.000000
0.998766 -0.018672 0.046014 0.000400 0.021012 0.998482 -0.050913 10.664600 -0.044993 0.051817 0.997643 -0.060300 0.000000 0.000000 0.000000 1.000000
0.998720 -0.018283 0.047152 0.000400 0.020738 0.998426 -0.052103 10.664600 -0.046125 0.053015 0.997528 -0.060300 0.000000 0.000000 0.000000 1.000000
0.998705 -0.017620 0.047730 0.000400 0.020155 0.998383 -0.053146 10.664600 -0.046716 0.054040 0.997445 -0.060300 0.000000 0.000000 0.000000 1.000000
0.998717 -0.017162 0.047640 0.000400 0.019728 0.998349 -0.053939 10.664600 -0.046635 0.054810 0.997407 -0.060300 0.000000 0.000000 0.000000 1.000000
0.998723 -0.017083 0.047546 0.000400 0.019676 0.998314 -0.054602 10.664600 -0.046533 0.055468 0.997376 -0.060300 0.000000 0.000000 0.000000 1.000000
0.998725 -0.017060 0.047503 0.000400 0.019673 0.998287 -0.055091 10.664600 -0.046482 0.055956 0.997351 -0.060300 0.000000 0.000000 0.000000 1.000000
0.998727 -0.017034 0.047469 0.000400 0.019663 0.998267 -0.055473 10.664600 -0.046442 0.056335 0.997331 -0.060300 0.000000 0.000000 0.000000 1.000000
0.998730 -0.016947 0.047444 0.000400 0.019594 0.998245 -0.055886 10.664600 -0.046414 0.056744 0.997309 -0.060300 0.000000 0.000000 0.000000 1.000000
0.998734 -0.016746 0.047428 0.000400 0.019404 0.998233 -0.056158 10.664600 -0.046404 0.057007 0.997295 -0.060300 0.000000 0.000000 0.000000 1.000000
0.998742 -0.016291 0.047422 0.000400 0.018950 0.998241 -0.056174 10.664600 -0.046423 0.057002 0.997294 -0.060300 0.000000 0.000000 0.000000 1.000000
0.998749 -0.015823 0.047425 0.000400 0.018482 0.998251 -0.056161 10.664600 -0.046453 0.056967 0.997295 -0.060300 0.000000 0.000000 0.000000 1.000000
0.998755 -0.015407 0.047436 0.000400 0.018073 0.998250 -0.056309 10.664600 -0.046485 0.057096 0.997286 -0.060300 0.000000 0.000000 0.000000 1.000000
0.998763 -0.014842 0.047456 0.000400 0.017539 0.998225 -0.056917 10.664600 -0.046527 0.057679 0.997250 -0.060300 0.000000 0.000000 0.000000 1.000000
0.998771 -0.014175 0.047487 0.000400 0.016913 0.998188 -0.057754 10.664600 -0.046583 0.058486 0.997201 -0.060300 0.000000 0.000000 0.000000 1.000000
0.998777 -0.013644 0.047529 0.000400 0.016422 0.998148 -0.058573 10.664600 -0.046642 0.059281 0.997151 -0.060300 0.000000 0.000000 0.000000 1.000000
0.998780 -0.013200 0.047582 0.000400 0.016040 0.998081 -0.059815 10.664600 -0.046701 0.060505 0.997075 -0.060300 0.000000 0.000000 0.000000 1.000000
0.998785 -0.012584 0.047647 0.000400 0.015514 0.997978 -0.061646 10.664600 -0.046775 0.062310 0.996960 -0.060300 0.000000 0.000000 0.000000 1.000000
0.998788 -0.011933 0.047749 0.000400 0.014964 0.997861 -0.063629 10.664600 -0.046888 0.064267 0.996831 -0.060300 0.000000 0.000000 0.000000 1.000000
0.998775 -0.011351 0.048172 0.000400 0.014511 0.997730 -0.065761 10.664600 -0.047316 0.066380 0.996672 -0.060300 0.000000 0.000000 0.000000 1.000000
0.998744 -0.010677 0.048952 0.000400 0.013987 0.997602 -0.067791 10.664600 -0.048110 0.068390 0.996498 -0.060300 0.000000 0.000000 0.000000 1.000000
0.998729 -0.009998 0.049398 0.000400 0.013403 0.997521 -0.069088 10.664600 -0.048585 0.069662 0.996387 -0.060300 0.000000 0.000000 0.000000 1.000000
0.998729 -0.009491 0.049491 0.000400 0.012921 0.997502 -0.069446 10.664600 -0.048708 0.069997 0.996357 -0.060300 0.000000 0.000000 0.000000 1.000000
0.998734 -0.009017 0.049479 0.000400 0.012439 0.997519 -0.069290 10.664600 -0.048732 0.069818 0.996369 -0.060300 0.000000 0.000000 0.000000 1.000000
0.998742 -0.008423 0.049430 0.000400 0.011829 0.997545 -0.069019 10.664600 -0.048727 0.069517 0.996390 -0.060300 0.000000 0.000000 0.000000 1.000000
0.998748 -0.007769 0.049413 0.000400 0.011148 0.997590 -0.068477 10.664600 -0.048762 0.068942 0.996428 -0.060300 0.000000 0.000000 0.000000 1.000000
0.998746 -0.007291 0.049521 0.000400 0.010630 0.997663 -0.067492 10.664600 -0.048913 0.067934 0.996490 -0.060300 0.000000 0.000000 0.000000 1.000000
0.998735 -0.007122 0.049786 0.000400 0.010416 0.997751 -0.066220 10.664600 -0.049202 0.066655 0.996562 -0.060300 0.000000 0.000000 0.000000 1.000000
0.998723 -0.007066 0.050027 0.000400 0.010311 0.997837 -0.064917 10.664600 -0.049460 0.065350 0.996636 -0.060300 0.000000 0.000000 0.000000 1.000000
0.998719 -0.007007 0.050116 0.000400 0.010203 0.997910 -0.063813 10.664600 -0.049564 0.064243 0.996703 -0.060300 0.000000 0.000000 0.000000 1.000000
0.998715 -0.006966 0.050195 0.000400 0.010128 0.997961 -0.063014 10.664600 -0.049653 0.063442 0.996750 -0.060300 0.000000 0.000000 0.000000 1.000000
0.998700 -0.006943 0.050498 0.000400 0.010108 0.997981 -0.062703 10.664600 -0.049960 0.063132 0.996754 -0.060300 0.000000 0.000000 0.000000 1.000000
0.998684 -0.006934 0.050814 0.000400 0.010132 0.997965 -0.062952 10.664600 -0.050274 0.063384 0.996722 -0.060300 0.000000 0.000000 0.000000 1.000000
0.998680 -0.007013 0.050876 0.000400 0.010215 0.997965 -0.062946 10.664600 -0.050331 0.063382 0.996719 -0.060300 0.000000 0.000000 0.000000 1.000000
0.998680 -0.007227 0.050851 0.000400 0.010373 0.998031 -0.061864 10.664600 -0.050304 0.062310 0.996788 -0.060300 0.000000 0.000000 0.000000 1.000000
0.998681 -0.007467 0.050807 0.000400 0.010532 0.998123 -0.060334 10.664600 -0.050261 0.060790 0.996884 -0.060300 0.000000 0.000000 0.000000 1.000000
0.998680 -0.007529 0.050800 0.000400 0.010528 0.998200 -0.059038 10.664600 -0.050264 0.059495 0.996962 -0.060300 0.000000 0.000000 0.000000 1.000000
0.998677 -0.007209 0.050907 0.000400 0.010159 0.998269 -0.057924 10.664600 -0.050402 0.058365 0.997022 -0.060300 0.000000 0.000000 0.000000 1.000000</float_array>
        <technique_common>
          <accessor source="#mixamorig_Spine-Matrix-animation-output-transform-array" count="93" stride="16">
            <param type="float4x4"/>
          </accessor>
        </technique_common>
      </source>
      <source id="mixamorig_Spine-Interpolations">
        <Name_array id="mixamorig_Spine-Interpolations-array" count="93">
 LINEAR LINEAR LINEAR LINEAR LINEAR LINEAR LINEAR LINEAR LINEAR LINEAR LINEAR
LINEAR LINEAR LINEAR LINEAR LINEAR LINEAR LINEAR LINEAR LINEAR LINEAR LINEAR LINEAR
LINEAR LINEAR LINEAR LINEAR LINEAR LINEAR LINEAR LINEAR LINEAR LINEAR LINEAR LINEAR
LINEAR LINEAR LINEAR LINEAR LINEAR LINEAR LINEAR LINEAR LINEAR LINEAR LINEAR LINEAR
LINEAR LINEAR LINEAR LINEAR LINEAR LINEAR LINEAR LINEAR LINEAR LINEAR LINEAR LINEAR
LINEAR LINEAR LINEAR LINEAR LINEAR LINEAR LINEAR LINEAR LINEAR LINEAR LINEAR LINEAR
LINEAR LINEAR LINEAR LINEAR LINEAR LINEAR LINEAR LINEAR LINEAR LINEAR LINEAR LINEAR
LINEAR LINEAR LINEAR LINEAR LINEAR LINEAR LINEAR LINEAR LINEAR LINEAR</Name_array>
        <technique_common>
          <accessor source="#mixamorig_Spine-Interpolations-array" count="93">
            <param type="name"/>
          </accessor>
        </technique_common>
      </source>
      <sampler id="mixamorig_Spine-Matrix-animation-transform">
        <input semantic="INPUT" source="#mixamorig_Spine-Matrix-animation-input"/>
        <input semantic="OUTPUT" source="#mixamorig_Spine-Matrix-animation-output-transform"/>
        <input semantic="INTERPOLATION" source="#mixamorig_Spine-Interpolations"/>
      </sampler>
      <channel source="#mixamorig_Spine-Matrix-animation-transform" target="mixamorig_Spine/matrix"/>
    </animation>
    <animation id="mixamorig_Spine1-anim" name="mixamorig_Spine1">
      <source id="mixamorig_Spine1-Matrix-animation-input">
        <float_array id="mixamorig_Spine1-Matrix-animation-input-array" count="93">

0.000000 0.033333 0.066667 0.100000 0.133333 0.166667 0.200000 0.233333 0.266667 0.300000 0.333333 0.366667 0.400000 0.433333 0.466667 0.500000
0.533333 0.566667 0.600000 0.633333 0.666667 0.700000 0.733333 0.766667 0.800000 0.833333 0.866667 0.900000 0.933333 0.966667 1.000000 1.033333
1.066667 1.100000 1.133333 1.166667 1.200000 1.233333 1.266667 1.300000 1.333333 1.366667 1.400000 1.433333 1.466667 1.500000 1.533333 1.566667
1.600000 1.633333 1.666667 1.700000 1.733333 1.766667 1.800000 1.833333 1.866667 1.900000 1.933333 1.966667 2.000000 2.033333 2.066667 2.100000
2.133333 2.166667 2.200000 2.233333 2.266667 2.300000 2.333333 2.366667 2.400000 2.433333 2.466667 2.500000 2.533333 2.566667 2.600000 2.633333
2.666667 2.700000 2.733333 2.766667 2.800000 2.833333 2.866667 2.900000 2.933333 2.966667 3.000000 3.033333 3.066667</float_array>
        <technique_common>
          <accessor source="#mixamorig_Spine1-Matrix-animation-input-array" count="93">
            <param name="TIME" type="float"/>
          </accessor>
        </technique_common>
      </source>
      <source id="mixamorig_Spine1-Matrix-animation-output-transform">
        <float_array id="mixamorig_Spine1-Matrix-animation-output-transform-array" count="1488">

0.999695 -0.024063 0.005526 -0.000000 0.022177 0.973550 0.227396 11.673000 -0.010852 -0.227204 0.973787 0.000000 0.000000 0.000000 0.000000 1.000000
0.999699 -0.023811 0.005871 0.000000 0.021854 0.973579 0.227301 11.673000 -0.011128 -0.227104 0.973807 0.000000 0.000000 0.000000 0.000000 1.000000
0.999698 -0.023731 0.006369 0.000000 0.021664 0.973610 0.227186 11.673000 -0.011592 -0.226980 0.973831 -0.000000 0.000000 0.000000 0.000000 1.000000
0.999695 -0.023749 0.006701 -0.000000 0.021609 0.973655 0.227000 11.673000 -0.011916 -0.226786 0.973872 0.000000 0.000000 0.000000 0.000000 1.000000
0.999695 -0.023756 0.006781 0.000000 0.021600 0.973704 0.226791 11.673000 -0.011991 -0.226575 0.973920 0.000000 0.000000 0.000000 0.000000 1.000000
0.999695 -0.023758 0.006804 0.000000 0.021598 0.973720 0.226721 11.673000 -0.012011 -0.226505 0.973936 0.000000 0.000000 0.000000 0.000000 1.000000
0.999695 -0.023729 0.006808 0.000000 0.021569 0.973725 0.226702 11.673000 -0.012008 -0.226486 0.973940 0.000000 0.000000 0.000000 0.000000 1.000000
0.999698 -0.023617 0.006815 0.000000 0.021458 0.973728 0.226702 11.673000 -0.011990 -0.226488 0.973940 0.000000 0.000000 0.000000 0.000000 1.000000
0.999702 -0.023455 0.006824 0.000000 0.021298 0.973731 0.226703 11.673000 -0.011962 -0.226490 0.973940 0.000000 0.000000 0.000000 0.000000 1.000000
0.999704 -0.023346 0.006804 0.000000 0.021197 0.973737 0.226685 11.673000 -0.011917 -0.226474 0.973944 0.000000 0.000000 0.000000 0.000000 1.000000
0.999707 -0.023244 0.006773 0.000000 0.021106 0.973753 0.226628 11.673000 -0.011863 -0.226419 0.973958 0.000000 0.000000 0.000000 0.000000 1.000000
0.999711 -0.023073 0.006763 -0.000000 0.020943 0.973798 0.226449 11.673000 -0.011811 -0.226242 0.974000 0.000000 0.000000 0.000000 0.000000 1.000000
0.999716 -0.022830 0.006771 0.000000 0.020708 0.973869 0.226163 11.673000 -0.011757 -0.225959 0.974066 -0.000000 0.000000 0.000000 0.000000 1.000000
0.999723 -0.022562 0.006765 0.000000 0.020451 0.973926 0.225944 11.673000 -0.011687 -0.225743 0.974117 0.000000 0.000000 0.000000 0.000000 1.000000
0.999727 -0.022346 0.006785 0.000000 0.020236 0.973945 0.225879 11.673000 -0.011656 -0.225681 0.974132 0.000000 0.000000 0.000000 0.000000 1.000000
0.999727 -0.022314 0.006900 0.000000 0.020180 0.973953 0.225850 11.673000 -0.011760 -0.225649 0.974138 0.000000 0.000000 0.000000 0.000000 1.000000
0.999724 -0.022373 0.007168 -0.000000 0.020177 0.973956 0.225835 11.673000 -0.012033 -0.225628 0.974139 -0.000000 0.000000 0.000000 0.000000 1.000000
0.999718 -0.022485 0.007573 0.000000 0.020195 0.973957 0.225830 11.673000 -0.012454 -0.225614 0.974137 0.000000 0.000000 0.000000 0.000000 1.000000
0.999714 -0.022581 0.007909 0.000000 0.020213 0.973957 0.225830 11.673000 -0.012802 -0.225605 0.974135 0.000000 0.000000 0.000000 0.000000 1.000000
0.999713 -0.022595 0.007995 0.000000 0.020207 0.973958 0.225828 11.673000 -0.012889 -0.225601 0.974134 0.000000 0.000000 0.000000 0.000000 1.000000
0.999717 -0.022496 0.007782 0.000000 0.020159 0.973961 0.225820 11.673000 -0.012660 -0.225599 0.974138 -0.000000 0.000000 0.000000 0.000000 1.000000
0.999725 -0.022237 0.007405 0.000000 0.019992 0.973969 0.225799 11.673000 -0.012233 -0.225589 0.974146 0.000000 0.000000 0.000000 0.000000 1.000000
0.999735 -0.021909 0.007062 0.000000 0.019750 0.973983 0.225758 11.673000 -0.011824 -0.225559 0.974158 -0.000000 0.000000 0.000000 0.000000 1.000000
0.999744 -0.021587 0.006810 0.000000 0.019493 0.974000 0.225706 11.673000 -0.011505 -0.225516 0.974172 0.000000 0.000000 0.000000 0.000000 1.000000
0.999748 -0.021398 0.006739 0.000000 0.019327 0.974024 0.225618 11.673000 -0.011392 -0.225431 0.974193 0.000000 0.000000 0.000000 0.000000 1.000000
0.999748 -0.021381 0.006853 -0.000000 0.019286 0.974065 0.225445 11.673000 -0.011496 -0.225256 0.974232 0.000000 0.000000 0.000000 0.000000 1.000000
