<?xml version="1.0" encoding="utf-8"?>
<COLLADA xmlns="http://www.collada.org/2005/11/COLLADASchema" version="1.4.1">
  <asset>
    <contributor>
      <author>Mixamo</author>
      <authoring_tool>COLLADA Mixamo exporter</authoring_tool>
      <comments/>
    </contributor>
    <created>2026-01-24T17:46:28Z</created>
    <modified>2026-01-24T17:46:28Z</modified>
    <revision/>
    <title/>
    <unit meter="0.010000"/>
    <up_axis>Y_UP</up_axis>
  </asset>
  <library_animations>
    <animation id="mixamorig_Hips-anim" name="mixamorig_Hips">
      <source id="mixamorig_Hips-Matrix-animation-input">
        <float_array id="mixamorig_Hips-Matrix-animation-input-array" count="267">

0.000000 0.033333 0.066667 0.100000 0.133333 0.166667 0.200000 0.233333 0.266667 0.300000 0.333333 0.366667 0.400000 0.433333 0.466667 0.500000
0.533333 0.566667 0.600000 0.633333 0.666667 0.700000 0.733333 0.766667 0.800000 0.833333 0.866667 0.900000 0.933333 0.966667 1.000000 1.033333
1.066667 1.100000 1.133333 1.166667 1.200000 1.233333 1.266667 1.300000 1.333333 1.366667 1.400000 1.433333 1.466667 1.500000 1.533333 1.566667
1.600000 1.633333 1.666667 1.700000 1.733333 1.766667 1.800000 1.833333 1.866667 1.900000 1.933333 1.966667 2.000000 2.033333 2.066667 2.100000
2.133333 2.166667 2.200000 2.233333 2.266667 2.300000 2.333333 2.366667 2.400000 2.433333 2.466667 2.500000 2.533333 2.566667 2.600000 2.633333
2.666667 2.700000 2.733333 2.766667 2.800000 2.833333 2.866667 2.900000 2.933333 2.966667 3.000000 3.033333 3.066667 3.100000 3.133333 3.166667
3.200000 3.233333 3.266667 3.300000 3.333333 3.366667 3.400000 3.433333 3.466667 3.500000 3.533333 3.566667 3.600000 3.633333 3.666667 3.700000
3.733333 3.766667 3.800000 3.833333 3.866667 3.900000 3.933333 3.966667 4.000000 4.033333 4.066667 4.100000 4.133333 4.166667 4.200000 4.233333
4.266667 4.300000 4.333333 4.366667 4.400000 4.433333 4.466667 4.500000 4.533333 4.566667 4.600000 4.633333 4.666667 4.700000 4.733333 4.766667
4.800000 4.833333 4.866667 4.900000 4.933333 4.966667 5.000000 5.033333 5.066667 5.100000 5.133333 5.166667 5.200000 5.233333 5.266667 5.300000
5.333333 5.366667 5.400000 5.433333 5.466667 5.500000 5.533333 5.566667 5.600000 5.633333 5.666667 5.700000 5.733333 5.766667 5.800000 5.833333
5.866667 5.900000 5.933333 5.966667 6.000000 6.033333 6.066667 6.100000 6.133333 6.166667 6.200000 6.233333 6.266667 6.300000 6.333333 6.366667
6.400000 6.433333 6.466667 6.500000 6.533333 6.566667 6.600000 6.633333 6.666667 6.700000 6.733333 6.766667 6.800000 6.833333 6.866667 6.900000
6.933333 6.966667 7.000000 7.033333 7.066667 7.100000 7.133333 7.166667 7.200000 7.233333 7.266667 7.300000 7.333333 7.366667 7.400000 7.433333
7.466667 7.500000 7.533333 7.566667 7.600000 7.633333 7.666667 7.700000 7.733333 7.766667 7.800000 7.833333 7.866667 7.900000 7.933333 7.966667
8.000000 8.033333 8.066667 8.100000 8.133333 8.166667 8.200000 8.233333 8.266667 8.300000 8.333333 8.366667 8.400000 8.433333 8.466667 8.500000
8.533333 8.566667 8.600000 8.633333 8.666667 8.700000 8.733333 8.766667 8.800000 8.833333 8.866667</float_array>
        <technique_common>
          <accessor source="#mixamorig_Hips-Matrix-animation-input-array" count="267">
            <param name="TIME" type="float"/>
          </accessor>
        </technique_common>
      </source>
      <source id="mixamorig_Hips-Matrix-animation-output-transform">
        <float_array id="mixamorig_Hips-Matrix-animation-output-transform-array" count="4272">

0.993772 0.064322 -0.090990 0.153680 -0.058490 0.996145 0.065379 111.479668 0.094845 -0.059650 0.993703 0.186523 0.000000 0.000000 0.000000 1.000000
0.993742 0.064355 -0.091294 0.156305 -0.058504 0.996144 0.065380 111.479996 0.095150 -0.059629 0.993675 0.178242 0.000000 0.000000 0.000000 1.000000
0.993657 0.064399 -0.092186 0.160217 -0.058495 0.996145 0.065380 111.479416 0.096041 -0.059572 0.993593 0.160414 0.000000 0.000000 0.000000 1.000000
0.993524 0.064449 -0.093572 0.165393 -0.058462 0.996146 0.065379 111.478867 0.097425 -0.059485 0.993464 0.130737 0.000000 0.000000 0.000000 1.000000
0.993367 0.064519 -0.095180 0.170310 -0.058412 0.996134 0.065610 111.478798 0.099045 -0.059615 0.993296 0.089120 0.000000 0.000000 0.000000 1.000000
0.993195 0.064664 -0.096859 0.172504 -0.058413 0.996106 0.066037 111.478859 0.100752 -0.059930 0.993105 0.036920 0.000000 0.000000 0.000000 1.000000
0.993014 0.065031 -0.098461 0.170698 -0.058622 0.996053 0.066650 111.479004 0.102407 -0.060413 0.992906 -0.023046 0.000000 0.000000 0.000000 1.000000
0.992861 0.065490 -0.099688 0.165504 -0.058921 0.995980 0.067471 111.479973 0.103706 -0.061115 0.992729 -0.085945 0.000000 0.000000 0.000000 1.000000
0.992762 0.065925 -0.100384 0.157493 -0.059202 0.995890 0.068545 111.482574 0.104490 -0.062106 0.992585 -0.148316 0.000000 0.000000 0.000000 1.000000
0.992696 0.066392 -0.100734 0.145894 -0.059506 0.995778 0.069893 111.486603 0.104949 -0.063388 0.992455 -0.208342 0.000000 0.000000 0.000000 1.000000
0.992631 0.066954 -0.100999 0.130088 -0.059886 0.995644 0.071460 111.490715 0.105344 -0.064885 0.992317 -0.263446 0.000000 0.000000 0.000000 1.000000
0.992580 0.067545 -0.101104 0.109862 -0.060295 0.995499 0.073125 111.494370 0.105589 -0.066486 0.992185 -0.310728 0.000000 0.000000 0.000000 1.000000
0.992591 0.068076 -0.100644 0.084111 -0.060686 0.995354 0.074753 111.498795 0.105265 -0.068091 0.992110 -0.349186 0.000000 0.000000 0.000000 1.000000
0.992693 0.068559 -0.099298 0.052186 -0.061106 0.995214 0.076251 111.504890 0.104050 -0.069626 0.992132 -0.379471 0.000000 0.000000 0.000000 1.000000
0.992870 0.069057 -0.097165 0.014688 -0.061617 0.995079 0.077591 111.511429 0.102045 -0.071051 0.992239 -0.400742 0.000000 0.000000 0.000000 1.000000
0.993076 0.069603 -0.094633 -0.031527 -0.062218 0.994941 0.078877 111.516808 0.099644 -0.072443 0.992383 -0.408728 0.000000 0.000000 0.000000 1.000000
0.993298 0.070189 -0.091833 -0.092622 -0.062883 0.994796 0.080165 111.520622 0.096982 -0.073853 0.992542 -0.400336 0.000000 0.000000 0.000000 1.000000
0.993570 0.070774 -0.088369 -0.167487 -0.063632 0.994666 0.081179 111.524071 0.093643 -0.075034 0.992774 -0.379773 0.000000 0.000000 0.000000 1.000000
0.993929 0.071330 -0.083766 -0.250312 -0.064489 0.994567 0.081715 111.528244 0.089140 -0.075817 0.993129 -0.353155 0.000000 0.000000 0.000000 1.000000
0.994378 0.071767 -0.077856 -0.338303 -0.065360 0.994492 0.081934 111.533333 0.083307 -0.076384 0.993592 -0.322769 0.000000 0.000000 0.000000 1.000000
0.994906 0.071908 -0.070642 -0.432562 -0.066055 0.994444 0.081962 111.539627 0.076143 -0.076878 0.994129 -0.290107 0.000000 0.000000 0.000000 1.000000
0.995496 0.071664 -0.062056 -0.534554 -0.066493 0.994434 0.081733 111.548569 0.067568 -0.077239 0.994720 -0.258787 0.000000 0.000000 0.000000 1.000000
0.996108 0.071170 -0.051999 -0.642337 -0.066814 0.994456 0.081200 111.561226 0.057489 -0.077410 0.995340 -0.232168 0.000000 0.000000 0.000000 1.000000
0.996671 0.070677 -0.040630 -0.750654 -0.067244 0.994490 0.080418 111.577408 0.046090 -0.077418 0.995933 -0.208586 0.000000 0.000000 0.000000 1.000000
0.997112 0.070379 -0.028538 -0.853999 -0.067919 0.994516 0.079534 111.597527 0.033979 -0.077366 0.996424 -0.180341 0.000000 0.000000 0.000000 1.000000
0.997396 0.070214 -0.016476 -0.950635 -0.068710 0.994521 0.078780 111.617569 0.021917 -0.077443 0.996756 -0.139456 0.000000 0.000000 0.000000 1.000000
0.997559 0.069661 -0.004918 -1.045660 -0.069065 0.994539 0.078250 111.617271 0.010342 -0.077720 0.996922 -0.083997 0.000000 0.000000 0.000000 1.000000
0.997594 0.069058 0.006068 -1.139722 -0.069320 0.994560 0.077745 111.615608 -0.000666 -0.077979 0.996955 -0.013202 0.000000 0.000000 0.000000 1.000000
0.997518 0.068450 0.016531 -1.232828 -0.069525 0.994607 0.076959 111.614853 -0.011174 -0.077917 0.996897 0.068492 0.000000 0.000000 0.000000 1.000000
0.997341 0.067862 0.026577 -1.321162 -0.069702 0.994679 0.075862 111.615341 -0.021288 -0.077512 0.996764 0.157182 0.000000 0.000000 0.000000 1.000000
0.997078 0.067122 0.036468 -1.400882 -0.069701 0.994763 0.074753 111.614746 -0.031260 -0.077077 0.996535 0.253286 0.000000 0.000000 0.000000 1.000000
0.996727 0.065997 0.046685 -1.471454 -0.069337 0.994847 0.073965 111.613297 -0.041563 -0.076960 0.996167 0.361734 0.000000 0.000000 0.000000 1.000000
0.996252 0.064412 0.057735 -1.535184 -0.068591 0.994928 0.073578 111.610550 -0.052703 -0.077263 0.995617 0.486239 0.000000 0.000000 0.000000 1.000000
0.995598 0.062596 0.069757 -1.595249 -0.067711 0.994991 0.073542 111.604797 -0.064804 -0.077942 0.994849 0.626372 0.000000 0.000000 0.000000 1.000000
0.994746 0.060881 0.082304 -1.655444 -0.067011 0.995013 0.073887 111.594032 -0.077395 -0.079015 0.993865 0.780320 0.000000 0.000000 0.000000 1.000000
0.993733 0.059475 0.094648 -1.719615 -0.066647 0.994991 0.074508 111.578857 -0.089742 -0.080348 0.992719 0.946077 0.000000 0.000000 0.000000 1.000000
0.992628 0.058412 0.106193 -1.791443 -0.066580 0.994954 0.075062 111.562668 -0.101273 -0.081579 0.991508 1.119048 0.000000 0.000000 0.000000 1.000000
0.991497 0.057673 0.116649 -1.873753 -0.066729 0.994928 0.075276 111.547348 -0.111716 -0.082420 0.990316 1.295209 0.000000 0.000000 0.000000 1.000000
0.990328 0.057467 0.126283 -1.967223 -0.067304 0.994906 0.075055 111.531715 -0.121326 -0.082828 0.989151 1.475043 0.000000 0.000000 0.000000 1.000000
0.989003 0.058186 0.135969 -2.070458 -0.068751 0.994860 0.074344 111.515327 -0.130944 -0.082874 0.987920 1.658620 0.000000 0.000000 0.000000 1.000000
0.987399 0.059890 0.146478 -2.181028 -0.071185 0.994779 0.073121 111.501312 -0.141334 -0.082627 0.986508 1.843598 0.000000 0.000000 0.000000 1.000000
0.985519 0.061928 0.157850 -2.296398 -0.073967 0.994689 0.071566 111.490639 -0.152580 -0.082206 0.984866 2.031094 0.000000 0.000000 0.000000 1.000000
0.983471 0.063549 0.169548 -2.411354 -0.076344 0.994619 0.070037 111.480148 -0.164185 -0.081823 0.983030 2.224819 0.000000 0.000000 0.000000 1.000000
0.981340 0.064677 0.181075 -2.517378 -0.078225 0.994566 0.068702 111.467010 -0.175647 -0.081585 0.981067 2.420238 0.000000 0.000000 0.000000 1.000000
0.979048 0.065812 0.192701 -2.609538 -0.080094 0.994514 0.067281 111.450821 -0.187216 -0.081305 0.978948 2.604954 0.000000 0.000000 0.000000 1.000000
0.976321 0.067344 0.205580 -2.691132 -0.082344 0.994463 0.065295 111.431274 -0.200044 -0.080677 0.976460 2.770999 0.000000 0.000000 0.000000 1.000000
0.972888 0.068992 0.220745 -2.765912 -0.084740 0.994430 0.062673 111.410881 -0.215192 -0.079679 0.973316 2.921720 0.000000 0.000000 0.000000 1.000000
0.968677 0.070105 0.238224 -2.830331 -0.086667 0.994443 0.059764 111.397682 -0.232710 -0.078539 0.969370 3.069157 0.000000 0.000000 0.000000 1.000000
0.963621 0.070566 0.257788 -2.880572 -0.088019 0.994499 0.056787 111.396416 -0.252362 -0.077412 0.964531 3.225507 0.000000 0.000000 0.000000 1.000000
0.957346 0.070684 0.280165 -2.917661 -0.089220 0.994549 0.053955 111.399506 -0.274825 -0.076650 0.958434 3.397229 0.000000 0.000000 0.000000 1.000000
0.949335 0.070335 0.306293 -2.939216 -0.090399 0.994557 0.051803 111.392807 -0.300982 -0.076867 0.950527 3.585292 0.000000 0.000000 0.000000 1.000000
0.939465 0.069040 0.335619 -2.937733 -0.091169 0.994549 0.050610 111.370377 -0.330295 -0.078145 0.940637 3.783885 0.000000 0.000000 0.000000 1.000000
0.928222 0.066698 0.365998 -2.908658 -0.091222 0.994569 0.050105 111.343918 -0.360668 -0.079896 0.929266 3.981898 0.000000 0.000000 0.000000 1.000000
0.916523 0.063612 0.394892 -2.852426 -0.090567 0.994635 0.049978 111.330551 -0.389594 -0.081570 0.917367 4.171113 0.000000 0.000000 0.000000 1.000000
0.905315 0.060139 0.420461 -2.772284 -0.089379 0.994734 0.050167 111.336899 -0.415229 -0.082997 0.905923 4.346674 0.000000 0.000000 0.000000 1.000000
0.895437 0.056437 0.441596 -2.672254 -0.087760 0.994845 0.050808 111.353210 -0.436453 -0.084250 0.895774 4.499405 0.000000 0.000000 0.000000 1.000000
0.887691 0.052581 0.457427 -2.557034 -0.085772 0.994953 0.052083 111.366028 -0.452380 -0.085468 0.887720 4.615718 0.000000 0.000000 0.000000 1.000000
0.882805 0.048805 0.467197 -2.431767 -0.083491 0.995054 0.053816 111.373764 -0.462260 -0.086516 0.882514 4.686057 0.000000 0.000000 0.000000 1.000000
0.881129 0.045437 0.470687 -2.298741 -0.080957 0.995172 0.055485 111.385559 -0.465894 -0.086995 0.880554 4.710965 0.000000 0.000000 0.000000 1.000000
0.882429 0.042637 0.468510 -2.158105 -0.078223 0.995319 0.056752 111.407654 -0.463897 -0.086728 0.881634 4.698727 0.000000 0.000000 0.000000 1.000000
0.886089 0.040295 0.461761 -2.011536 -0.075384 0.995479 0.057787 111.433243 -0.457344 -0.086014 0.885120 4.658455 0.000000 0.000000 0.000000 1.000000
0.891462 0.038265 0.451477 -1.863686 -0.072611 0.995614 0.058990 111.447098 -0.447239 -0.085370 0.890331 4.595973 0.000000 0.000000 0.000000 1.000000
0.898015 0.036608 0.438439 -1.722378 -0.070165 0.995694 0.060577 111.444359 -0.434333 -0.085162 0.896717 4.514622 0.000000 0.000000 0.000000 1.000000
0.905266 0.035574 0.423352 -1.595550 -0.068352 0.995702 0.062490 111.436821 -0.419310 -0.085508 0.903807 4.419742 0.000000 0.000000 0.000000 1.000000
0.912604 0.035408 0.407309 -1.487035 -0.067419 0.995637 0.064505 111.437347 -0.403248 -0.086328 0.911010 4.318778 0.000000 0.000000 0.000000 1.000000
0.919323 0.036039 0.391851 -1.394062 -0.067376 0.995508 0.066514 111.447655 -0.387693 -0.087550 0.917621 4.216938 0.000000 0.000000 0.000000 1.000000
0.925000 0.037018 0.378160 -1.309437 -0.067950 0.995315 0.068778 111.461891 -0.373843 -0.089315 0.923182 4.115606 0.000000 0.000000 0.000000 1.000000
0.929710 0.037919 0.366336 -1.229302 -0.068783 0.995061 0.071566 111.474007 -0.361813 -0.091733 0.927726 4.013041 0.000000 0.000000 0.000000 1.000000
0.933804 0.038681 0.355689 -1.153178 -0.069650 0.994773 0.074674 111.481346 -0.350941 -0.094504 0.931617 3.907802 0.000000 0.000000 0.000000 1.000000
0.937514 0.039445 0.345704 -1.076478 -0.070436 0.994498 0.077540 111.485344 -0.340744 -0.097045 0.935134 3.802428 0.000000 0.000000 0.000000 1.000000
0.940790 0.040298 0.336585 -0.992451 -0.071092 0.994283 0.079669 111.489021 -0.331451 -0.098880 0.938277 3.701367 0.000000 0.000000 0.000000 1.000000
0.943572 0.041259 0.328588 -0.901269 -0.071640 0.994145 0.080891 111.493004 -0.323326 -0.099867 0.941003 3.608053 0.000000 0.000000 0.000000 1.000000
0.946093 0.042374 0.321111 -0.806499 -0.072100 0.994083 0.081249 111.495628 -0.315768 -0.100022 0.943550 3.525230 0.000000 0.000000 0.000000 1.000000
0.948763 0.043742 0.312946 -0.708040 -0.072491 0.994089 0.080824 111.496536 -0.307561 -0.099369 0.946326 3.456616 0.000000 0.000000 0.000000 1.000000
0.951861 0.045412 0.303148 -0.604709 -0.072875 0.994135 0.079900 111.496025 -0.297742 -0.098146 0.949588 3.406811 0.000000 0.000000 0.000000 1.000000
0.955404 0.047326 0.291486 -0.498644 -0.073314 0.994184 0.078884 111.493874 -0.286058 -0.096736 0.953317 3.376876 0.000000 0.000000 0.000000 1.000000
0.959204 0.049492 0.278350 -0.395207 -0.073863 0.994232 0.077757 111.491882 -0.272896 -0.095145 0.957327 3.362419 0.000000 0.000000 0.000000 1.000000
0.962980 0.052041 0.264503 -0.299734 -0.074632 0.994305 0.076082 111.491119 -0.259037 -0.093006 0.961379 3.360319 0.000000 0.000000 0.000000 1.000000
0.966408 0.055023 0.251055 -0.214258 -0.075759 0.994400 0.073684 111.483658 -0.245595 -0.090229 0.965164 3.374218 0.000000 0.000000 0.000000 1.000000
0.969223 0.058137 0.239223 -0.137532 -0.077163 0.994491 0.070944 111.463036 -0.233780 -0.087219 0.968370 3.406863 0.000000 0.000000 0.000000 1.000000
0.971348 0.060840 0.229742 -0.068117 -0.078450 0.994575 0.068307 111.438858 -0.224339 -0.084373 0.970852 3.452094 0.000000 0.000000 0.000000 1.000000
0.972879 0.062716 0.222652 -0.002673 -0.079177 0.994688 0.065784 111.425552 -0.217343 -0.081629 0.972676 3.501250 0.000000 0.000000 0.000000 1.000000
0.973989 0.063598 0.217489 0.065578 -0.079080 0.994861 0.063230 111.425903 -0.212350 -0.078784 0.974013 3.548962 0.000000 0.000000 0.000000 1.000000
0.974967 0.063533 0.213080 0.137683 -0.078153 0.995079 0.060902 111.432777 -0.208163 -0.076031 0.975135 3.588551 0.000000 0.000000 0.000000 1.000000
0.976261 0.062922 0.207255 0.203808 -0.076742 0.995284 0.059325 111.438629 -0.202544 -0.073822 0.976487 3.610158 0.000000 0.000000 0.000000 1.000000
0.978303 0.062320 0.197583 0.253578 -0.075298 0.995422 0.058859 111.441963 -0.193011 -0.072459 0.978518 3.604069 0.000000 0.000000 0.000000 1.000000
0.981209 0.062087 0.182687 0.285424 -0.074074 0.995474 0.059535 111.445740 -0.178164 -0.071948 0.981367 3.561402 0.000000 0.000000 0.000000 1.000000
0.984698 0.062470 0.162686 0.299519 -0.073249 0.995439 0.061123 111.450203 -0.158126 -0.072104 0.984783 3.473207 0.000000 0.000000 0.000000 1.000000
0.988260 0.063653 0.138893 0.290269 -0.073001 0.995323 0.063275 111.451233 -0.134216 -0.072672 0.988284 3.335193 0.000000 0.000000 0.000000 1.000000
0.991388 0.065706 0.113283 0.252455 -0.073459 0.995134 0.065670 111.448059 -0.108416 -0.073426 0.991390 3.156925 0.000000 0.000000 0.000000 1.000000
0.993778 0.068605 0.087742 0.189829 -0.074692 0.994879 0.068090 111.445854 -0.082621 -0.074220 0.993813 2.959663 0.000000 0.000000 0.000000 1.000000
0.995390 0.071963 0.063402 0.120770 -0.076380 0.994601 0.070245 111.450714 -0.058005 -0.074764 0.995513 2.759848 0.000000 0.000000 0.000000 1.000000
0.996377 0.074925 0.040229 0.071439 -0.077669 0.994403 0.071627 111.463943 -0.034638 -0.074492 0.996620 2.555681 0.000000 0.000000 0.000000 1.000000
0.996879 0.076963 0.017588 0.056478 -0.078037 0.994355 0.071890 111.483528 -0.011956 -0.073038 0.997257 2.341516 0.000000 0.000000 0.000000 1.000000
0.996903 0.078508 -0.004472 0.071216 -0.077993 0.994410 0.071176 111.506805 0.010035 -0.070606 0.997454 2.126559 0.000000 0.000000 0.000000 1.000000
0.996501 0.079782 -0.024898 0.105809 -0.077878 0.994514 0.069839 111.531364 0.030333 -0.067656 0.997248 1.926835 0.000000 0.000000 0.000000 1.000000
0.995828 0.080749 -0.042490 0.156997 -0.077744 0.994641 0.068157 111.554649 0.047766 -0.064570 0.996769 1.751088 0.000000 0.000000 0.000000 1.000000
0.995076 0.081277 -0.056730 0.221262 -0.077473 0.994786 0.066318 111.575394 0.061825 -0.061597 0.996184 1.602977 0.000000 0.000000 0.000000 1.000000
0.994390 0.081215 -0.067772 0.289125 -0.076873 0.994960 0.064388 111.592972 0.072660 -0.058817 0.995621 1.486994 0.000000 0.000000 0.000000 1.000000
0.993856 0.080724 -0.075722 0.349732 -0.076075 0.995148 0.062387 111.606003 0.080390 -0.056243 0.995175 1.406997 0.000000 0.000000 0.000000 1.000000
0.993541 0.080077 -0.080402 0.396717 -0.075325 0.995322 0.060503 111.613022 0.084871 -0.054056 0.994925 1.362943 0.000000 0.000000 0.000000 1.000000
0.993443 0.079479 -0.082178 0.429377 -0.074757 0.995453 0.059026 111.614761 0.086496 -0.052496 0.994868 1.351211 0.000000 0.000000 0.000000 1.000000
0.993477 0.078957 -0.082277 0.449340 -0.074307 0.995540 0.058124 111.614449 0.086499 -0.051631 0.994913 1.367627 0.000000 0.000000 0.000000 1.000000
0.993543 0.078484 -0.081931 0.458119 -0.073872 0.995586 0.057886 111.614479 0.086112 -0.051460 0.994956 1.409868 0.000000 0.000000 0.000000 1.000000
0.993566 0.078129 -0.081988 0.458906 -0.073472 0.995588 0.058369 111.614296 0.086187 -0.051970 0.994923 1.473181 0.000000 0.000000 0.000000 1.000000
0.993453 0.078087 -0.083388 0.458292 -0.073260 0.995539 0.059464 111.609856 0.087659 -0.052966 0.994741 1.547615 0.000000 0.000000 0.000000 1.000000
0.993115 0.078524 -0.086931 0.462587 -0.073377 0.995443 0.060905 111.595619 0.091317 -0.054107 0.994351 1.623997 0.000000 0.000000 0.000000 1.000000
0.992553 0.079463 -0.092331 0.471873 -0.073890 0.995319 0.062294 111.570694 0.096849 -0.055008 0.993778 1.700215 0.000000 0.000000 0.000000 1.000000
0.991868 0.080858 -0.098283 0.480500 -0.074871 0.995192 0.063148 111.543106 0.102916 -0.055276 0.993153 1.779647 0.000000 0.000000 0.000000 1.000000
0.991171 0.082590 -0.103722 0.486535 -0.076300 0.995079 0.063222 111.523193 0.108433 -0.054750 0.992595 1.865451 0.000000 0.000000 0.000000 1.000000
0.990462 0.084393 -0.108912 0.497796 -0.077868 0.994981 0.062842 111.513222 0.113669 -0.053762 0.992063 1.956729 0.000000 0.000000 0.000000 1.000000
0.989604 0.086012 -0.115266 0.526485 -0.079176 0.994891 0.062633 111.506538 0.120064 -0.052856 0.991358 2.050210 0.000000 0.000000 0.000000 1.000000
0.988413 0.087323 -0.124151 0.581305 -0.079985 0.994808 0.062920 111.497574 0.129001 -0.052260 0.990266 2.144790 0.000000 0.000000 0.000000 1.000000
0.986758 0.088265 -0.136078 0.665082 -0.080214 0.994749 0.063564 111.490143 0.140974 -0.051807 0.988657 2.243688 0.000000 0.000000 0.000000 1.000000
0.984556 0.088894 -0.150821 0.776057 -0.079948 0.994717 0.064387 111.486809 0.155748 -0.051334 0.986462 2.355062 0.000000 0.000000 0.000000 1.000000
0.981783 0.089194 -0.167767 0.907825 -0.079176 0.994707 0.065498 111.484917 0.172721 -0.051022 0.983648 2.488859 0.000000 0.000000 0.000000 1.000000
0.978503 0.088861 -0.186105 1.049670 -0.077575 0.994727 0.067082 111.469292 0.191084 -0.051203 0.980237 2.649217 0.000000 0.000000 0.000000 1.000000
0.974753 0.088342 -0.205068 1.198646 -0.075629 0.994743 0.069037 111.461731 0.210089 -0.051784 0.976310 2.835979 0.000000 0.000000 0.000000 1.000000
0.970555 0.087465 -0.224437 1.350523 -0.073232 0.994785 0.070991 111.450150 0.229476 -0.052465 0.971899 3.036988 0.000000 0.000000 0.000000 1.000000
0.965826 0.085788 -0.244582 1.501652 -0.069977 0.994901 0.072632 111.408142 0.249566 -0.053035 0.966904 3.235306 0.000000 0.000000 0.000000 1.000000
0.960369 0.083849 -0.265822 1.656243 -0.066425 0.995052 0.073889 111.360725 0.270702 -0.053303 0.961186 3.424715 0.000000 0.000000 0.000000 1.000000
0.954146 0.081727 -0.287968 1.812329 -0.062678 0.995229 0.074776 111.314262 0.292705 -0.053298 0.954716 3.605953 0.000000 0.000000 0.000000 1.000000
0.947271 0.079525 -0.310409 1.962389 -0.058927 0.995426 0.075197 111.276619 0.314969 -0.052940 0.947624 3.780043 0.000000 0.000000 0.000000 1.000000
0.939913 0.077405 -0.332524 2.093076 -0.055476 0.995642 0.074958 111.250854 0.336877 -0.052007 0.940111 3.939980 0.000000 0.000000 0.000000 1.000000
0.932257 0.075607 -0.353809 2.195141 -0.052630 0.995859 0.074134 111.234047 0.357949 -0.050491 0.932375 4.076147 0.000000 0.000000 0.000000 1.000000
0.924468 0.074423 -0.373924 2.274075 -0.050556 0.996031 0.073252 111.219460 0.377892 -0.048815 0.924562 4.184680 0.000000 0.000000 0.000000 1.000000
0.916687 0.073944 -0.392704 2.340946 -0.049183 0.996136 0.072761 111.202888 0.396567 -0.047384 0.916782 4.269383 0.000000 0.000000 0.000000 1.000000
0.909080 0.073969 -0.410002 2.396097 -0.048368 0.996196 0.072482 111.176010 0.413804 -0.046061 0.909200 4.337738 0.000000 0.000000 0.000000 1.000000
0.901923 0.074324 -0.425453 2.432046 -0.048053 0.996234 0.072168 111.150345 0.429215 -0.044645 0.902098 4.397696 0.000000 0.000000 0.000000 1.000000
0.895661 0.075033 -0.438362 2.445709 -0.048212 0.996237 0.072017 111.134209 0.442116 -0.043369 0.895909 4.449301 0.000000 0.000000 0.000000 1.000000
0.890805 0.076211 -0.447948 2.441703 -0.048853 0.996183 0.072333 111.125153 0.451751 -0.042551 0.891129 4.484499 0.000000 0.000000 0.000000 1.000000
0.887704 0.077864 -0.453783 2.425898 -0.050041 0.996074 0.073025 111.121941 0.457688 -0.042117 0.888115 4.494008 0.000000 0.000000 0.000000 1.000000
0.886338 0.080002 -0.456075 2.399984 -0.051958 0.995924 0.073724 111.127655 0.460114 -0.041647 0.886883 4.472908 0.000000 0.000000 0.000000 1.000000
0.886359 0.082625 -0.455567 2.365474 -0.054682 0.995743 0.074207 111.142624 0.459759 -0.040863 0.887103 4.421775 0.000000 0.000000 0.000000 1.000000
0.887447 0.085345 -0.452939 2.328865 -0.057706 0.995548 0.074523 111.159607 0.457283 -0.039998 0.888421 4.346301 0.000000 0.000000 0.000000 1.000000
0.889609 0.087507 -0.448262 2.297777 -0.060228 0.995379 0.074785 111.173195 0.452735 -0.039532 0.890769 4.256419 0.000000 0.000000 0.000000 1.000000
0.893069 0.088820 -0.441066 2.274895 -0.061942 0.995258 0.075002 111.186081 0.445636 -0.039661 0.894335 4.162208 0.000000 0.000000 0.000000 1.000000
0.897960 0.089404 -0.430899 2.257392 -0.062997 0.995176 0.075201 111.201660 0.435544 -0.040382 0.899261 4.068586 0.000000 0.000000 0.000000 1.000000
0.904054 0.089302 -0.417986 2.241356 -0.063361 0.995126 0.075566 111.227074 0.422696 -0.041832 0.905305 3.975524 0.000000 0.000000 0.000000 1.000000
0.910748 0.088430 -0.403383 2.224663 -0.062854 0.995107 0.076237 111.259529 0.408151 -0.044078 0.911850 3.881739 0.000000 0.000000 0.000000 1.000000
0.917397 0.086976 -0.388354 2.206037 -0.061652 0.995106 0.077227 111.294792 0.393170 -0.046905 0.918269 3.791989 0.000000 0.000000 0.000000 1.000000
0.923629 0.085218 -0.373695 2.184224 -0.060019 0.995099 0.078581 111.326286 0.378560 -0.050151 0.924217 3.712352 0.000000 0.000000 0.000000 1.000000
0.929489 0.083197 -0.359344 2.155653 -0.058008 0.995078 0.080339 111.348549 0.364260 -0.053830 0.929740 3.641070 0.000000 0.000000 0.000000 1.000000
0.935317 0.080945 -0.344427 2.110513 -0.055773 0.995038 0.082391 111.363777 0.349387 -0.057852 0.935191 3.569947 0.000000 0.000000 0.000000 1.000000
0.941369 0.078765 -0.328056 2.036180 -0.053764 0.994963 0.084609 111.376831 0.333068 -0.062010 0.940862 3.490522 0.000000 0.000000 0.000000 1.000000
0.947489 0.076975 -0.310386 1.927721 -0.052359 0.994841 0.086885 111.387611 0.315473 -0.066071 0.946632 3.398530 0.000000 0.000000 0.000000 1.000000
0.953221 0.075605 -0.292667 1.792444 -0.051580 0.994698 0.088966 111.397446 0.297841 -0.069709 0.952067 3.296588 0.000000 0.000000 0.000000 1.000000
0.958263 0.074578 -0.275989 1.641210 -0.051305 0.994564 0.090613 111.410866 0.281247 -0.072671 0.956880 3.191885 0.000000 0.000000 0.000000 1.000000
0.962687 0.073917 -0.260328 1.479402 -0.051508 0.994437 0.091882 111.426727 0.265671 -0.075044 0.961138 3.087763 0.000000 0.000000 0.000000 1.000000
0.966672 0.073677 -0.245188 1.309852 -0.052190 0.994296 0.093017 111.438858 0.250643 -0.077121 0.965003 2.981186 0.000000 0.000000 0.000000 1.000000
0.970264 0.073718 -0.230548 1.137745 -0.053165 0.994139 0.094131 111.444374 0.236136 -0.079075 0.968497 2.872514 0.000000 0.000000 0.000000 1.000000
0.973433 0.073756 -0.216766 0.967924 -0.054119 0.993988 0.095176 111.445824 0.222482 -0.080917 0.971573 2.769057 0.000000 0.000000 0.000000 1.000000
0.976194 0.073706 -0.203994 0.802186 -0.054944 0.993848 0.096164 111.445694 0.209827 -0.082666 0.974238 2.674528 0.000000 0.000000 0.000000 1.000000
0.978611 0.073639 -0.192090 0.641838 -0.055705 0.993709 0.097155 111.445702 0.198036 -0.084376 0.976556 2.583814 0.000000 0.000000 0.000000 1.000000
0.980743 0.073523 -0.180933 0.488769 -0.056388 0.993578 0.098093 111.446106 0.186983 -0.086002 0.978591 2.494358 0.000000 0.000000 0.000000 1.000000
0.982649 0.073260 -0.170394 0.341894 -0.056917 0.993468 0.098901 111.445175 0.176526 -0.087486 0.980400 2.412658 0.000000 0.000000 0.000000 1.000000
0.984375 0.072880 -0.160296 0.197528 -0.057327 0.993375 0.099600 111.439438 0.166493 -0.088855 0.982031 2.342811 0.000000 0.000000 0.000000 1.000000
0.985914 0.072504 -0.150719 0.055141 -0.057743 0.993300 0.100107 111.427299 0.156967 -0.089994 0.983495 2.278861 0.000000 0.000000 0.000000 1.000000
0.987272 0.072031 -0.141793 -0.080263 -0.058109 0.993290 0.099992 111.413445 0.148044 -0.090480 0.984833 2.213339 0.000000 0.000000 0.000000 1.000000
0.988576 0.071112 -0.132890 -0.199277 -0.058213 0.993428 0.098553 111.412010 0.139025 -0.089691 0.986219 2.145167 0.000000 0.000000 0.000000 1.000000
0.989955 0.069492 -0.123128 -0.292990 -0.057893 0.993755 0.095396 111.427803 0.128988 -0.087309 0.987795 2.078663 0.000000 0.000000 0.000000 1.000000
0.991242 0.067631 -0.113428 -0.361302 -0.057435 0.994205 0.090872 111.448494 0.118917 -0.083561 0.989382 2.016982 0.000000 0.000000 0.000000 1.000000
0.992072 0.066552 -0.106601 -0.414460 -0.057532 0.994671 0.085558 111.464005 0.111727 -0.078747 0.990614 1.957309 0.000000 0.000000 0.000000 1.000000
0.992363 0.066571 -0.103845 -0.458810 -0.058416 0.995106 0.079694 111.475784 0.108643 -0.073019 0.991395 1.908456 0.000000 0.000000 0.000000 1.000000
0.992429 0.066906 -0.102992 -0.490582 -0.059493 0.995523 0.073445 111.484085 0.107445 -0.066762 0.991967 1.899379 0.000000 0.000000 0.000000 1.000000
0.992537 0.066983 -0.101895 -0.510315 -0.060302 0.995909 0.067295 111.487579 0.105986 -0.060648 0.992516 1.947677 0.000000 0.000000 0.000000 1.000000
0.992672 0.066763 -0.100721 -0.526296 -0.060720 0.996233 0.061917 111.489594 0.104476 -0.055347 0.992986 2.044488 0.000000 0.000000 0.000000 1.000000
0.992760 0.065961 -0.100380 -0.546074 -0.060371 0.996504 0.057746 111.482040 0.103838 -0.051268 0.993272 2.170800 0.000000 0.000000 0.000000 1.000000
0.992755 0.065224 -0.100914 -0.567866 -0.059904 0.996694 0.054882 111.485069 0.104160 -0.048440 0.993380 2.312822 0.000000 0.000000 0.000000 1.000000
0.992691 0.064849 -0.101782 -0.593013 -0.059657 0.996797 0.053261 111.492165 0.104910 -0.046799 0.993380 2.454622 0.000000 0.000000 0.000000 1.000000
0.992614 0.064961 -0.102458 -0.622646 -0.059795 0.996818 0.052718 111.493942 0.105557 -0.046202 0.993339 2.582951 0.000000 0.000000 0.000000 1.000000
0.992576 0.065410 -0.102535 -0.655794 -0.060209 0.996777 0.053022 111.477661 0.105673 -0.046455 0.993315 2.688250 0.000000 0.000000 0.000000 1.000000
0.992614 0.066261 -0.101623 -0.685890 -0.061006 0.996677 0.053983 111.453270 0.104863 -0.047385 0.993357 2.764472 0.000000 0.000000 0.000000 1.000000
0.992757 0.067360 -0.099477 -0.706531 -0.062067 0.996534 0.055382 111.433189 0.102863 -0.048807 0.993497 2.802545 0.000000 0.000000 0.000000 1.000000
0.993035 0.068282 -0.096021 -0.715052 -0.063014 0.996391 0.056862 111.419212 0.099557 -0.050415 0.993754 2.791757 0.000000 0.000000 0.000000 1.000000
0.993440 0.068746 -0.091381 -0.712128 -0.063603 0.996285 0.058053 111.410873 0.095033 -0.051860 0.994122 2.728025 0.000000 0.000000 0.000000 1.000000
0.993930 0.068745 -0.085896 -0.702088 -0.063817 0.996225 0.058854 111.408981 0.089617 -0.053015 0.994564 2.617405 0.000000 0.000000 0.000000 1.000000
0.994445 0.068517 -0.079907 -0.691520 -0.063862 0.996188 0.059431 111.415092 0.083674 -0.053998 0.995029 2.472978 0.000000 0.000000 0.000000 1.000000
0.994935 0.068381 -0.073682 -0.685620 -0.064030 0.996150 0.059879 111.425636 0.077493 -0.054858 0.995483 2.307584 0.000000 0.000000 0.000000 1.000000
0.995385 0.068099 -0.067617 -0.688642 -0.064073 0.996139 0.060018 111.420013 0.071443 -0.055408 0.995905 2.127928 0.000000 0.000000 0.000000 1.000000
0.995727 0.068198 -0.062267 -0.695511 -0.064477 0.996118 0.059924 111.419411 0.066112 -0.055653 0.996259 1.944652 0.000000 0.000000 0.000000 1.000000
0.995948 0.068579 -0.058184 -0.700727 -0.065084 0.996076 0.059976 111.428391 0.062068 -0.055946 0.996503 1.769197 0.000000 0.000000 0.000000 1.000000
0.996078 0.068941 -0.055454 -0.698544 -0.065565 0.996009 0.060553 111.442780 0.059407 -0.056679 0.996623 1.611051 0.000000 0.000000 0.000000 1.000000
0.996172 0.068993 -0.053680 -0.686577 -0.065649 0.995931 0.061739 111.456390 0.057721 -0.057979 0.996648 1.473727 0.000000 0.000000 0.000000 1.000000
0.996242 0.068997 -0.052352 -0.665899 -0.065643 0.995834 0.063289 111.467178 0.056500 -0.059614 0.996621 1.353620 0.000000 0.000000 0.000000 1.000000
0.996294 0.069028 -0.051310 -0.639276 -0.065651 0.995735 0.064813 111.476868 0.055565 -0.061205 0.996577 1.243253 0.000000 0.000000 0.000000 1.000000
0.996296 0.069077 -0.051213 -0.603598 -0.065641 0.995659 0.065982 111.489044 0.055548 -0.062376 0.996506 1.142643 0.000000 0.000000 0.000000 1.000000
0.996251 0.068081 -0.053376 -0.551199 -0.064472 0.995691 0.066654 111.507408 0.057684 -0.062963 0.996347 1.063127 0.000000 0.000000 0.000000 1.000000
0.996178 0.065174 -0.058154 -0.484553 -0.061254 0.995883 0.066819 111.532028 0.062270 -0.063002 0.996069 1.003346 0.000000 0.000000 0.000000 1.000000
0.996060 0.062017 -0.063391 -0.428052 -0.057776 0.996101 0.066671 111.557045 0.067279 -0.062746 0.995759 0.924013 0.000000 0.000000 0.000000 1.000000
0.995945 0.060697 -0.066400 -0.404518 -0.056271 0.996190 0.066621 111.575188 0.070190 -0.062615 0.995567 0.789220 0.000000 0.000000 0.000000 1.000000
0.995916 0.060723 -0.066807 -0.409875 -0.056267 0.996187 0.066673 111.585358 0.070600 -0.062642 0.995536 0.613942 0.000000 0.000000 0.000000 1.000000
0.996020 0.060183 -0.065743 -0.432540 -0.055793 0.996212 0.066693 111.580925 0.069508 -0.062760 0.995605 0.426410 0.000000 0.000000 0.000000 1.000000
0.996189 0.059076 -0.064173 -0.461972 -0.054805 0.996287 0.066393 111.598564 0.067857 -0.062623 0.995728 0.234650 0.000000 0.000000 0.000000 1.000000
0.996354 0.057842 -0.062714 -0.494685 -0.053767 0.996447 0.064823 111.634491 0.066241 -0.061215 0.995924 0.029297 0.000000 0.000000 0.000000 1.000000
0.996473 0.056869 -0.061697 -0.523880 -0.053066 0.996688 0.061621 111.676819 0.064997 -0.058130 0.996191 -0.189956 0.000000 0.000000 0.000000 1.000000
0.996567 0.055977 -0.060992 -0.543855 -0.052513 0.996993 0.056993 111.712143 0.063999 -0.053595 0.996510 -0.412044 0.000000 0.000000 0.000000 1.000000
0.996683 0.054951 -0.060030 -0.553677 -0.051899 0.997335 0.051278 111.736931 0.062687 -0.047993 0.996879 -0.626567 0.000000 0.000000 0.000000 1.000000
0.996840 0.053970 -0.058288 -0.558139 -0.051396 0.997673 0.044790 111.758774 0.060570 -0.041653 0.997295 -0.827982 0.000000 0.000000 0.000000 1.000000
0.997023 0.053335 -0.055690 -0.565881 -0.051259 0.997960 0.038062 111.781204 0.057607 -0.035094 0.997722 -1.009707 0.000000 0.000000 0.000000 1.000000
0.997205 0.053155 -0.052510 -0.584736 -0.051533 0.998166 0.031767 111.798241 0.054103 -0.028972 0.998115 -1.162387 0.000000 0.000000 0.000000 1.000000
0.997376 0.053273 -0.049022 -0.620565 -0.052023 0.998296 0.026424 111.809547 0.050346 -0.023804 0.998448 -1.279942 0.000000 0.000000 0.000000 1.000000
0.997534 0.053621 -0.045295 -0.675098 -0.052657 0.998366 0.022202 111.817299 0.046411 -0.019762 0.998727 -1.362561 0.000000 0.000000 0.000000 1.000000
0.997650 0.054535 -0.041489 -0.745093 -0.053793 0.998375 0.018796 111.835594 0.042447 -0.016520 0.998962 -1.415959 0.000000 0.000000 0.000000 1.000000
0.997696 0.056042 -0.038224 -0.825820 -0.055482 0.998339 0.015545 111.849335 0.039032 -0.013388 0.999148 -1.443351 0.000000 0.000000 0.000000 1.000000
0.997632 0.058594 -0.036004 -0.903843 -0.058195 0.998233 0.012029 111.861450 0.036645 -0.009906 0.999279 -1.428496 0.000000 0.000000 0.000000 1.000000
0.997520 0.061499 -0.034216 -0.974340 -0.061246 0.998087 0.008418 111.844917 0.034668 -0.006302 0.999379 -1.343894 0.000000 0.000000 0.000000 1.000000
0.997467 0.063824 -0.031403 -1.042166 -0.063681 0.997955 0.005545 111.785034 0.031692 -0.003532 0.999491 -1.173766 0.000000 0.000000 0.000000 1.000000
0.997501 0.065406 -0.026712 -1.107225 -0.065317 0.997856 0.004192 111.701187 0.026929 -0.002437 0.999634 -0.936165 0.000000 0.000000 0.000000 1.000000
0.997592 0.066295 -0.020381 -1.162508 -0.066229 0.997797 0.003905 111.650391 0.020595 -0.002546 0.999785 -0.678048 0.000000 0.000000 0.000000 1.000000
0.997712 0.066433 -0.012558 -1.200417 -0.066391 0.997787 0.003669 111.662476 0.012774 -0.002827 0.999914 -0.439746 0.000000 0.000000 0.000000 1.000000
0.997838 0.065652 -0.003095 -1.222320 -0.065641 0.997837 0.003529 111.709084 0.003320 -0.003318 0.999989 -0.227768 0.000000 0.000000 0.000000 1.000000
0.997924 0.064014 0.007018 -1.238922 -0.064048 0.997936 0.004670 111.737442 -0.006704 -0.005109 0.999964 -0.021027 0.000000 0.000000 0.000000 1.000000
0.997948 0.062124 0.015501 -1.260965 -0.062251 0.998030 0.007862 111.722504 -0.014982 -0.008811 0.999849 0.198767 0.000000 0.000000 0.000000 1.000000
0.997943 0.060782 0.020402 -1.292670 -0.061045 0.998057 0.012492 111.683578 -0.019603 -0.013712 0.999714 0.424843 0.000000 0.000000 0.000000 1.000000
0.997945 0.060441 0.021268 -1.333439 -0.060814 0.997998 0.017383 111.656036 -0.020175 -0.018640 0.999623 0.632011 0.000000 0.000000 0.000000 1.000000
0.997954 0.061058 0.018974 -1.380221 -0.061469 0.997869 0.021896 111.653770 -0.017597 -0.023018 0.999580 0.797368 0.000000 0.000000 0.000000 1.000000
0.997958 0.062117 0.014878 -1.425726 -0.062489 0.997706 0.026043 111.663589 -0.013226 -0.026919 0.999550 0.914280 0.000000 0.000000 0.000000 1.000000
0.997973 0.062831 0.010094 -1.459753 -0.063109 0.997554 0.030064 111.668404 -0.008180 -0.030640 0.999497 0.990998 0.000000 0.000000 0.000000 1.000000
0.998020 0.062684 0.005171 -1.473801 -0.062825 0.997443 0.034073 111.665085 -0.003022 -0.034331 0.999406 1.036983 0.000000 0.000000 0.000000 1.000000
0.998088 0.061810 0.000122 -1.463480 -0.061771 0.997373 0.037841 111.660629 0.002217 -0.037776 0.999284 1.053383 0.000000 0.000000 0.000000 1.000000
0.998141 0.060722 -0.005161 -1.431718 -0.060462 0.997333 0.040871 111.660027 0.007629 -0.040483 0.999151 1.037984 0.000000 0.000000 0.000000 1.000000
0.998161 0.059721 -0.010381 -1.391718 -0.059225 0.997324 0.042851 111.661942 0.012912 -0.042157 0.999028 0.992745 0.000000 0.000000 0.000000 1.000000
0.998154 0.058863 -0.014978 -1.359996 -0.058153 0.997334 0.044081 111.660965 0.017533 -0.043129 0.998916 0.923498 0.000000 0.000000 0.000000 1.000000
0.998114 0.058341 -0.019087 -1.342559 -0.057430 0.997326 0.045202 111.651474 0.021673 -0.044021 0.998795 0.839005 0.000000 0.000000 0.000000 1.000000
0.998009 0.058410 -0.023813 -1.332730 -0.057259 0.997278 0.046447 111.634743 0.026462 -0.044991 0.998637 0.752959 0.000000 0.000000 0.000000 1.000000
0.997831 0.058815 -0.029572 -1.323505 -0.057369 0.997219 0.047573 111.620911 0.032288 -0.045773 0.998430 0.678260 0.000000 0.000000 0.000000 1.000000
0.997653 0.059027 -0.034711 -1.313440 -0.057306 0.997171 0.048647 111.616287 0.037484 -0.046544 0.998213 0.616718 0.000000 0.000000 0.000000 1.000000
0.997587 0.058602 -0.037236 -1.299671 -0.056697 0.997123 0.050317 111.612900 0.040077 -0.048085 0.998039 0.563853 0.000000 0.000000 0.000000 1.000000
0.997640 0.057596 -0.037372 -1.274238 -0.055577 0.997047 0.052989 111.601196 0.040313 -0.050787 0.997896 0.520646 0.000000 0.000000 0.000000 1.000000
0.997727 0.056266 -0.037073 -1.232288 -0.054144 0.996964 0.055966 111.588081 0.040109 -0.053832 0.997744 0.489751 0.000000 0.000000 0.000000 1.000000
0.997786 0.054900 -0.037529 -1.177991 -0.052685 0.996944 0.057673 111.590446 0.040581 -0.055568 0.997630 0.465910 0.000000 0.000000 0.000000 1.000000
0.997812 0.053860 -0.038354 -1.119966 -0.051630 0.997042 0.056941 111.609955 0.041308 -0.054836 0.997641 0.444157 0.000000 0.000000 0.000000 1.000000
0.997817 0.053380 -0.038888 -1.064850 -0.051236 0.997215 0.054191 111.627304 0.041672 -0.052080 0.997773 0.432402 0.000000 0.000000 0.000000 1.000000
0.997807 0.053351 -0.039180 -1.015523 -0.051322 0.997375 0.051087 111.624725 0.041803 -0.048964 0.997925 0.443338 0.000000 0.000000 0.000000 1.000000
0.997779 0.053523 -0.039657 -0.972146 -0.051559 0.997468 0.048984 111.605080 0.042179 -0.046831 0.998012 0.476958 0.000000 0.000000 0.000000 1.000000
0.997731 0.053789 -0.040501 -0.933855 -0.051821 0.997494 0.048161 111.585495 0.042990 -0.045953 0.998018 0.519032 0.000000 0.000000 0.000000 1.000000
0.997666 0.054124 -0.041624 -0.899480 -0.052097 0.997472 0.048330 111.577858 0.044135 -0.046048 0.997964 0.555304 0.000000 0.000000 0.000000 1.000000
0.997590 0.054444 -0.043023 -0.867555 -0.052316 0.997421 0.049132 111.579979 0.045587 -0.046762 0.997865 0.582668 0.000000 0.000000 0.000000 1.000000
0.997489 0.054716 -0.044963 -0.836508 -0.052449 0.997364 0.050135 111.583504 0.047588 -0.047651 0.997730 0.606452 0.000000 0.000000 0.000000 1.000000
0.997340 0.055065 -0.047750 -0.805523 -0.052623 0.997313 0.050971 111.583588 0.050429 -0.048322 0.997558 0.631314 0.000000 0.000000 0.000000 1.000000
0.997130 0.055640 -0.051345 -0.774656 -0.052990 0.997260 0.051615 111.580795 0.054076 -0.048746 0.997346 0.656406 0.000000 0.000000 0.000000 1.000000
0.996873 0.056431 -0.055312 -0.743974 -0.053547 0.997194 0.052305 111.577957 0.058108 -0.049180 0.997098 0.676540 0.000000 0.000000 0.000000 1.000000
