<?xml version="1.0" encoding="utf-8"?>
<COLLADA xmlns="http://www.collada.org/2005/11/COLLADASchema" version="1.4.1">
  <asset>
    <contributor>
      <author>Mixamo</author>
      <authoring_tool>COLLADA Mixamo exporter</authoring_tool>
      <comments/>
    </contributor>
    <created>2026-01-24T17:34:57Z</created>
    <modified>2026-01-24T17:34:57Z</modified>
    <revision/>
    <title/>
    <unit meter="0.010000"/>
    <up_axis>Y_UP</up_axis>
  </asset>
  <library_animations>
    <animation id="mixamorig_Hips-anim" name="mixamorig_Hips">
      <source id="mixamorig_Hips-Matrix-animation-input">
        <float_array id="mixamorig_Hips-Matrix-animation-input-array" count="401">

0.000000 0.033333 0.066667 0.100000 0.133333 0.166667 0.200000 0.233333 0.266667 0.300000 0.333333 0.366667 0.400000 0.433333 0.466667 0.500000
0.533333 0.566667 0.600000 0.633333 0.666667 0.700000 0.733333 0.766667 0.800000 0.833333 0.866667 0.900000 0.933333 0.966667 1.000000 1.033333
1.066667 1.100000 1.133333 1.166667 1.200000 1.233333 1.266667 1.300000 1.333333 1.366667 1.400000 1.433333 1.466667 1.500000 1.533333 1.566667
1.600000 1.633333 1.666667 1.700000 1.733333 1.766667 1.800000 1.833333 1.866667 1.900000 1.933333 1.966667 2.000000 2.033333 2.066667 2.100000
2.133333 2.166667 2.200000 2.233333 2.266667 2.300000 2.333333 2.366667 2.400000 2.433333 2.466667 2.500000 2.533333 2.566667 2.600000 2.633333
2.666667 2.700000 2.733333 2.766667 2.800000 2.833333 2.866667 2.900000 2.933333 2.966667 3.000000 3.033333 3.066667 3.100000 3.133333 3.166667
3.200000 3.233333 3.266667 3.300000 3.333333 3.366667 3.400000 3.433333 3.466667 3.500000 3.533333 3.566667 3.600000 3.633333 3.666667 3.700000
3.733333 3.766667 3.800000 3.833333 3.866667 3.900000 3.933333 3.966667 4.000000 4.033333 4.066667 4.100000 4.133333 4.166667 4.200000 4.233333
4.266667 4.300000 4.333333 4.366667 4.400000 4.433333 4.466667 4.500000 4.533333 4.566667 4.600000 4.633333 4.666667 4.700000 4.733333 4.766667
4.800000 4.833333 4.866667 4.900000 4.933333 4.966667 5.000000 5.033333 5.066667 5.100000 5.133333 5.166667 5.200000 5.233333 5.266667 5.300000
5.333333 5.366667 5.400000 5.433333 5.466667 5.500000 5.533333 5.566667 5.600000 5.633333 5.666667 5.700000 5.733333 5.766667 5.800000 5.833333
5.866667 5.900000 5.933333 5.966667 6.000000 6.033333 6.066667 6.100000 6.133333 6.166667 6.200000 6.233333 6.266667 6.300000 6.333333 6.366667
6.400000 6.433333 6.466667 6.500000 6.533333 6.566667 6.600000 6.633333 6.666667 6.700000 6.733333 6.766667 6.800000 6.833333 6.866667 6.900000
6.933333 6.966667 7.000000 7.033333 7.066667 7.100000 7.133333 7.166667 7.200000 7.233333 7.266667 7.300000 7.333333 7.366667 7.400000 7.433333
7.466667 7.500000 7.533333 7.566667 7.600000 7.633333 7.666667 7.700000 7.733333 7.766667 7.800000 7.833333 7.866667 7.900000 7.933333 7.966667
8.000000 8.033333 8.066667 8.100000 8.133333 8.166667 8.200000 8.233333 8.266667 8.300000 8.333333 8.366667 8.400000 8.433333 8.466667 8.500000
8.533333 8.566667 8.600000 8.633333 8.666667 8.700000 8.733333 8.766667 8.800000 8.833333 8.866667 8.900000 8.933333 8.966667 9.000000 9.033333
9.066667 9.100000 9.133333 9.166667 9.200000 9.233333 9.266667 9.300000 9.333333 9.366667 9.400000 9.433333 9.466667 9.500000 9.533333 9.566667
9.600000 9.633333 9.666667 9.700000 9.733333 9.766667 9.800000 9.833333 9.866667 9.900000 9.933333 9.966667 10.000000 10.033333 10.066667 10.100000
10.133333 10.166667 10.200000 10.233333 10.266667 10.300000 10.333333 10.366667 10.400000 10.433333 10.466667 10.500000 10.533333 10.566667 10.600000 10.633333
10.666667 10.700000 10.733333 10.766667 10.800000 10.833333 10.866667 10.900000 10.933333 10.966667 11.000000 11.033333 11.066667 11.100000 11.133333 11.166667
11.200000 11.233333 11.266667 11.300000 11.333333 11.366667 11.400000 11.433333 11.466667 11.500000 11.533333 11.566667 11.600000 11.633333 11.666667 11.700000
11.733333 11.766667 11.800000 11.833333 11.866667 11.900000 11.933333 11.966667 12.000000 12.033333 12.066667 12.100000 12.133333 12.166667 12.200000 12.233333
12.266667 12.300000 12.333333 12.366667 12.400000 12.433333 12.466667 12.500000 12.533333 12.566667 12.600000 12.633333 12.666667 12.700000 12.733333 12.766667
12.800000 12.833333 12.866667 12.900000 12.933333 12.966667 13.000000 13.033333 13.066667 13.100000 13.133333 13.166667 13.200000 13.233333 13.266667 13.300000
13.333333</float_array>
        <technique_common>
          <accessor source="#mixamorig_Hips-Matrix-animation-input-array" count="401">
            <param name="TIME" type="float"/>
          </accessor>
        </technique_common>
      </source>
      <source id="mixamorig_Hips-Matrix-animation-output-transform">
        <float_array id="mixamorig_Hips-Matrix-animation-output-transform-array" count="6416">

0.993787 0.064086 -0.090997 0.152529 -0.058255 0.996161 0.065345 111.474068 0.094835 -0.059638 0.993705 0.185983 0.000000 0.000000 0.000000 1.000000
0.994007 0.062459 -0.089713 0.243415 -0.056846 0.996341 0.063815 111.465195 0.093370 -0.058332 0.993921 0.161970 0.000000 0.000000 0.000000 1.000000
0.994229 0.060756 -0.088412 0.338116 -0.055357 0.996522 0.062288 111.456551 0.091889 -0.057034 0.994135 0.142896 0.000000 0.000000 0.000000 1.000000
0.994446 0.058962 -0.087187 0.437629 -0.053759 0.996697 0.060868 111.446793 0.090488 -0.055843 0.994331 0.132036 0.000000 0.000000 0.000000 1.000000
0.994647 0.057097 -0.086127 0.542524 -0.052046 0.996853 0.059802 111.435692 0.089271 -0.055000 0.994488 0.128988 0.000000 0.000000 0.000000 1.000000
0.994812 0.055223 -0.085433 0.653099 -0.050250 0.996974 0.059303 111.424614 0.088449 -0.054702 0.994577 0.129797 0.000000 0.000000 0.000000 1.000000
0.994918 0.053308 -0.085415 0.768669 -0.048326 0.997065 0.059372 111.415405 0.088330 -0.054943 0.994575 0.131497 0.000000 0.000000 0.000000 1.000000
0.994976 0.051170 -0.086054 0.885735 -0.046106 0.997143 0.059840 111.408356 0.088870 -0.055572 0.994492 0.133980 0.000000 0.000000 0.000000 1.000000
0.995050 0.048645 -0.086652 0.998880 -0.043490 0.997225 0.060418 111.401840 0.089351 -0.056351 0.994405 0.136317 0.000000 0.000000 0.000000 1.000000
0.995220 0.045725 -0.086288 1.104740 -0.040555 0.997329 0.060739 111.393867 0.088835 -0.056949 0.994417 0.134380 0.000000 0.000000 0.000000 1.000000
0.995513 0.042538 -0.084524 1.204201 -0.037474 0.997457 0.060629 111.383743 0.086888 -0.057190 0.994575 0.122471 0.000000 0.000000 0.000000 1.000000
0.995896 0.039270 -0.081537 1.300391 -0.034409 0.997593 0.060200 111.373001 0.083705 -0.057147 0.994851 0.096052 0.000000 0.000000 0.000000 1.000000
0.996317 0.036025 -0.077805 1.396065 -0.031436 0.997737 0.059433 111.363647 0.079770 -0.056768 0.995196 0.053546 0.000000 0.000000 0.000000 1.000000
0.996737 0.032703 -0.073792 1.494291 -0.028437 0.997904 0.058132 111.355438 0.075538 -0.055843 0.995578 -0.003293 0.000000 0.000000 0.000000 1.000000
0.997141 0.029112 -0.069727 1.598535 -0.025193 0.998088 0.056440 111.346954 0.071237 -0.054522 0.995968 -0.070406 0.000000 0.000000 0.000000 1.000000
0.997533 0.025210 -0.065511 1.709773 -0.021628 0.998262 0.054817 111.338356 0.066779 -0.053265 0.996345 -0.143370 0.000000 0.000000 0.000000 1.000000
0.997917 0.021171 -0.060944 1.825223 -0.017919 0.998411 0.053418 111.330376 0.061978 -0.052214 0.996711 -0.218835 0.000000 0.000000 0.000000 1.000000
0.998288 0.017301 -0.055870 1.940339 -0.014395 0.998543 0.052000 111.324898 0.056689 -0.051107 0.997083 -0.295964 0.000000 0.000000 0.000000 1.000000
0.998663 0.013706 -0.049849 2.050340 -0.011186 0.998663 0.050475 111.322929 0.050474 -0.049850 0.997481 -0.372958 0.000000 0.000000 0.000000 1.000000
0.999070 0.010157 -0.041907 2.152045 -0.008088 0.998753 0.049267 111.324806 0.042355 -0.048883 0.997906 -0.438793 0.000000 0.000000 0.000000 1.000000
0.999488 0.006408 -0.031341 2.243548 -0.004870 0.998791 0.048919 111.330254 0.031616 -0.048741 0.998311 -0.480671 0.000000 0.000000 0.000000 1.000000
0.999816 0.002727 -0.018975 2.322294 -0.001790 0.998786 0.049218 111.337502 0.019086 -0.049175 0.998608 -0.509569 0.000000 0.000000 0.000000 1.000000
0.999979 -0.000330 -0.006420 2.388016 0.000647 0.998782 0.049335 111.346214 0.006396 -0.049338 0.998762 -0.555150 0.000000 0.000000 0.000000 1.000000
0.999980 -0.002865 0.005715 2.448473 0.002580 0.998789 0.049132 111.354507 -0.005849 -0.049116 0.998776 -0.621601 0.000000 0.000000 0.000000 1.000000
0.999830 -0.005668 0.017550 2.513770 0.004801 0.998785 0.049042 111.355927 -0.017807 -0.048949 0.998643 -0.687866 0.000000 0.000000 0.000000 1.000000
0.999541 -0.009183 0.028864 2.587569 0.007764 0.998773 0.048920 111.344475 -0.029278 -0.048673 0.998386 -0.740448 0.000000 0.000000 0.000000 1.000000
0.999160 -0.012969 0.038879 2.670507 0.011093 0.998782 0.048070 111.320686 -0.039455 -0.047599 0.998087 -0.779040 0.000000 0.000000 0.000000 1.000000
0.998775 -0.016382 0.046685 2.768199 0.014229 0.998837 0.046070 111.296890 -0.047385 -0.045349 0.997847 -0.804605 0.000000 0.000000 0.000000 1.000000
0.998480 -0.019250 0.051653 2.891728 0.017031 0.998927 0.043062 111.280396 -0.052426 -0.042117 0.997736 -0.816363 0.000000 0.000000 0.000000 1.000000
0.998324 -0.021707 0.053643 3.049476 0.019593 0.999023 0.039620 111.267723 -0.054450 -0.038502 0.997774 -0.815227 0.000000 0.000000 0.000000 1.000000
0.998314 -0.023676 0.052996 3.240371 0.021759 0.999098 0.036461 111.254021 -0.053811 -0.035246 0.997929 -0.803012 0.000000 0.000000 0.000000 1.000000
0.998413 -0.024937 0.050499 3.456252 0.023238 0.999153 0.033961 111.240982 -0.051303 -0.032733 0.998147 -0.779802 0.000000 0.000000 0.000000 1.000000
0.998547 -0.025614 0.047403 3.687641 0.024115 0.999199 0.031932 111.231415 -0.048183 -0.030742 0.998365 -0.743621 0.000000 0.000000 0.000000 1.000000
0.998639 -0.026164 0.045116 3.924797 0.024828 0.999244 0.029929 111.224693 -0.045865 -0.028768 0.998533 -0.693392 0.000000 0.000000 0.000000 1.000000
0.998648 -0.026826 0.044519 4.158321 0.025607 0.999287 0.027734 111.218422 -0.045232 -0.026556 0.998623 -0.631229 0.000000 0.000000 0.000000 1.000000
0.998587 -0.027481 0.045478 4.383919 0.026343 0.999329 0.025428 111.211998 -0.046146 -0.024194 0.998642 -0.560840 0.000000 0.000000 0.000000 1.000000
0.998494 -0.028028 0.047152 4.605643 0.026963 0.999370 0.023080 111.205460 -0.047770 -0.021774 0.998621 -0.482802 0.000000 0.000000 0.000000 1.000000
0.998400 -0.028561 0.048813 4.830892 0.027582 0.999407 0.020613 111.198303 -0.049373 -0.019233 0.998595 -0.393864 0.000000 0.000000 0.000000 1.000000
0.998313 -0.029205 0.050185 5.064090 0.028326 0.999434 0.018142 111.190247 -0.050687 -0.016690 0.998575 -0.292326 0.000000 0.000000 0.000000 1.000000
0.998230 -0.030068 0.051308 5.307428 0.029273 0.999440 0.016181 111.180954 -0.051766 -0.014650 0.998552 -0.179061 0.000000 0.000000 0.000000 1.000000
0.998142 -0.031142 0.052372 5.563139 0.030382 0.999422 0.015253 111.169754 -0.052817 -0.013634 0.998511 -0.055767 0.000000 0.000000 0.000000 1.000000
0.998045 -0.032157 0.053588 5.832400 0.031361 0.999386 0.015625 111.156868 -0.054057 -0.013914 0.998441 0.074118 0.000000 0.000000 0.000000 1.000000
0.997950 -0.032772 0.054966 6.115250 0.031859 0.999341 0.017405 111.144272 -0.055500 -0.015618 0.998337 0.205232 0.000000 0.000000 0.000000 1.000000
0.997875 -0.032947 0.056213 6.411437 0.031837 0.999282 0.020533 111.134460 -0.056850 -0.018700 0.998208 0.331313 0.000000 0.000000 0.000000 1.000000
0.997842 -0.032896 0.056829 6.720783 0.031544 0.999201 0.024531 111.128021 -0.057590 -0.022685 0.998083 0.445523 0.000000 0.000000 0.000000 1.000000
0.997884 -0.032739 0.056184 7.044664 0.031182 0.999111 0.028377 111.122345 -0.057063 -0.026565 0.998017 0.542130 0.000000 0.000000 0.000000 1.000000
0.998037 -0.032458 0.053557 7.386220 0.030825 0.999043 0.031037 111.114937 -0.054513 -0.029325 0.998082 0.617673 0.000000 0.000000 0.000000 1.000000
0.998316 -0.032015 0.048368 7.749262 0.030480 0.999019 0.032129 111.106598 -0.049350 -0.030601 0.998313 0.670275 0.000000 0.000000 0.000000 1.000000
0.998690 -0.031402 0.040397 8.137825 0.030123 0.999037 0.031887 111.100388 -0.041360 -0.030628 0.998675 0.702104 0.000000 0.000000 0.000000 1.000000
0.999086 -0.030681 0.029768 8.556542 0.029769 0.999088 0.030621 111.094841 -0.030680 -0.029707 0.999088 0.721556 0.000000 0.000000 0.000000 1.000000
0.999409 -0.029933 0.016904 9.009585 0.029441 0.999157 0.028593 111.081947 -0.017746 -0.028078 0.999448 0.738401 0.000000 0.000000 0.000000 1.000000
0.999572 -0.029171 0.002411 9.496400 0.029097 0.999231 0.026296 111.055603 -0.003176 -0.026214 0.999651 0.757490 0.000000 0.000000 0.000000 1.000000
0.999512 -0.028392 -0.013008 10.013220 0.028702 0.999291 0.024356 111.020653 0.012307 -0.024717 0.999619 0.779036 0.000000 0.000000 0.000000 1.000000
0.999207 -0.027893 -0.028427 10.559744 0.028549 0.999329 0.022945 110.984497 0.027767 -0.023738 0.999333 0.801620 0.000000 0.000000 0.000000 1.000000
0.998685 -0.028128 -0.042852 11.137748 0.029074 0.999343 0.021620 110.940399 0.042216 -0.022838 0.998847 0.820040 0.000000 0.000000 0.000000 1.000000
0.998029 -0.028702 -0.055809 11.748174 0.029851 0.999357 0.019865 110.889809 0.055203 -0.021491 0.998244 0.824515 0.000000 0.000000 0.000000 1.000000
0.997273 -0.029148 -0.067800 12.386482 0.030413 0.999381 0.017700 110.836800 0.067242 -0.019713 0.997542 0.805405 0.000000 0.000000 0.000000 1.000000
0.996350 -0.029877 -0.079959 13.051740 0.031227 0.999389 0.015695 110.783218 0.079441 -0.018135 0.996675 0.761865 0.000000 0.000000 0.000000 1.000000
0.995144 -0.031853 -0.093135 13.747624 0.033320 0.999343 0.014232 110.717178 0.092621 -0.017267 0.995552 0.697663 0.000000 0.000000 0.000000 1.000000
0.993587 -0.035083 -0.107490 14.474586 0.036711 0.999239 0.013209 110.618484 0.106945 -0.017070 0.994118 0.610881 0.000000 0.000000 0.000000 1.000000
0.991683 -0.038448 -0.122829 15.222733 0.040300 0.999108 0.012624 110.480621 0.122235 -0.017469 0.992347 0.498009 0.000000 0.000000 0.000000 1.000000
0.989464 -0.041408 -0.138733 15.962367 0.043614 0.998965 0.012899 110.303680 0.138056 -0.018814 0.990246 0.370948 0.000000 0.000000 0.000000 1.000000
0.987050 -0.044269 -0.154183 16.653555 0.047031 0.998791 0.014309 110.090553 0.153363 -0.021375 0.987939 0.258770 0.000000 0.000000 0.000000 1.000000
0.984739 -0.046945 -0.167585 17.267223 0.050397 0.998594 0.016406 109.851479 0.166580 -0.024601 0.985721 0.184466 0.000000 0.000000 0.000000 1.000000
0.982932 -0.048861 -0.177362 17.790079 0.052917 0.998433 0.018208 109.611816 0.176194 -0.027283 0.983977 0.149415 0.000000 0.000000 0.000000 1.000000
0.981914 -0.049784 -0.182665 18.218760 0.054134 0.998355 0.018908 109.414055 0.181423 -0.028454 0.982993 0.147178 0.000000 0.000000 0.000000 1.000000
0.981619 -0.049787 -0.184241 18.555101 0.054083 0.998368 0.018363 109.302299 0.183026 -0.027990 0.982710 0.177653 0.000000 0.000000 0.000000 1.000000
0.981598 -0.048511 -0.184696 18.808426 0.052504 0.998480 0.016784 109.298782 0.183601 -0.026172 0.982652 0.238623 0.000000 0.000000 0.000000 1.000000
0.981301 -0.045825 -0.186947 18.994104 0.049347 0.998680 0.014230 109.380577 0.186048 -0.023189 0.982267 0.312599 0.000000 0.000000 0.000000 1.000000
0.980560 -0.042633 -0.191531 19.124710 0.045543 0.998904 0.010816 109.493454 0.190860 -0.019329 0.981427 0.370894 0.000000 0.000000 0.000000 1.000000
0.979853 -0.040427 -0.195588 19.194214 0.042658 0.999064 0.007203 109.575348 0.195113 -0.015401 0.980660 0.390134 0.000000 0.000000 0.000000 1.000000
0.979917 -0.039890 -0.195377 19.183790 0.041592 0.999124 0.004617 109.582077 0.195021 -0.012650 0.980717 0.369454 0.000000 0.000000 0.000000 1.000000
0.980983 -0.040489 -0.189823 19.082918 0.042045 0.999107 0.004173 109.506363 0.189485 -0.012074 0.981809 0.337797 0.000000 0.000000 0.000000 1.000000
0.982570 -0.041535 -0.181193 18.889425 0.043315 0.999044 0.005877 109.379539 0.180775 -0.013623 0.983430 0.341330 0.000000 0.000000 0.000000 1.000000
0.984051 -0.043034 -0.172600 18.603910 0.045150 0.998945 0.008350 109.255524 0.172059 -0.016010 0.984957 0.413562 0.000000 0.000000 0.000000 1.000000
0.985201 -0.044902 -0.165415 18.232359 0.047162 0.998840 0.009759 109.192245 0.164785 -0.017415 0.986176 0.549785 0.000000 0.000000 0.000000 1.000000
0.986275 -0.045739 -0.158648 17.783056 0.047787 0.998816 0.009121 109.235275 0.158043 -0.016577 0.987293 0.717937 0.000000 0.000000 0.000000 1.000000
0.987776 -0.043823 -0.149596 17.263708 0.045309 0.998952 0.006538 109.405579 0.149153 -0.013236 0.988726 0.892776 0.000000 0.000000 0.000000 1.000000
0.990039 -0.039151 -0.135240 16.679596 0.039865 0.999202 0.002577 109.692902 0.135031 -0.007943 0.990810 1.071390 0.000000 0.000000 0.000000 1.000000
0.992880 -0.033554 -0.114295 16.032015 0.033552 0.999435 -0.001938 110.032227 0.114296 -0.001911 0.993445 1.258055 0.000000 0.000000 0.000000 1.000000
0.995701 -0.028446 -0.088150 15.330162 0.028037 0.999590 -0.005882 110.351028 0.088282 0.003385 0.996090 1.451137 0.000000 0.000000 0.000000 1.000000
0.997902 -0.024414 -0.059955 14.587115 0.023959 0.999679 -0.008285 110.599518 0.060138 0.006831 0.998167 1.644406 0.000000 0.000000 0.000000 1.000000
0.999211 -0.022128 -0.032971 13.811256 0.021853 0.999724 -0.008667 110.765762 0.033153 0.007940 0.999419 1.831871 0.000000 0.000000 0.000000 1.000000
0.999711 -0.022525 -0.008346 13.007603 0.022467 0.999723 -0.006992 110.861649 0.008501 0.006802 0.999941 2.006069 0.000000 0.000000 0.000000 1.000000
0.999540 -0.025734 0.016040 12.188430 0.025795 0.999661 -0.003609 110.904922 -0.015942 0.004021 0.999865 2.156895 0.000000 0.000000 0.000000 1.000000
0.998563 -0.031148 0.043620 11.368497 0.031134 0.999515 0.000987 110.926498 -0.043630 0.000373 0.999048 2.275425 0.000000 0.000000 0.000000 1.000000
0.996379 -0.038265 0.075923 10.546632 0.037908 0.999262 0.006139 110.959145 -0.076102 -0.003239 0.997095 2.352796 0.000000 0.000000 0.000000 1.000000
0.992590 -0.046872 0.112108 9.700904 0.045941 0.998885 0.010871 111.010422 -0.112493 -0.005640 0.993637 2.370115 0.000000 0.000000 0.000000 1.000000
0.986892 -0.056425 0.151195 8.810656 0.054856 0.998388 0.014537 111.062233 -0.151772 -0.006053 0.988397 2.299326 0.000000 0.000000 0.000000 1.000000
0.978951 -0.066242 0.193045 7.876630 0.064066 0.997792 0.017499 111.080666 -0.193778 -0.004763 0.981034 2.121147 0.000000 0.000000 0.000000 1.000000
0.968494 -0.075346 0.237364 6.918372 0.072560 0.997154 0.020462 111.069725 -0.238231 -0.002594 0.971205 1.842651 0.000000 0.000000 0.000000 1.000000
0.955586 -0.082609 0.282896 5.944427 0.079184 0.996582 0.023542 111.024734 -0.283874 -0.000095 0.958862 1.487222 0.000000 0.000000 0.000000 1.000000
0.940740 -0.087855 0.327550 4.937346 0.083951 0.996129 0.026067 110.975853 -0.328572 0.002976 0.944474 1.064290 0.000000 0.000000 0.000000 1.000000
0.924797 -0.091464 0.369303 3.885716 0.087744 0.995780 0.026893 110.922104 -0.370205 0.007533 0.928920 0.561688 0.000000 0.000000 0.000000 1.000000
0.908606 -0.093765 0.406993 2.807119 0.091331 0.995495 0.025454 110.849495 -0.407546 0.014043 0.913077 -0.027753 0.000000 0.000000 0.000000 1.000000
0.892936 -0.095169 0.440009 1.735410 0.095044 0.995221 0.022377 110.753952 -0.440036 0.021839 0.897715 -0.685468 0.000000 0.000000 0.000000 1.000000
0.878557 -0.096097 0.467871 0.694564 0.098890 0.994923 0.018655 110.641106 -0.467288 0.029878 0.883600 -1.382015 0.000000 0.000000 0.000000 1.000000
0.865991 -0.095921 0.490773 -0.307243 0.101679 0.994704 0.014995 110.510124 -0.489612 0.036916 0.871159 -2.087144 0.000000 0.000000 0.000000 1.000000
0.855280 -0.093775 0.509610 -1.269432 0.101932 0.994719 0.011967 110.355774 -0.508041 0.041710 0.860322 -2.762620 0.000000 0.000000 0.000000 1.000000
0.846832 -0.090221 0.524152 -2.186693 0.099518 0.994981 0.010480 110.169052 -0.522466 0.043288 0.851560 -3.362082 0.000000 0.000000 0.000000 1.000000
0.842174 -0.087155 0.532116 -3.040203 0.095809 0.995335 0.011389 109.952950 -0.530626 0.041390 0.846595 -3.855893 0.000000 0.000000 0.000000 1.000000
0.842734 -0.085834 0.531443 -3.796909 0.092338 0.995624 0.014379 109.730995 -0.530352 0.036955 0.846972 -4.254075 0.000000 0.000000 0.000000 1.000000
0.847667 -0.086023 0.523509 -4.426686 0.089902 0.995787 0.018058 109.538918 -0.522856 0.031758 0.851829 -4.590870 0.000000 0.000000 0.000000 1.000000
0.854010 -0.087040 0.512923 -4.922085 0.088608 0.995835 0.021457 109.405952 -0.512655 0.027124 0.858166 -4.891003 0.000000 0.000000 0.000000 1.000000
0.859358 -0.088585 0.503642 -5.299903 0.088259 0.995795 0.024556 109.340401 -0.503700 0.023349 0.863563 -5.159817 0.000000 0.000000 0.000000 1.000000
0.863597 -0.090398 0.496012 -5.583405 0.088564 0.995697 0.027269 109.322708 -0.496343 0.020379 0.867888 -5.393476 0.000000 0.000000 0.000000 1.000000
0.868253 -0.092140 0.487491 -5.785609 0.089421 0.995574 0.028907 109.322159 -0.487997 0.018494 0.872650 -5.592115 0.000000 0.000000 0.000000 1.000000
0.874927 -0.093636 0.475116 -5.908703 0.090855 0.995446 0.028873 109.320419 -0.475655 0.017905 0.879450 -5.761835 0.000000 0.000000 0.000000 1.000000
0.884058 -0.094919 0.457636 -5.956351 0.092767 0.995315 0.027234 109.322716 -0.458078 0.018377 0.888722 -5.903132 0.000000 0.000000 0.000000 1.000000
0.894638 -0.096230 0.436305 -5.939471 0.095095 0.995167 0.024499 109.346329 -0.436554 0.019572 0.899465 -6.004079 0.000000 0.000000 0.000000 1.000000
0.905129 -0.097928 0.413705 -5.867592 0.097905 0.994967 0.021315 109.403999 -0.413711 0.021211 0.910161 -6.051847 0.000000 0.000000 0.000000 1.000000
0.914616 -0.100135 0.391728 -5.738494 0.101087 0.994710 0.018251 109.490837 -0.391484 0.022906 0.919900 -6.046648 0.000000 0.000000 0.000000 1.000000
0.923000 -0.102688 0.370844 -5.541814 0.104368 0.994417 0.015593 109.586967 -0.370375 0.024312 0.928564 -5.996035 0.000000 0.000000 0.000000 1.000000
0.930465 -0.105456 0.350875 -5.274651 0.107642 0.994100 0.013331 109.674255 -0.350211 0.025365 0.936327 -5.903271 0.000000 0.000000 0.000000 1.000000
0.937168 -0.108310 0.331639 -4.947011 0.110859 0.993772 0.011281 109.747391 -0.330796 0.026193 0.943339 -5.770598 0.000000 0.000000 0.000000 1.000000
0.943217 -0.110850 0.313134 -4.570454 0.113711 0.993472 0.009172 109.809784 -0.312107 0.026956 0.949665 -5.607264 0.000000 0.000000 0.000000 1.000000
0.948568 -0.112817 0.295790 -4.149608 0.116004 0.993225 0.006815 109.866646 -0.294555 0.027849 0.955229 -5.425596 0.000000 0.000000 0.000000 1.000000
0.953038 -0.114597 0.280332 -3.685907 0.118105 0.992991 0.004407 109.923256 -0.278873 0.028908 0.959893 -5.228516 0.000000 0.000000 0.000000 1.000000
0.956568 -0.116759 0.267104 -3.184860 0.120496 0.992711 0.002416 109.983879 -0.265440 0.029874 0.963665 -5.007242 0.000000 0.000000 0.000000 1.000000
0.959411 -0.119240 0.255561 -2.657589 0.123013 0.992404 0.001232 110.051636 -0.253767 0.030255 0.966792 -4.752277 0.000000 0.000000 0.000000 1.000000
0.962000 -0.121496 0.244530 -2.112992 0.125068 0.992148 0.000926 110.129341 -0.242723 0.029692 0.969641 -4.462501 0.000000 0.000000 0.000000 1.000000
0.964604 -0.123363 0.233069 -1.553600 0.126556 0.991959 0.001262 110.218811 -0.231350 0.028279 0.972459 -4.140114 0.000000 0.000000 0.000000 1.000000
0.967215 -0.125118 0.220999 -0.984551 0.127902 0.991785 0.001728 110.318245 -0.219400 0.026595 0.975272 -3.785477 0.000000 0.000000 0.000000 1.000000
0.969778 -0.126680 0.208526 -0.417582 0.129140 0.991625 0.001831 110.419884 -0.207011 0.025153 0.978015 -3.399721 0.000000 0.000000 0.000000 1.000000
0.972370 -0.127377 0.195632 0.138448 0.129562 0.991570 0.001639 110.515305 -0.194191 0.023753 0.980676 -2.986315 0.000000 0.000000 0.000000 1.000000
0.975101 -0.126730 0.181983 0.686340 0.128600 0.991695 0.001538 110.601326 -0.180666 0.021903 0.983301 -2.552297 0.000000 0.000000 0.000000 1.000000
0.978040 -0.124863 0.166872 1.236479 0.126408 0.991977 0.001373 110.678749 -0.165705 0.019751 0.985978 -2.108602 0.000000 0.000000 0.000000 1.000000
0.981267 -0.121782 0.149276 1.793401 0.123108 0.992393 0.000359 110.748657 -0.148184 0.018025 0.988795 -1.665631 0.000000 0.000000 0.000000 1.000000
0.984776 -0.116948 0.128608 2.350586 0.118189 0.992989 -0.002041 110.809235 -0.127468 0.017210 0.991693 -1.230044 0.000000 0.000000 0.000000 1.000000
0.988330 -0.109909 0.105471 2.904628 0.111105 0.993793 -0.005513 110.854187 -0.104210 0.017167 0.994407 -0.805005 0.000000 0.000000 0.000000 1.000000
0.991565 -0.101026 0.081198 3.465773 0.102120 0.994727 -0.009427 110.877571 -0.079817 0.017639 0.996653 -0.390692 0.000000 0.000000 0.000000 1.000000
0.994199 -0.091389 0.056717 4.047844 0.092297 0.995639 -0.013594 110.880547 -0.055227 0.018750 0.998298 0.015112 0.000000 0.000000 0.000000 1.000000
0.996113 -0.081917 0.032370 4.656116 0.082522 0.996430 -0.017828 110.873703 -0.030794 0.020430 0.999317 0.415699 0.000000 0.000000 0.000000 1.000000
0.997322 -0.072649 0.008431 5.285439 0.072815 0.997116 -0.021401 110.870773 -0.006852 0.021958 0.999735 0.812039 0.000000 0.000000 0.000000 1.000000
0.997878 -0.063415 -0.014771 5.923848 0.063052 0.997725 -0.023880 110.884903 0.016251 0.022898 0.999606 1.197042 0.000000 0.000000 0.000000 1.000000
0.997845 -0.054348 -0.036757 6.565619 0.053425 0.998243 -0.025634 110.917961 0.038085 0.023615 0.998995 1.560773 0.000000 0.000000 0.000000 1.000000
0.997335 -0.045670 -0.056889 7.217458 0.044193 0.998659 -0.026958 110.965240 0.058044 0.024372 0.998017 1.905677 0.000000 0.000000 0.000000 1.000000
0.996486 -0.037278 -0.075010 7.887504 0.035299 0.998997 -0.027544 111.019440 0.075962 0.024799 0.996802 2.250162 0.000000 0.000000 0.000000 1.000000
0.995362 -0.029050 -0.091709 8.569095 0.026695 0.999284 -0.026800 111.060791 0.092421 0.024227 0.995425 2.615290 0.000000 0.000000 0.000000 1.000000
0.994017 -0.021273 -0.107132 9.243896 0.018799 0.999534 -0.024046 111.073639 0.107594 0.021888 0.993954 3.001890 0.000000 0.000000 0.000000 1.000000
0.992618 -0.015069 -0.120341 9.892352 0.012858 0.999734 -0.019129 111.060623 0.120597 0.017440 0.992548 3.379707 0.000000 0.000000 0.000000 1.000000
0.991155 -0.010982 -0.132257 10.494751 0.009247 0.999863 -0.013719 111.046654 0.132389 0.012374 0.991121 3.721807 0.000000 0.000000 0.000000 1.000000
0.988915 -0.007162 -0.148308 11.040402 0.005675 0.999929 -0.010447 111.047440 0.148372 0.009490 0.988886 4.044779 0.000000 0.000000 0.000000 1.000000
0.984966 -0.001443 -0.172740 11.552424 -0.000166 0.999957 -0.009295 111.048615 0.172746 0.009183 0.984924 4.373645 0.000000 0.000000 0.000000 1.000000
0.979511 0.005356 -0.201321 12.075276 -0.006994 0.999948 -0.007429 111.026154 0.201270 0.008685 0.979497 4.680245 0.000000 0.000000 0.000000 1.000000
0.974045 0.010574 -0.226106 12.625778 -0.011702 0.999925 -0.003649 110.971748 0.226050 0.006200 0.974096 4.911197 0.000000 0.000000 0.000000 1.000000
0.969589 0.013316 -0.244375 13.189370 -0.013557 0.999908 0.000695 110.896042 0.244362 0.002639 0.969681 5.047832 0.000000 0.000000 0.000000 1.000000
0.965919 0.015102 -0.258402 13.753220 -0.014385 0.999886 0.004664 110.818146 0.258443 -0.000788 0.966026 5.104508 0.000000 0.000000 0.000000 1.000000
0.962678 0.017708 -0.270071 14.319394 -0.016087 0.999837 0.008215 110.766907 0.270172 -0.003563 0.962805 5.090429 0.000000 0.000000 0.000000 1.000000
0.960095 0.021229 -0.278867 14.892938 -0.019035 0.999763 0.010571 110.751884 0.279026 -0.004841 0.960271 4.991446 0.000000 0.000000 0.000000 1.000000
0.958509 0.023988 -0.284053 15.470547 -0.021933 0.999705 0.010412 110.750214 0.284219 -0.003750 0.958752 4.787765 0.000000 0.000000 0.000000 1.000000
0.957639 0.024763 -0.286905 16.041695 -0.023575 0.999693 0.007597 110.729851 0.287005 -0.000511 0.957929 4.480574 0.000000 0.000000 0.000000 1.000000
0.956679 0.024297 -0.290129 16.595150 -0.024353 0.999698 0.003418 110.679047 0.290124 0.003796 0.956982 4.096143 0.000000 0.000000 0.000000 1.000000
0.955028 0.023985 -0.295545 17.123970 -0.025391 0.999677 -0.000918 110.608803 0.295428 0.008381 0.955328 3.667513 0.000000 0.000000 0.000000 1.000000
0.952643 0.023898 -0.303150 17.622858 -0.026775 0.999627 -0.005338 110.530128 0.302909 0.013202 0.952928 3.219113 0.000000 0.000000 0.000000 1.000000
0.949870 0.023235 -0.311780 18.082535 -0.027864 0.999558 -0.010398 110.448242 0.311400 0.018565 0.950097 2.767848 0.000000 0.000000 0.000000 1.000000
0.947224 0.022000 -0.319816 18.487011 -0.028673 0.999458 -0.016172 110.372345 0.319287 0.024488 0.947342 2.331490 0.000000 0.000000 0.000000 1.000000
0.945157 0.021008 -0.325941 18.823177 -0.029780 0.999316 -0.021946 110.318115 0.325257 0.030449 0.945135 1.933579 0.000000 0.000000 0.000000 1.000000
0.943821 0.020536 -0.329818 19.091438 -0.031211 0.999145 -0.027105 110.289627 0.328979 0.035876 0.943655 1.592186 0.000000 0.000000 0.000000 1.000000
0.943048 0.020215 -0.332042 19.304544 -0.032529 0.998972 -0.031570 110.283791 0.331063 0.040574 0.942736 1.306782 0.000000 0.000000 0.000000 1.000000
0.942408 0.019868 -0.333875 19.475643 -0.033538 0.998816 -0.035230 110.292191 0.332779 0.044399 0.941959 1.063962 0.000000 0.000000 0.000000 1.000000
0.941300 0.019363 -0.337015 19.615776 -0.034118 0.998699 -0.037912 110.300728 0.335842 0.047184 0.940736 0.849917 0.000000 0.000000 0.000000 1.000000
0.939105 0.018332 -0.343141 19.740740 -0.034052 0.998626 -0.039842 110.299408 0.341939 0.049101 0.938439 0.654403 0.000000 0.000000 0.000000 1.000000
0.935367 0.016726 -0.353283 19.868980 -0.033484 0.998582 -0.041378 110.284294 0.352090 0.050533 0.934601 0.470497 0.000000 0.000000 0.000000 1.000000
0.929941 0.015029 -0.367402 20.010248 -0.032855 0.998564 -0.042312 110.257599 0.366238 0.051418 0.929099 0.293480 0.000000 0.000000 0.000000 1.000000
0.923141 0.013564 -0.384223 20.158676 -0.032172 0.998598 -0.042044 110.223419 0.383114 0.051173 0.922283 0.119086 0.000000 0.000000 0.000000 1.000000
0.915694 0.012206 -0.401690 20.297127 -0.031045 0.998700 -0.040425 110.183586 0.400674 0.049487 0.914883 -0.054595 0.000000 0.000000 0.000000 1.000000
0.908390 0.010760 -0.417985 20.409037 -0.029309 0.998848 -0.037983 110.136902 0.417095 0.046754 0.907659 -0.223395 0.000000 0.000000 0.000000 1.000000
0.901878 0.008909 -0.431898 20.488466 -0.026826 0.999013 -0.035411 110.081734 0.431157 0.043523 0.901227 -0.379614 0.000000 0.000000 0.000000 1.000000
0.896875 0.006212 -0.442240 20.538158 -0.023268 0.999179 -0.033152 110.022453 0.441671 0.040023 0.896284 -0.520531 0.000000 0.000000 0.000000 1.000000
0.894156 0.002673 -0.447747 20.558868 -0.018690 0.999333 -0.031360 109.969070 0.447365 0.036409 0.893610 -0.652387 0.000000 0.000000 0.000000 1.000000
0.894070 -0.001109 -0.447926 20.546068 -0.013769 0.999456 -0.029956 109.927849 0.447716 0.032950 0.893569 -0.784921 0.000000 0.000000 0.000000 1.000000
0.896227 -0.004575 -0.443573 20.489882 -0.009025 0.999552 -0.028544 109.877808 0.443505 0.029585 0.895784 -0.922955 0.000000 0.000000 0.000000 1.000000
0.899788 -0.007589 -0.436261 20.387859 -0.004449 0.999637 -0.026565 109.820808 0.436304 0.025844 0.899428 -1.065168 0.000000 0.000000 0.000000 1.000000
0.903933 -0.010256 -0.427551 20.235773 0.000142 0.999720 -0.023681 109.752640 0.427674 0.021345 0.903681 -1.207562 0.000000 0.000000 0.000000 1.000000
0.908146 -0.012601 -0.418465 20.033037 0.004692 0.999791 -0.019922 109.674522 0.418628 0.016129 0.908015 -1.347741 0.000000 0.000000 0.000000 1.000000
0.912319 -0.014617 -0.409220 19.785990 0.008996 0.999837 -0.015658 109.596016 0.409382 0.010603 0.912302 -1.485061 0.000000 0.000000 0.000000 1.000000
0.916662 -0.016174 -0.399335 19.499516 0.012762 0.999856 -0.011202 109.527420 0.399459 0.005172 0.916737 -1.617825 0.000000 0.000000 0.000000 1.000000
0.921479 -0.017019 -0.388056 19.170506 0.015708 0.999855 -0.006551 109.472260 0.388112 -0.000059 0.921612 -1.743984 0.000000 0.000000 0.000000 1.000000
0.926942 -0.017074 -0.374817 18.795357 0.017667 0.999842 -0.001856 109.430023 0.374789 -0.004901 0.927097 -1.863683 0.000000 0.000000 0.000000 1.000000
0.932988 -0.016422 -0.359533 18.378008 0.018536 0.999825 0.002434 109.401932 0.359430 -0.008936 0.933129 -1.978574 0.000000 0.000000 0.000000 1.000000
0.939366 -0.014951 -0.342589 17.926014 0.018243 0.999813 0.006388 109.390182 0.342430 -0.012250 0.939464 -2.085140 0.000000 0.000000 0.000000 1.000000
0.945759 -0.012545 -0.324627 17.442625 0.016927 0.999800 0.010679 109.397163 0.324428 -0.015595 0.945782 -2.167252 0.000000 0.000000 0.000000 1.000000
0.951848 -0.009576 -0.306421 16.925652 0.015007 0.999769 0.015372 109.431694 0.306203 -0.019230 0.951772 -2.200131 0.000000 0.000000 0.000000 1.000000
0.957432 -0.006664 -0.288583 16.372066 0.012854 0.999726 0.019560 109.503540 0.288373 -0.022437 0.957255 -2.167759 0.000000 0.000000 0.000000 1.000000
0.962511 -0.004068 -0.271212 15.783573 0.010561 0.999691 0.022485 109.614311 0.271037 -0.024506 0.962257 -2.076403 0.000000 0.000000 0.000000 1.000000
0.967121 -0.001461 -0.254314 15.167471 0.007912 0.999672 0.024343 109.764130 0.254195 -0.025555 0.966815 -1.946312 0.000000 0.000000 0.000000 1.000000
0.971167 0.001691 -0.238394 14.533055 0.004616 0.999654 0.025892 109.944717 0.238355 -0.026246 0.970823 -1.792218 0.000000 0.000000 0.000000 1.000000
0.974550 0.005357 -0.224107 13.890050 0.000867 0.999617 0.027664 110.138313 0.224170 -0.027155 0.974172 -1.615065 0.000000 0.000000 0.000000 1.000000
0.977338 0.009000 -0.211495 13.245458 -0.002780 0.999555 0.029688 110.325645 0.211668 -0.028427 0.976928 -1.410011 0.000000 0.000000 0.000000 1.000000
0.979740 0.012506 -0.199880 12.600516 -0.006280 0.999476 0.031751 110.497665 0.200173 -0.029853 0.979306 -1.176744 0.000000 0.000000 0.000000 1.000000
0.981934 0.016315 -0.188520 11.954537 -0.010138 0.999381 0.033682 110.659134 0.188953 -0.031162 0.981492 -0.919481 0.000000 0.000000 0.000000 1.000000
0.983971 0.020492 -0.177146 11.308579 -0.014468 0.999274 0.035234 110.819115 0.177739 -0.032106 0.983554 -0.641895 0.000000 0.000000 0.000000 1.000000
0.985834 0.024084 -0.165986 10.671076 -0.018375 0.999188 0.035843 110.972427 0.166714 -0.032286 0.985477 -0.348689 0.000000 0.000000 0.000000 1.000000
0.987485 0.026095 -0.155539 10.062368 -0.020879 0.999166 0.035077 111.100128 0.156324 -0.031390 0.987207 -0.049345 0.000000 0.000000 0.000000 1.000000
0.988885 0.026693 -0.146268 9.499790 -0.022026 0.999198 0.033431 111.185555 0.147043 -0.029838 0.988680 0.244076 0.000000 0.000000 0.000000 1.000000
0.990015 0.026660 -0.138419 8.984339 -0.022443 0.999238 0.031942 111.233940 0.139165 -0.028516 0.989859 0.524155 0.000000 0.000000 0.000000 1.000000
0.990918 0.026006 -0.131929 8.508506 -0.022103 0.999276 0.030961 111.258698 0.132639 -0.027764 0.990776 0.790257 0.000000 0.000000 0.000000 1.000000
0.991688 0.024199 -0.126372 8.070512 -0.020583 0.999343 0.029845 111.265862 0.127011 -0.026996 0.991534 1.041700 0.000000 0.000000 0.000000 1.000000
0.992381 0.021357 -0.121339 7.672754 -0.018105 0.999448 0.027841 111.254883 0.121867 -0.025432 0.992221 1.274081 0.000000 0.000000 0.000000 1.000000
0.992972 0.018394 -0.116914 7.313191 -0.015588 0.999569 0.024872 111.227547 0.117321 -0.022875 0.992831 1.481352 0.000000 0.000000 0.000000 1.000000
0.993410 0.015873 -0.113512 6.985089 -0.013552 0.999683 0.021195 111.190117 0.113813 -0.019518 0.993310 1.658841 0.000000 0.000000 0.000000 1.000000
0.993703 0.013555 -0.111225 6.681967 -0.011758 0.999790 0.016798 111.149963 0.111429 -0.015384 0.993653 1.807653 0.000000 0.000000 0.000000 1.000000
0.993919 0.011289 -0.109533 6.399825 -0.010068 0.999881 0.011694 111.115250 0.109652 -0.010520 0.993914 1.936886 0.000000 0.000000 0.000000 1.000000
0.994133 0.009375 -0.107756 6.138169 -0.008729 0.999941 0.006464 111.092911 0.107810 -0.005485 0.994156 2.057936 0.000000 0.000000 0.000000 1.000000
0.994365 0.007987 -0.105714 5.900104 -0.007815 0.999967 0.002043 111.083763 0.105727 -0.001205 0.994394 2.178363 0.000000 0.000000 0.000000 1.000000
0.994555 0.006972 -0.103976 5.689433 -0.007102 0.999974 -0.000878 111.081589 0.103967 0.001612 0.994579 2.302788 0.000000 0.000000 0.000000 1.000000
0.994609 0.006141 -0.103515 5.505949 -0.006407 0.999977 -0.002232 111.076675 0.103498 0.002883 0.994625 2.433325 0.000000 0.000000 0.000000 1.000000
0.994473 0.005322 -0.104857 5.345754 -0.005618 0.999981 -0.002523 111.064201 0.104842 0.003098 0.994484 2.566845 0.000000 0.000000 0.000000 1.000000
0.994186 0.004368 -0.107585 5.205411 -0.004653 0.999986 -0.002393 111.049339 0.107573 0.002880 0.994193 2.697888 0.000000 0.000000 0.000000 1.000000
0.993848 0.003256 -0.110701 5.082624 -0.003542 0.999991 -0.002387 111.037865 0.110692 0.002764 0.993851 2.823685 0.000000 0.000000 0.000000 1.000000
0.993567 0.002052 -0.113223 4.974175 -0.002376 0.999993 -0.002727 111.026779 0.113217 0.002978 0.993566 2.942703 0.000000 0.000000 0.000000 1.000000
0.993419 0.000880 -0.114533 4.875480 -0.001233 0.999995 -0.003006 111.012482 0.114530 0.003128 0.993415 3.049827 0.000000 0.000000 0.000000 1.000000
0.993412 -0.000203 -0.114600 4.782646 -0.000102 0.999996 -0.002654 110.997589 0.114601 0.002648 0.993408 3.138873 0.000000 0.000000 0.000000 1.000000
0.993486 -0.001260 -0.113944 4.693279 0.001066 0.999998 -0.001762 110.985939 0.113946 0.001629 0.993486 3.209058 0.000000 0.000000 0.000000 1.000000
0.993563 -0.002316 -0.113258 4.605950 0.002226 0.999997 -0.000917 110.979591 0.113260 0.000659 0.993565 3.263669 0.000000 0.000000 0.000000 1.000000
0.993582 -0.003304 -0.113069 4.521875 0.003273 0.999995 -0.000453 110.979126 0.113070 0.000080 0.993587 3.305509 0.000000 0.000000 0.000000 1.000000
0.993508 -0.004215 -0.113682 4.445025 0.004200 0.999991 -0.000375 110.981064 0.113682 -0.000105 0.993517 3.336573 0.000000 0.000000 0.000000 1.000000
0.993343 -0.005114 -0.115082 4.378099 0.005072 0.999987 -0.000651 110.980614 0.115084 0.000063 0.993356 3.358263 0.000000 0.000000 0.000000 1.000000
0.993137 -0.006040 -0.116803 4.319039 0.005938 0.999982 -0.001220 110.977592 0.116808 0.000518 0.993154 3.369684 0.000000 0.000000 0.000000 1.000000
0.992989 -0.007013 -0.117999 4.261498 0.006840 0.999975 -0.001873 110.974731 0.118010 0.001053 0.993012 3.367184 0.000000 0.000000 0.000000 1.000000
0.993001 -0.007949 -0.117840 4.197779 0.007721 0.999967 -0.002384 110.971764 0.117856 0.001457 0.993030 3.349058 0.000000 0.000000 0.000000 1.000000
0.993183 -0.008716 -0.116242 4.121939 0.008454 0.999960 -0.002750 110.965828 0.116261 0.001749 0.993217 3.321656 0.000000 0.000000 0.000000 1.000000
0.993419 -0.009571 -0.114137 4.031432 0.009265 0.999952 -0.003206 110.955383 0.114162 0.002127 0.993460 3.296567 0.000000 0.000000 0.000000 1.000000
0.993564 -0.010988 -0.112741 3.926171 0.010625 0.999936 -0.003823 110.942001 0.112776 0.002601 0.993617 3.280846 0.000000 0.000000 0.000000 1.000000
0.993546 -0.012967 -0.112683 3.807986 0.012565 0.999912 -0.004276 110.928833 0.112729 0.002833 0.993622 3.271512 0.000000 0.000000 0.000000 1.000000
0.993376 -0.015115 -0.113906 3.682510 0.014736 0.999883 -0.004169 110.919106 0.113956 0.002463 0.993483 3.256791 0.000000 0.000000 0.000000 1.000000
0.993104 -0.017275 -0.115954 3.561078 0.016990 0.999850 -0.003450 110.914871 0.115997 0.001456 0.993249 3.220359 0.000000 0.000000 0.000000 1.000000
0.992810 -0.019599 -0.118086 3.455194 0.019435 0.999808 -0.002539 110.916084 0.118113 0.000226 0.993000 3.149685 0.000000 0.000000 0.000000 1.000000
0.992572 -0.022136 -0.119625 3.363969 0.022059 0.999755 -0.001972 110.923492 0.119639 -0.000682 0.992817 3.043318 0.000000 0.000000 0.000000 1.000000
0.992416 -0.024899 -0.120372 3.272887 0.024856 0.999689 -0.001866 110.939186 0.120381 -0.001140 0.992727 2.900990 0.000000 0.000000 0.000000 1.000000
0.992337 -0.028218 -0.120299 3.168686 0.028224 0.999600 -0.001659 110.959808 0.120298 -0.001749 0.992736 2.710115 0.000000 0.000000 0.000000 1.000000
0.992382 -0.032469 -0.118842 3.048343 0.032634 0.999467 -0.000562 110.977837 0.118797 -0.003321 0.992913 2.454982 0.000000 0.000000 0.000000 1.000000
0.992669 -0.037600 -0.114870 2.913991 0.038017 0.999276 0.001445 110.990021 0.114733 -0.005802 0.993379 2.132860 0.000000 0.000000 0.000000 1.000000
