<?xml version="1.0" encoding="utf-8"?>
<COLLADA xmlns="http://www.collada.org/2005/11/COLLADASchema" version="1.4.1">
  <asset>
    <contributor>
      <author>Mixamo</author>
      <authoring_tool>COLLADA Mixamo exporter</authoring_tool>
      <comments/>
    </contributor>
    <created>2026-01-24T17:45:42Z</created>
    <modified>2026-01-24T17:45:42Z</modified>
    <revision/>
    <title/>
    <unit meter="0.010000"/>
    <up_axis>Y_UP</up_axis>
  </asset>
  <library_animations>
    <animation id="mixamorig_Hips-anim" name="mixamorig_Hips">
      <source id="mixamorig_Hips-Matrix-animation-input">
        <float_array id="mixamorig_Hips-Matrix-animation-input-array" count="97">

0.000000 0.033333 0.066667 0.100000 0.133333 0.166667 0.200000 0.233333 0.266667 0.300000 0.333333 0.366667 0.400000 0.433333 0.466667 0.500000
0.533333 0.566667 0.600000 0.633333 0.666667 0.700000 0.733333 0.766667 0.800000 0.833333 0.866667 0.900000 0.933333 0.966667 1.000000 1.033333
1.066667 1.100000 1.133333 1.166667 1.200000 1.233333 1.266667 1.300000 1.333333 1.366667 1.400000 1.433333 1.466667 1.500000 1.533333 1.566667
1.600000 1.633333 1.666667 1.700000 1.733333 1.766667 1.800000 1.833333 1.866667 1.900000 1.933333 1.966667 2.000000 2.033333 2.066667 2.100000
2.133333 2.166667 2.200000 2.233333 2.266667 2.300000 2.333333 2.366667 2.400000 2.433333 2.466667 2.500000 2.533333 2.566667 2.600000 2.633333
2.666667 2.700000 2.733333 2.766667 2.800000 2.833333 2.866667 2.900000 2.933333 2.966667 3.000000 3.033333 3.066667 3.100000 3.133333 3.166667
3.200000</float_array>
        <technique_common>
          <accessor source="#mixamorig_Hips-Matrix-animation-input-array" count="97">
            <param name="TIME" type="float"/>
          </accessor>
        </technique_common>
      </source>
      <source id="mixamorig_Hips-Matrix-animation-output-transform">
        <float_array id="mixamorig_Hips-Matrix-animation-output-transform-array" count="1552">

0.997650 0.055863 0.039668 0.262783 -0.058377 0.996153 0.065348 111.479652 -0.035865 -0.067510 0.997074 -0.179074 0.000000 0.000000 0.000000 1.000000
0.997671 0.055723 0.039331 0.256181 -0.058206 0.996180 0.065094 111.479500 -0.035553 -0.067231 0.997104 -0.154473 0.000000 0.000000 0.000000 1.000000
0.997691 0.055637 0.038961 0.246538 -0.058082 0.996213 0.064699 111.477730 -0.035213 -0.066812 0.997144 -0.129921 0.000000 0.000000 0.000000 1.000000
0.997708 0.055612 0.038557 0.233688 -0.058010 0.996252 0.064156 111.475418 -0.034845 -0.066246 0.997195 -0.104033 0.000000 0.000000 0.000000 1.000000
0.997717 0.055699 0.038196 0.217742 -0.058051 0.996291 0.063516 111.474640 -0.034517 -0.065588 0.997250 -0.074653 0.000000 0.000000 0.000000 1.000000
0.997705 0.056041 0.038001 0.197938 -0.058357 0.996315 0.062853 111.476807 -0.034338 -0.064926 0.997299 -0.039952 0.000000 0.000000 0.000000 1.000000
0.997670 0.056671 0.037998 0.171772 -0.058963 0.996320 0.062204 111.477676 -0.034333 -0.064299 0.997340 -0.000751 0.000000 0.000000 0.000000 1.000000
0.997613 0.057595 0.038099 0.138666 -0.059870 0.996307 0.061540 111.477501 -0.034414 -0.063674 0.997377 0.039699 0.000000 0.000000 0.000000 1.000000
0.997542 0.058732 0.038207 0.100793 -0.060986 0.996287 0.060774 111.477013 -0.034496 -0.062955 0.997420 0.077826 0.000000 0.000000 0.000000 1.000000
0.997464 0.059996 0.038280 0.061660 -0.062219 0.996268 0.059822 111.476578 -0.034548 -0.062052 0.997475 0.112893 0.000000 0.000000 0.000000 1.000000
0.997387 0.061285 0.038253 0.023907 -0.063466 0.996258 0.058663 111.476486 -0.034515 -0.060938 0.997545 0.146813 0.000000 0.000000 0.000000 1.000000
0.997320 0.062500 0.038035 -0.010419 -0.064619 0.996264 0.057299 111.476540 -0.034311 -0.059603 0.997632 0.181476 0.000000 0.000000 0.000000 1.000000
0.997265 0.063631 0.037599 -0.039616 -0.065669 0.996285 0.055709 111.477005 -0.033915 -0.058026 0.997739 0.217432 0.000000 0.000000 0.000000 1.000000
0.997209 0.064810 0.037059 -0.064325 -0.066755 0.996312 0.053902 111.478607 -0.033429 -0.056226 0.997858 0.253816 0.000000 0.000000 0.000000 1.000000
0.997137 0.066199 0.036533 -0.086836 -0.068050 0.996327 0.051981 111.480881 -0.032958 -0.054318 0.997980 0.289500 0.000000 0.000000 0.000000 1.000000
0.997051 0.067775 0.035991 -0.107045 -0.069534 0.996321 0.050104 111.483299 -0.032463 -0.052459 0.998095 0.325508 0.000000 0.000000 0.000000 1.000000
0.996972 0.069270 0.035321 -0.121822 -0.070937 0.996307 0.048372 111.486855 -0.031840 -0.050731 0.998205 0.364335 0.000000 0.000000 0.000000 1.000000
0.996925 0.070348 0.034530 -0.128601 -0.071926 0.996311 0.046817 111.493370 -0.031109 -0.049157 0.998307 0.406703 0.000000 0.000000 0.000000 1.000000
0.996914 0.070855 0.033793 -0.126998 -0.072354 0.996344 0.045432 111.505112 -0.030450 -0.047737 0.998396 0.450995 0.000000 0.000000 0.000000 1.000000
0.996929 0.070873 0.033316 -0.117699 -0.072311 0.996405 0.044147 111.525764 -0.030067 -0.046420 0.998469 0.494662 0.000000 0.000000 0.000000 1.000000
0.996957 0.070563 0.033126 -0.101418 -0.071953 0.996488 0.042838 111.557739 -0.029987 -0.045091 0.998533 0.535048 0.000000 0.000000 0.000000 1.000000
0.996997 0.070018 0.033073 -0.079173 -0.071363 0.996590 0.041413 111.598961 -0.030061 -0.043649 0.998595 0.569213 0.000000 0.000000 0.000000 1.000000
0.997050 0.069276 0.033034 -0.052923 -0.070573 0.996710 0.039856 111.646057 -0.030164 -0.042069 0.998659 0.593269 0.000000 0.000000 0.000000 1.000000
0.997113 0.068388 0.032994 -0.024987 -0.069634 0.996841 0.038201 111.696854 -0.030278 -0.040388 0.998725 0.602216 0.000000 0.000000 0.000000 1.000000
0.997181 0.067443 0.032889 0.004979 -0.068633 0.996975 0.036484 111.744751 -0.030329 -0.038639 0.998793 0.590957 0.000000 0.000000 0.000000 1.000000
0.997253 0.066560 0.032487 0.040376 -0.067680 0.997103 0.034704 111.776718 -0.030083 -0.036807 0.998869 0.556330 0.000000 0.000000 0.000000 1.000000
0.997329 0.065839 0.031609 0.083475 -0.066876 0.997217 0.032959 111.782166 -0.029351 -0.034985 0.998957 0.499550 0.000000 0.000000 0.000000 1.000000
0.997402 0.065326 0.030356 0.132958 -0.066281 0.997301 0.031598 111.763535 -0.028209 -0.033528 0.999040 0.427770 0.000000 0.000000 0.000000 1.000000
0.997464 0.065000 0.028997 0.186380 -0.065893 0.997345 0.031001 111.736092 -0.026905 -0.032833 0.999099 0.352066 0.000000 0.000000 0.000000 1.000000
0.997516 0.064776 0.027660 0.243246 -0.065631 0.997355 0.031235 111.714149 -0.025564 -0.032973 0.999129 0.280814 0.000000 0.000000 0.000000 1.000000
0.997568 0.064567 0.026247 0.304934 -0.065397 0.997343 0.032102 111.700241 -0.024105 -0.033741 0.999140 0.215036 0.000000 0.000000 0.000000 1.000000
0.997622 0.064364 0.024651 0.372806 -0.065170 0.997313 0.033446 111.689575 -0.022432 -0.034973 0.999136 0.151909 0.000000 0.000000 0.000000 1.000000
0.997671 0.064228 0.022965 0.445877 -0.065013 0.997262 0.035250 111.676903 -0.020638 -0.036660 0.999115 0.089826 0.000000 0.000000 0.000000 1.000000
0.997707 0.064218 0.021394 0.519507 -0.064989 0.997180 0.037529 111.658180 -0.018923 -0.038834 0.999066 0.028995 0.000000 0.000000 0.000000 1.000000
0.997730 0.064300 0.020026 0.587125 -0.065065 0.997069 0.040237 111.633568 -0.017380 -0.041449 0.998989 -0.029256 0.000000 0.000000 0.000000 1.000000
0.997745 0.064401 0.018895 0.644325 -0.065167 0.996939 0.043198 111.608932 -0.016056 -0.044332 0.998888 -0.084067 0.000000 0.000000 0.000000 1.000000
0.997751 0.064514 0.018186 0.691419 -0.065294 0.996798 0.046155 111.588837 -0.015150 -0.047239 0.998769 -0.137994 0.000000 0.000000 0.000000 1.000000
0.997738 0.064736 0.018132 0.731366 -0.065555 0.996648 0.048948 111.572365 -0.014902 -0.050026 0.998637 -0.195918 0.000000 0.000000 0.000000 1.000000
0.997700 0.065118 0.018800 0.764792 -0.066011 0.996484 0.051600 111.555702 -0.015373 -0.052722 0.998491 -0.258558 0.000000 0.000000 0.000000 1.000000
0.997645 0.065591 0.020074 0.790500 -0.066594 0.996307 0.054207 111.538284 -0.016444 -0.055416 0.998328 -0.322327 0.000000 0.000000 0.000000 1.000000
0.997576 0.066093 0.021783 0.809403 -0.067237 0.996119 0.056799 111.524628 -0.017944 -0.058126 0.998148 -0.384506 0.000000 0.000000 0.000000 1.000000
0.997496 0.066616 0.023769 0.825554 -0.067925 0.995924 0.059345 111.517624 -0.019719 -0.060811 0.997954 -0.445891 0.000000 0.000000 0.000000 1.000000
0.997410 0.067101 0.025883 0.843256 -0.068591 0.995729 0.061792 111.513153 -0.021626 -0.063408 0.997753 -0.508948 0.000000 0.000000 0.000000 1.000000
0.997331 0.067436 0.027987 0.863741 -0.069114 0.995548 0.064087 111.503624 -0.023541 -0.065851 0.997552 -0.575660 0.000000 0.000000 0.000000 1.000000
0.997266 0.067545 0.029967 0.886856 -0.069408 0.995386 0.066247 111.485359 -0.025354 -0.068146 0.997353 -0.646793 0.000000 0.000000 0.000000 1.000000
0.997220 0.067428 0.031706 0.914622 -0.069468 0.995237 0.068387 111.462265 -0.026943 -0.070399 0.997155 -0.720564 0.000000 0.000000 0.000000 1.000000
0.997191 0.067172 0.033150 0.948540 -0.069376 0.995093 0.070551 111.441628 -0.028248 -0.072653 0.996957 -0.792119 0.000000 0.000000 0.000000 1.000000
0.997170 0.066891 0.034320 0.986722 -0.069242 0.994954 0.072613 111.426590 -0.029289 -0.074784 0.996770 -0.856361 0.000000 0.000000 0.000000 1.000000
0.997156 0.066626 0.035239 1.027414 -0.069100 0.994830 0.074423 111.414665 -0.030098 -0.076646 0.996604 -0.912166 0.000000 0.000000 0.000000 1.000000
0.997148 0.066348 0.035965 1.070924 -0.068927 0.994725 0.075965 111.403427 -0.030735 -0.078227 0.996462 -0.962259 0.000000 0.000000 0.000000 1.000000
0.997145 0.066035 0.036615 1.117418 -0.068708 0.994636 0.077316 111.393066 -0.031313 -0.079611 0.996334 -1.009293 0.000000 0.000000 0.000000 1.000000
0.997141 0.065716 0.037288 1.166245 -0.068482 0.994557 0.078531 111.383301 -0.031925 -0.080860 0.996214 -1.053331 0.000000 0.000000 0.000000 1.000000
0.997132 0.065465 0.037974 1.217229 -0.068323 0.994482 0.079614 111.373093 -0.032552 -0.081980 0.996102 -1.092732 0.000000 0.000000 0.000000 1.000000
0.997120 0.065301 0.038571 1.270450 -0.068239 0.994411 0.080556 111.364159 -0.033095 -0.082956 0.996004 -1.125595 0.000000 0.000000 0.000000 1.000000
0.997114 0.065148 0.038971 1.325058 -0.068147 0.994354 0.081335 111.360031 -0.033453 -0.083756 0.995925 -1.149650 0.000000 0.000000 0.000000 1.000000
0.997123 0.064916 0.039141 1.379534 -0.067949 0.994322 0.081899 111.360779 -0.033602 -0.084323 0.995872 -1.162727 0.000000 0.000000 0.000000 1.000000
0.997143 0.064586 0.039165 1.433411 -0.067631 0.994321 0.082168 111.362991 -0.033636 -0.084582 0.995849 -1.164490 0.000000 0.000000 0.000000 1.000000
0.997164 0.064239 0.039208 1.487248 -0.067286 0.994350 0.082104 111.364311 -0.033712 -0.084509 0.995852 -1.156194 0.000000 0.000000 0.000000 1.000000
0.997170 0.064002 0.039435 1.540897 -0.067057 0.994394 0.081750 111.365112 -0.033982 -0.084163 0.995872 -1.138084 0.000000 0.000000 0.000000 1.000000
0.997154 0.063940 0.039949 1.593108 -0.067019 0.994443 0.081193 111.367859 -0.034535 -0.083639 0.995898 -1.108521 0.000000 0.000000 0.000000 1.000000
0.997114 0.064066 0.040731 1.642367 -0.067184 0.994491 0.080461 111.376793 -0.035352 -0.082966 0.995925 -1.066502 0.000000 0.000000 0.000000 1.000000
0.997050 0.064454 0.041686 1.687213 -0.067615 0.994541 0.079472 111.398499 -0.036337 -0.082056 0.995965 -1.016183 0.000000 0.000000 0.000000 1.000000
0.996959 0.065165 0.042729 1.728077 -0.068357 0.994603 0.078052 111.438202 -0.037412 -0.080735 0.996033 -0.969050 0.000000 0.000000 0.000000 1.000000
0.996856 0.066027 0.043799 1.768558 -0.069225 0.994700 0.076030 111.496338 -0.038547 -0.078823 0.996143 -0.937099 0.000000 0.000000 0.000000 1.000000
0.996767 0.066600 0.044941 1.811442 -0.069778 0.994865 0.073308 111.568466 -0.039828 -0.076207 0.996296 -0.924639 0.000000 0.000000 0.000000 1.000000
0.996698 0.066639 0.046385 1.857100 -0.069786 0.995110 0.069893 111.651543 -0.041501 -0.072900 0.996475 -0.929791 0.000000 0.000000 0.000000 1.000000
0.996632 0.066219 0.048362 1.905173 -0.069338 0.995411 0.065948 111.753006 -0.043773 -0.069079 0.996650 -0.952388 0.000000 0.000000 0.000000 1.000000
0.996559 0.065485 0.050809 1.956386 -0.068578 0.995733 0.061746 111.863464 -0.046549 -0.065018 0.996798 -0.996809 0.000000 0.000000 0.000000 1.000000
0.996489 0.064547 0.053327 2.010068 -0.067597 0.996053 0.057528 111.958298 -0.049403 -0.060931 0.996919 -1.069460 0.000000 0.000000 0.000000 1.000000
0.996449 0.063385 0.055415 2.062665 -0.066347 0.996369 0.053362 112.008820 -0.051831 -0.056850 0.997036 -1.176583 0.000000 0.000000 0.000000 1.000000
0.996474 0.061854 0.056691 2.110133 -0.064668 0.996691 0.049235 111.995079 -0.053458 -0.052728 0.997177 -1.320131 0.000000 0.000000 0.000000 1.000000
0.996579 0.059800 0.057039 2.148930 -0.062421 0.997020 0.045328 111.912857 -0.054159 -0.048733 0.997342 -1.490081 0.000000 0.000000 0.000000 1.000000
0.996751 0.057224 0.056674 2.176712 -0.059652 0.997330 0.042118 111.778618 -0.054112 -0.045362 0.997504 -1.661410 0.000000 0.000000 0.000000 1.000000
0.996947 0.054367 0.056045 2.193696 -0.056654 0.997590 0.040059 111.629280 -0.053733 -0.043111 0.997624 -1.803616 0.000000 0.000000 0.000000 1.000000
0.997127 0.051534 0.055509 2.201571 -0.053748 0.997786 0.039167 111.507553 -0.053368 -0.042038 0.997690 -1.897710 0.000000 0.000000 0.000000 1.000000
0.997287 0.048878 0.055043 2.200139 -0.051064 0.997932 0.039034 111.432899 -0.053021 -0.041739 0.997721 -1.945533 0.000000 0.000000 0.000000 1.000000
0.997435 0.046534 0.054383 2.185018 -0.048704 0.998040 0.039287 111.405212 -0.052448 -0.041835 0.997747 -1.959240 0.000000 0.000000 0.000000 1.000000
0.997575 0.044615 0.053427 2.150114 -0.046780 0.998105 0.039981 111.401772 -0.051542 -0.042383 0.997771 -1.942874 0.000000 0.000000 0.000000 1.000000
0.997695 0.043113 0.052411 2.092737 -0.045306 0.998115 0.041406 111.403648 -0.050527 -0.043685 0.997767 -1.889154 0.000000 0.000000 0.000000 1.000000
0.997788 0.041830 0.051666 2.015661 -0.044098 0.998076 0.043574 111.402710 -0.049744 -0.045756 0.997713 -1.792451 0.000000 0.000000 0.000000 1.000000
0.997855 0.040628 0.051336 1.925093 -0.043009 0.998008 0.046154 111.399323 -0.049359 -0.048263 0.997614 -1.656770 0.000000 0.000000 0.000000 1.000000
0.997896 0.039643 0.051311 1.828113 -0.042156 0.997916 0.048854 111.398483 -0.049267 -0.050914 0.997487 -1.493925 0.000000 0.000000 0.000000 1.000000
0.997911 0.039138 0.051394 1.730222 -0.041789 0.997795 0.051558 111.403625 -0.049263 -0.053598 0.997347 -1.318691 0.000000 0.000000 0.000000 1.000000
0.997902 0.039237 0.051493 1.631568 -0.042020 0.997650 0.054112 111.414734 -0.049249 -0.056162 0.997206 -1.145373 0.000000 0.000000 0.000000 1.000000
0.997873 0.039841 0.051603 1.526308 -0.042739 0.997497 0.056323 111.430450 -0.049229 -0.058408 0.997078 -0.982820 0.000000 0.000000 0.000000 1.000000
0.997831 0.040769 0.051688 1.408816 -0.043761 0.997350 0.058126 111.450569 -0.049182 -0.060262 0.996970 -0.833256 0.000000 0.000000 0.000000 1.000000
0.997782 0.041894 0.051738 1.280035 -0.044957 0.997214 0.059532 111.473572 -0.049100 -0.061725 0.996885 -0.697366 0.000000 0.000000 0.000000 1.000000
0.997727 0.043150 0.051756 1.148108 -0.046263 0.997092 0.060553 111.494896 -0.048993 -0.062810 0.996822 -0.579203 0.000000 0.000000 0.000000 1.000000
0.997673 0.044477 0.051677 1.020164 -0.047621 0.996983 0.061291 111.509705 -0.048795 -0.063609 0.996781 -0.480783 0.000000 0.000000 0.000000 1.000000
0.997628 0.045838 0.051360 0.897624 -0.048990 0.996879 0.061905 111.516266 -0.048362 -0.064274 0.996760 -0.399127 0.000000 0.000000 0.000000 1.000000
0.997602 0.047216 0.050609 0.780270 -0.050346 0.996776 0.062480 111.514168 -0.047496 -0.064878 0.996762 -0.332311 0.000000 0.000000 0.000000 1.000000
0.997603 0.048607 0.049251 0.670026 -0.051671 0.996675 0.062995 111.504837 -0.046026 -0.065389 0.996798 -0.282260 0.000000 0.000000 0.000000 1.000000
0.997625 0.050038 0.047335 0.568979 -0.052996 0.996577 0.063444 111.493004 -0.043998 -0.065802 0.996862 -0.248047 0.000000 0.000000 0.000000 1.000000
0.997650 0.051524 0.045156 0.477288 -0.054354 0.996476 0.063877 111.483864 -0.041705 -0.066181 0.996936 -0.223947 0.000000 0.000000 0.000000 1.000000
0.997665 0.053028 0.043048 0.394736 -0.055736 0.996370 0.064350 111.479424 -0.039480 -0.066599 0.996998 -0.205173 0.000000 0.000000 0.000000 1.000000
0.997664 0.054490 0.041208 0.322609 -0.057093 0.996259 0.064868 111.478653 -0.037519 -0.067069 0.997043 -0.190331 0.000000 0.000000 0.000000 1.000000
0.997650 0.055863 0.039668 0.262783 -0.058377 0.996153 0.065348 111.479652 -0.035865 -0.067510 0.997074 -0.179074 0.000000 0.000000 0.000000 1.000000</float_array>
        <technique_common>
          <accessor source="#mixamorig_Hips-Matrix-animation-output-transform-array" count="97" stride="16">
            <param type="float4x4"/>
          </accessor>
        </technique_common>
      </source>
      <source id="mixamorig_Hips-Interpolations">
        <Name_array id="mixamorig_Hips-Interpolations-array" count="97">
 LINEAR LINEAR LINEAR LINEAR LINEAR LINEAR LINEAR LINEAR LINEAR LINEAR LINEAR
LINEAR LINEAR LINEAR LINEAR LINEAR LINEAR LINEAR LINEAR LINEAR LINEAR LINEAR LINEAR
LINEAR LINEAR LINEAR LINEAR LINEAR LINEAR LINEAR LINEAR LINEAR LINEAR LINEAR LINEAR
LINEAR LINEAR LINEAR LINEAR LINEAR LINEAR LINEAR LINEAR LINEAR LINEAR LINEAR LINEAR
LINEAR LINEAR LINEAR LINEAR LINEAR LINEAR LINEAR LINEAR LINEAR LINEAR LINEAR LINEAR
LINEAR LINEAR LINEAR LINEAR LINEAR LINEAR LINEAR LINEAR LINEAR LINEAR LINEAR LINEAR
LINEAR LINEAR LINEAR LINEAR LINEAR LINEAR LINEAR LINEAR LINEAR LINEAR LINEAR LINEAR
LINEAR LINEAR LINEAR LINEAR LINEAR LINEAR LINEAR LINEAR LINEAR LINEAR LINEAR LINEAR
LINEAR LINEAR</Name_array>
        <technique_common>
          <accessor source="#mixamorig_Hips-Interpolations-array" count="97">
            <param type="name"/>
          </accessor>
        </technique_common>
      </source>
      <sampler id="mixamorig_Hips-Matrix-animation-transform">
        <input semantic="INPUT" source="#mixamorig_Hips-Matrix-animation-input"/>
        <input semantic="OUTPUT" source="#mixamorig_Hips-Matrix-animation-output-transform"/>
        <input semantic="INTERPOLATION" source="#mixamorig_Hips-Interpolations"/>
      </sampler>
      <channel source="#mixamorig_Hips-Matrix-animation-transform" target="mixamorig_Hips/matrix"/>
    </animation>
    <animation id="mixamorig_Spine-anim" name="mixamorig_Spine">
      <source id="mixamorig_Spine-Matrix-animation-input">
        <float_array id="mixamorig_Spine-Matrix-animation-input-array" count="97">

0.000000 0.033333 0.066667 0.100000 0.133333 0.166667 0.200000 0.233333 0.266667 0.300000 0.333333 0.366667 0.400000 0.433333 0.466667 0.500000
0.533333 0.566667 0.600000 0.633333 0.666667 0.700000 0.733333 0.766667 0.800000 0.833333 0.866667 0.900000 0.933333 0.966667 1.000000 1.033333
1.066667 1.100000 1.133333 1.166667 1.200000 1.233333 1.266667 1.300000 1.333333 1.366667 1.400000 1.433333 1.466667 1.500000 1.533333 1.566667
1.600000 1.633333 1.666667 1.700000 1.733333 1.766667 1.800000 1.833333 1.866667 1.900000 1.933333 1.966667 2.000000 2.033333 2.066667 2.100000
2.133333 2.166667 2.200000 2.233333 2.266667 2.300000 2.333333 2.366667 2.400000 2.433333 2.466667 2.500000 2.533333 2.566667 2.600000 2.633333
2.666667 2.700000 2.733333 2.766667 2.800000 2.833333 2.866667 2.900000 2.933333 2.966667 3.000000 3.033333 3.066667 3.100000 3.133333 3.166667
3.200000</float_array>
        <technique_common>
          <accessor source="#mixamorig_Spine-Matrix-animation-input-array" count="97">
            <param name="TIME" type="float"/>
          </accessor>
        </technique_common>
      </source>
      <source id="mixamorig_Spine-Matrix-animation-output-transform">
        <float_array id="mixamorig_Spine-Matrix-animation-output-transform-array" count="1552">

0.998554 -0.046692 0.026642 0.000400 0.048030 0.997489 -0.052040 10.664600 -0.024145 0.053244 0.998290 -0.060300 0.000000 0.000000 0.000000 1.000000
0.998554 -0.046708 0.026600 0.000400 0.048045 0.997489 -0.052039 10.664600 -0.024103 0.053242 0.998291 -0.060300 0.000000 0.000000 0.000000 1.000000
0.998557 -0.046676 0.026540 0.000400 0.048010 0.997490 -0.052049 10.664600 -0.024044 0.053248 0.998292 -0.060300 0.000000 0.000000 0.000000 1.000000
0.998565 -0.046570 0.026448 0.000400 0.047899 0.997496 -0.052025 10.664600 -0.023959 0.053218 0.998295 -0.060300 0.000000 0.000000 0.000000 1.000000
0.998577 -0.046377 0.026318 0.000400 0.047697 0.997511 -0.051936 10.664600 -0.023844 0.053118 0.998304 -0.060300 0.000000 0.000000 0.000000 1.000000
0.998594 -0.046116 0.026159 0.000400 0.047424 0.997531 -0.051797 10.664600 -0.023705 0.052964 0.998315 -0.060300 0.000000 0.000000 0.000000 1.000000
0.998615 -0.045744 0.025986 0.000400 0.047040 0.997556 -0.051665 10.664600 -0.023559 0.052816 0.998326 -0.060300 0.000000 0.000000 0.000000 1.000000
0.998639 -0.045328 0.025812 0.000400 0.046613 0.997580 -0.051590 10.664600 -0.023411 0.052723 0.998335 -0.060300 0.000000 0.000000 0.000000 1.000000
0.998662 -0.044912 0.025637 0.000400 0.046189 0.997601 -0.051570 10.664600 -0.023259 0.052685 0.998340 -0.060300 0.000000 0.000000 0.000000 1.000000
0.998685 -0.044511 0.025456 0.000400 0.045778 0.997619 -0.051577 10.664600 -0.023100 0.052675 0.998345 -0.060300 0.000000 0.000000 0.000000 1.000000
0.998706 -0.044121 0.025273 0.000400 0.045379 0.997637 -0.051591 10.664600 -0.022937 0.052671 0.998348 -0.060300 0.000000 0.000000 0.000000 1.000000
0.998728 -0.043735 0.025103 0.000400 0.044985 0.997653 -0.051613 10.664600 -0.022787 0.052676 0.998352 -0.060300 0.000000 0.000000 0.000000 1.000000
0.998748 -0.043348 0.024960 0.000400 0.044592 0.997669 -0.051652 10.664600 -0.022662 0.052701 0.998353 -0.060300 0.000000 0.000000 0.000000 1.000000
0.998768 -0.042957 0.024848 0.000400 0.044197 0.997684 -0.051712 10.664600 -0.022569 0.052747 0.998353 -0.060300 0.000000 0.000000 0.000000 1.000000
0.998786 -0.042574 0.024778 0.000400 0.043812 0.997698 -0.051771 10.664600 -0.022517 0.052793 0.998352 -0.060300 0.000000 0.000000 0.000000 1.000000
0.998801 -0.042230 0.024764 0.000400 0.043468 0.997712 -0.051789 10.664600 -0.022520 0.052803 0.998351 -0.060300 0.000000 0.000000 0.000000 1.000000
0.998811 -0.041973 0.024787 0.000400 0.043211 0.997726 -0.051735 10.664600 -0.022559 0.052745 0.998353 -0.060300 0.000000 0.000000 0.000000 1.000000
0.998818 -0.041825 0.024770 0.000400 0.043059 0.997739 -0.051599 10.664600 -0.022556 0.052604 0.998361 -0.060300 0.000000 0.000000 0.000000 1.000000
0.998824 -0.041765 0.024622 0.000400 0.042987 0.997753 -0.051385 10.664600 -0.022420 0.052383 0.998375 -0.060300 0.000000 0.000000 0.000000 1.000000
0.998832 -0.041749 0.024316 0.000400 0.042949 0.997770 -0.051100 10.664600 -0.022128 0.052085 0.998397 -0.060300 0.000000 0.000000 0.000000 1.000000
0.998841 -0.041751 0.023930 0.000400 0.042923 0.997788 -0.050763 10.664600 -0.021758 0.051731 0.998424 -0.060300 0.000000 0.000000 0.000000 1.000000
0.998849 -0.041763 0.023590 0.000400 0.042910 0.997806 -0.050408 10.664600 -0.021434 0.051362 0.998450 -0.060300 0.000000 0.000000 0.000000 1.000000
0.998853 -0.041790 0.023375 0.000400 0.042919 0.997823 -0.050077 10.664600 -0.021231 0.051022 0.998472 -0.060300 0.000000 0.000000 0.000000 1.000000
0.998853 -0.041848 0.023268 0.000400 0.042965 0.997835 -0.049791 10.664600 -0.021134 0.050733 0.998489 -0.060300 0.000000 0.000000 0.000000 1.000000
0.998850 -0.041956 0.023201 0.000400 0.043065 0.997842 -0.049567 10.664600 -0.021071 0.050509 0.998501 -0.060300 0.000000 0.000000 0.000000 1.000000
0.998845 -0.042111 0.023146 0.000400 0.043215 0.997841 -0.049446 10.664600 -0.021014 0.050389 0.998509 -0.060300 0.000000 0.000000 0.000000 1.000000
0.998837 -0.042291 0.023151 0.000400 0.043395 0.997832 -0.049482 10.664600 -0.021008 0.050429 0.998507 -0.060300 0.000000 0.000000 0.000000 1.000000
0.998825 -0.042512 0.023265 0.000400 0.043626 0.997813 -0.049669 10.664600 -0.021103 0.050625 0.998495 -0.060300 0.000000 0.000000 0.000000 1.000000
0.998807 -0.042822 0.023453 0.000400 0.043949 0.997787 -0.049899 10.664600 -0.021265 0.050870 0.998479 -0.060300 0.000000 0.000000 0.000000 1.000000
0.998786 -0.043222 0.023616 0.000400 0.044360 0.997762 -0.050026 10.664600 -0.021401 0.051013 0.998469 -0.060300 0.000000 0.000000 0.000000 1.000000
0.998766 -0.043633 0.023712 0.000400 0.044776 0.997746 -0.049987 10.664600 -0.021478 0.050988 0.998468 -0.060300 0.000000 0.000000 0.000000 1.000000
0.998749 -0.043968 0.023822 0.000400 0.045113 0.997738 -0.049847 10.664600 -0.021576 0.050859 0.998473 -0.060300 0.000000 0.000000 0.000000 1.000000
0.998732 -0.044224 0.024054 0.000400 0.045377 0.997732 -0.049708 10.664600 -0.021801 0.050736 0.998474 -0.060300 0.000000 0.000000 0.000000 1.000000
0.998712 -0.044466 0.024419 0.000400 0.045635 0.997725 -0.049618 10.664600 -0.022157 0.050669 0.998470 -0.060300 0.000000 0.000000 0.000000 1.000000
0.998691 -0.044739 0.024809 0.000400 0.045926 0.997715 -0.049562 10.664600 -0.022535 0.050637 0.998463 -0.060300 0.000000 0.000000 0.000000 1.000000
0.998671 -0.045021 0.025098 0.000400 0.046222 0.997704 -0.049504 10.664600 -0.022811 0.050598 0.998459 -0.060300 0.000000 0.000000 0.000000 1.000000
0.998657 -0.045246 0.025236 0.000400 0.046451 0.997698 -0.049416 10.664600 -0.022942 0.050522 0.998459 -0.060300 0.000000 0.000000 0.000000 1.000000
0.998650 -0.045381 0.025260 0.000400 0.046584 0.997698 -0.049288 10.664600 -0.022965 0.050398 0.998465 -0.060300 0.000000 0.000000 0.000000 1.000000
0.998649 -0.045427 0.025241 0.000400 0.046626 0.997703 -0.049135 10.664600 -0.022951 0.050246 0.998473 -0.060300 0.000000 0.000000 0.000000 1.000000
0.998650 -0.045397 0.025243 0.000400 0.046593 0.997712 -0.048990 10.664600 -0.022961 0.050100 0.998480 -0.060300 0.000000 0.000000 0.000000 1.000000
0.998652 -0.045331 0.025300 0.000400 0.046527 0.997721 -0.048871 10.664600 -0.023027 0.049982 0.998485 -0.060300 0.000000 0.000000 0.000000 1.000000
0.998652 -0.045262 0.025417 0.000400 0.046462 0.997728 -0.048782 10.664600 -0.023152 0.049897 0.998486 -0.060300 0.000000 0.000000 0.000000 1.000000
0.998651 -0.045185 0.025582 0.000400 0.046392 0.997734 -0.048728 10.664600 -0.023322 0.049849 0.998484 -0.060300 0.000000 0.000000 0.000000 1.000000
0.998651 -0.045076 0.025774 0.000400 0.046292 0.997738 -0.048735 10.664600 -0.023519 0.049862 0.998479 -0.060300 0.000000 0.000000 0.000000 1.000000
0.998652 -0.044934 0.025968 0.000400 0.046163 0.997740 -0.048826 10.664600 -0.023716 0.049959 0.998470 -0.060300 0.000000 0.000000 0.000000 1.000000
0.998654 -0.044804 0.026147 0.000400 0.046045 0.997738 -0.048981 10.664600 -0.023893 0.050119 0.998457 -0.060300 0.000000 0.000000 0.000000 1.000000
0.998653 -0.044736 0.026303 0.000400 0.045988 0.997734 -0.049112 10.664600 -0.024047 0.050255 0.998447 -0.060300 0.000000 0.000000 0.000000 1.000000
0.998648 -0.044753 0.026440 0.000400 0.046012 0.997733 -0.049117 10.664600 -0.024182 0.050268 0.998443 -0.060300 0.000000 0.000000 0.000000 1.000000
0.998642 -0.044821 0.026553 0.000400 0.046082 0.997737 -0.048956 10.664600 -0.024299 0.050113 0.998448 -0.060300 0.000000 0.000000 0.000000 1.000000
0.998637 -0.044895 0.026627 0.000400 0.046153 0.997748 -0.048666 10.664600 -0.024382 0.049828 0.998460 -0.060300 0.000000 0.000000 0.000000 1.000000
0.998633 -0.044955 0.026653 0.000400 0.046206 0.997763 -0.048318 10.664600 -0.024421 0.049484 0.998476 -0.060300 0.000000 0.000000 0.000000 1.000000
0.998631 -0.045007 0.026651 0.000400 0.046249 0.997778 -0.047967 10.664600 -0.024433 0.049134 0.998493 -0.060300 0.000000 0.000000 0.000000 1.000000
0.998628 -0.045066 0.026661 0.000400 0.046300 0.997791 -0.047640 10.664600 -0.024456 0.048809 0.998509 -0.060300 0.000000 0.000000 0.000000 1.000000
0.998623 -0.045147 0.026716 0.000400 0.046377 0.997802 -0.047342 10.664600 -0.024520 0.048516 0.998521 -0.060300 0.000000 0.000000 0.000000 1.000000
0.998615 -0.045272 0.026811 0.000400 0.046499 0.997809 -0.047065 10.664600 -0.024622 0.048246 0.998532 -0.060300 0.000000 0.000000 0.000000 1.000000
0.998604 -0.045449 0.026914 0.000400 0.046675 0.997813 -0.046799 10.664600 -0.024728 0.047990 0.998542 -0.060300 0.000000 0.000000 0.000000 1.000000
0.998592 -0.045656 0.027001 0.000400 0.046880 0.997815 -0.046556 10.664600 -0.024817 0.047756 0.998551 -0.060300 0.000000 0.000000 0.000000 1.000000
0.998581 -0.045847 0.027089 0.000400 0.047069 0.997815 -0.046358 10.664600 -0.024905 0.047567 0.998558 -0.060300 0.000000 0.000000 0.000000 1.000000
0.998571 -0.045996 0.027222 0.000400 0.047221 0.997815 -0.046204 10.664600 -0.025037 0.047423 0.998561 -0.060300 0.000000 0.000000 0.000000 1.000000
0.998559 -0.046131 0.027419 0.000400 0.047362 0.997815 -0.046069 10.664600 -0.025234 0.047302 0.998562 -0.060300 0.000000 0.000000 0.000000 1.000000
0.998544 -0.046322 0.027637 0.000400 0.047560 0.997811 -0.045948 10.664600 -0.025448 0.047196 0.998561 -0.060300 0.000000 0.000000 0.000000 1.000000
0.998523 -0.046677 0.027810 0.000400 0.047921 0.997797 -0.045872 10.664600 -0.025607 0.047137 0.998560 -0.060300 0.000000 0.000000 0.000000 1.000000
0.998490 -0.047303 0.027923 0.000400 0.048551 0.997767 -0.045862 10.664600 -0.025691 0.047149 0.998557 -0.060300 0.000000 0.000000 0.000000 1.000000
0.998442 -0.048236 0.028035 0.000400 0.049489 0.997721 -0.045857 10.664600 -0.025759 0.047173 0.998555 -0.060300 0.000000 0.000000 0.000000 1.000000
0.998385 -0.049320 0.028193 0.000400 0.050576 0.997674 -0.045711 10.664600 -0.025873 0.047063 0.998557 -0.060300 0.000000 0.000000 0.000000 1.000000
0.998327 -0.050372 0.028372 0.000400 0.051625 0.997638 -0.045304 10.664600 -0.026023 0.046693 0.998570 -0.060300 0.000000 0.000000 0.000000 1.000000
0.998278 -0.051252 0.028533 0.000400 0.052495 0.997622 -0.044660 10.664600 -0.026176 0.046081 0.998595 -0.060300 0.000000 0.000000 0.000000 1.000000
0.998239 -0.051910 0.028715 0.000400 0.053142 0.997619 -0.043968 10.664600 -0.026364 0.045417 0.998620 -0.060300 0.000000 0.000000 0.000000 1.000000
0.998202 -0.052457 0.028994 0.000400 0.053689 0.997610 -0.043486 10.664600 -0.026644 0.044965 0.998633 -0.060300 0.000000 0.000000 0.000000 1.000000
0.998164 -0.052985 0.029357 0.000400 0.054230 0.997585 -0.043396 10.664600 -0.026986 0.044909 0.998627 -0.060300 0.000000 0.000000 0.000000 1.000000
0.998132 -0.053398 0.029680 0.000400 0.054667 0.997547 -0.043731 10.664600 -0.027272 0.045271 0.998602 -0.060300 0.000000 0.000000 0.000000 1.000000
0.998122 -0.053483 0.029865 0.000400 0.054779 0.997511 -0.044390 10.664600 -0.027417 0.045943 0.998568 -0.060300 0.000000 0.000000 0.000000 1.000000
0.998137 -0.053166 0.029937 0.000400 0.054487 0.997491 -0.045206 10.664600 -0.027458 0.046753 0.998529 -0.060300 0.000000 0.000000 0.000000 1.000000
0.998163 -0.052650 0.029985 0.000400 0.053996 0.997481 -0.045999 10.664600 -0.027487 0.047533 0.998491 -0.060300 0.000000 0.000000 0.000000 1.000000
0.998183 -0.052238 0.030043 0.000400 0.053605 0.997472 -0.046646 10.664600 -0.027530 0.048171 0.998460 -0.060300 0.000000 0.000000 0.000000 1.000000
0.998193 -0.052046 0.030043 0.000400 0.053426 0.997458 -0.047140 10.664600 -0.027513 0.048660 0.998436 -0.060300 0.000000 0.000000 0.000000 1.000000
0.998201 -0.051991 0.029876 0.000400 0.053376 0.997439 -0.047607 10.664600 -0.027324 0.049116 0.998419 -0.060300 0.000000 0.000000 0.000000 1.000000
0.998216 -0.051923 0.029483 0.000400 0.053306 0.997413 -0.048220 10.664600 -0.026903 0.049705 0.998402 -0.060300 0.000000 0.000000 0.000000 1.000000
0.998238 -0.051819 0.028911 0.000400 0.053195 0.997378 -0.049057 10.664600 -0.026293 0.050509 0.998377 -0.060300 0.000000 0.000000 0.000000 1.000000
0.998262 -0.051695 0.028291 0.000400 0.053064 0.997337 -0.050025 10.664600 -0.025630 0.051439 0.998347 -0.060300 0.000000 0.000000 0.000000 1.000000
0.998285 -0.051535 0.027775 0.000400 0.052901 0.997300 -0.050927 10.664600 -0.025076 0.052309 0.998316 -0.060300 0.000000 0.000000 0.000000 1.000000
0.998305 -0.051308 0.027476 0.000400 0.052676 0.997277 -0.051613 10.664600 -0.024753 0.052973 0.998289 -0.060300 0.000000 0.000000 0.000000 1.000000
0.998322 -0.051008 0.027419 0.000400 0.052384 0.997270 -0.052050 10.664600 -0.024689 0.053398 0.998268 -0.060300 0.000000 0.000000 0.000000 1.000000
0.998337 -0.050648 0.027519 0.000400 0.052036 0.997275 -0.052294 10.664600 -0.024796 0.053639 0.998252 -0.060300 0.000000 0.000000 0.000000 1.000000
0.998355 -0.050241 0.027619 0.000400 0.051638 0.997288 -0.052439 10.664600 -0.024909 0.053779 0.998242 -0.060300 0.000000 0.000000 0.000000 1.000000
0.998378 -0.049802 0.027571 0.000400 0.051200 0.997304 -0.052573 10.664600 -0.024878 0.053899 0.998236 -0.060300 0.000000 0.000000 0.000000 1.000000
0.998407 -0.049363 0.027329 0.000400 0.050753 0.997318 -0.052737 10.664600 -0.024653 0.054040 0.998234 -0.060300 0.000000 0.000000 0.000000 1.000000
0.998436 -0.048966 0.026971 0.000400 0.050341 0.997330 -0.052901 10.664600 -0.024308 0.054176 0.998235 -0.060300 0.000000 0.000000 0.000000 1.000000
0.998462 -0.048634 0.026633 0.000400 0.049993 0.997342 -0.052998 10.664600 -0.023985 0.054248 0.998239 -0.060300 0.000000 0.000000 0.000000 1.000000
0.998480 -0.048360 0.026422 0.000400 0.049708 0.997357 -0.052999 10.664600 -0.023789 0.054231 0.998245 -0.060300 0.000000 0.000000 0.000000 1.000000
0.998495 -0.048090 0.026363 0.000400 0.049434 0.997374 -0.052934 10.664600 -0.023748 0.054158 0.998250 -0.060300 0.000000 0.000000 0.000000 1.000000
0.998509 -0.047774 0.026420 0.000400 0.049119 0.997393 -0.052858 10.664600 -0.023826 0.054077 0.998252 -0.060300 0.000000 0.000000 0.000000 1.000000
0.998522 -0.047427 0.026540 0.000400 0.048778 0.997414 -0.052792 10.664600 -0.023968 0.054009 0.998253 -0.060300 0.000000 0.000000 0.000000 1.000000
0.998533 -0.047120 0.026665 0.000400 0.048476 0.997433 -0.052711 10.664600 -0.024112 0.053927 0.998254 -0.060300 0.000000 0.000000 0.000000 1.000000
0.998541 -0.046904 0.026738 0.000400 0.048260 0.997450 -0.052569 10.664600 -0.024205 0.053782 0.998259 -0.060300 0.000000 0.000000 0.000000 1.000000
0.998548 -0.046773 0.026730 0.000400 0.048124 0.997469 -0.052341 10.664600 -0.024214 0.053551 0.998271 -0.060300 0.000000 0.000000 0.000000 1.000000
0.998554 -0.046692 0.026642 0.000400 0.048030 0.997489 -0.052040 10.664600 -0.024145 0.053244 0.998290 -0.060300 0.000000 0.000000 0.000000 1.000000</float_array>
        <technique_common>
          <accessor source="#mixamorig_Spine-Matrix-animation-output-transform-array" count="97" stride="16">
            <param type="float4x4"/>
          </accessor>
        </technique_common>
      </source>
      <source id="mixamorig_Spine-Interpolations">
        <Name_array id="mixamorig_Spine-Interpolations-array" count="97">
 LINEAR LINEAR LINEAR LINEAR LINEAR LINEAR LINEAR LINEAR LINEAR LINEAR LINEAR
LINEAR LINEAR LINEAR LINEAR LINEAR LINEAR LINEAR LINEAR LINEAR LINEAR LINEAR LINEAR
LINEAR LINEAR LINEAR LINEAR LINEAR LINEAR LINEAR LINEAR LINEAR LINEAR LINEAR LINEAR
LINEAR LINEAR LINEAR LINEAR LINEAR LINEAR LINEAR LINEAR LINEAR LINEAR LINEAR LINEAR
LINEAR LINEAR LINEAR LINEAR LINEAR LINEAR LINEAR LINEAR LINEAR LINEAR LINEAR LINEAR
LINEAR LINEAR LINEAR LINEAR LINEAR LINEAR LINEAR LINEAR LINEAR LINEAR LINEAR LINEAR
LINEAR LINEAR LINEAR LINEAR LINEAR LINEAR LINEAR LINEAR LINEAR LINEAR LINEAR LINEAR
LINEAR LINEAR LINEAR LINEAR LINEAR LINEAR LINEAR LINEAR LINEAR LINEAR LINEAR LINEAR
LINEAR LINEAR</Name_array>
        <technique_common>
          <accessor source="#mixamorig_Spine-Interpolations-array" count="97">
            <param type="name"/>
          </accessor>
        </technique_common>
      </source>
      <sampler id="mixamorig_Spine-Matrix-animation-transform">
        <input semantic="INPUT" source="#mixamorig_Spine-Matrix-animation-input"/>
        <input semantic="OUTPUT" source="#mixamorig_Spine-Matrix-animation-output-transform"/>
        <input semantic="INTERPOLATION" source="#mixamorig_Spine-Interpolations"/>
      </sampler>
      <channel source="#mixamorig_Spine-Matrix-animation-transform" target="mixamorig_Spine/matrix"/>
    </animation>
    <animation id="mixamorig_Spine1-anim" name="mixamorig_Spine1">
      <source id="mixamorig_Spine1-Matrix-animation-input">
        <float_array id="mixamorig_Spine1-Matrix-animation-input-array" count="97">

0.000000 0.033333 0.066667 0.100000 0.133333 0.166667 0.200000 0.233333 0.266667 0.300000 0.333333 0.366667 0.400000 0.433333 0.466667 0.500000
0.533333 0.566667 0.600000 0.633333 0.666667 0.700000 0.733333 0.766667 0.800000 0.833333 0.866667 0.900000 0.933333 0.966667 1.000000 1.033333
1.066667 1.100000 1.133333 1.166667 1.200000 1.233333 1.266667 1.300000 1.333333 1.366667 1.400000 1.433333 1.466667 1.500000 1.533333 1.566667
1.600000 1.633333 1.666667 1.700000 1.733333 1.766667 1.800000 1.833333 1.866667 1.900000 1.933333 1.966667 2.000000 2.033333 2.066667 2.100000
2.133333 2.166667 2.200000 2.233333 2.266667 2.300000 2.333333 2.366667 2.400000 2.433333 2.466667 2.500000 2.533333 2.566667 2.600000 2.633333
2.666667 2.700000 2.733333 2.766667 2.800000 2.833333 2.866667 2.900000 2.933333 2.966667 3.000000 3.033333 3.066667 3.100000 3.133333 3.166667
3.200000</float_array>
        <technique_common>
          <accessor source="#mixamorig_Spine1-Matrix-animation-input-array" count="97">
            <param name="TIME" type="float"/>
          </accessor>
        </technique_common>
      </source>
      <source id="mixamorig_Spine1-Matrix-animation-output-transform">
        <float_array id="mixamorig_Spine1-Matrix-animation-output-transform-array" count="1552">

0.999615 -0.027725 -0.000840 0.000000 0.027242 0.975582 0.217938 11.673000 -0.005223 -0.217877 0.975962 -0.000000 0.000000 0.000000 0.000000 1.000000
0.999614 -0.027776 -0.000917 0.000000 0.027308 0.975580 0.217941 11.673000 -0.005159 -0.217882 0.975962 -0.000000 0.000000 0.000000 0.000000 1.000000
0.999614 -0.027765 -0.001004 -0.000000 0.027316 0.975582 0.217930 11.673000 -0.005071 -0.217874 0.975964 0.000000 0.000000 0.000000 0.000000 1.000000
0.999617 -0.027650 -0.001108 -0.000000 0.027226 0.975578 0.217959 11.673000 -0.004946 -0.217906 0.975957 0.000000 0.000000 0.000000 0.000000 1.000000
0.999624 -0.027401 -0.001227 -0.000000 0.027009 0.975560 0.218067 11.673000 -0.004778 -0.218018 0.975933 -0.000000 0.000000 0.000000 0.000000 1.000000
0.999634 -0.027019 -0.001349 -0.000000 0.026662 0.975532 0.218233 11.673000 -0.004580 -0.218189 0.975896 0.000000 0.000000 0.000000 0.000000 1.000000
0.999647 -0.026529 -0.001457 0.000000 0.026207 0.975511 0.218384 11.673000 -0.004373 -0.218346 0.975862 0.000000 0.000000 0.000000 0.000000 1.000000
0.999662 -0.025971 -0.001548 0.000000 0.025682 0.975508 0.218460 11.673000 -0.004164 -0.218426 0.975845 0.000000 0.000000 0.000000 0.000000 1.000000
0.999676 -0.025384 -0.001639 0.000000 0.025129 0.975523 0.218459 11.673000 -0.003946 -0.218429 0.975845 0.000000 0.000000 0.000000 0.000000 1.000000
0.999691 -0.024790 -0.001747 -0.000000 0.024573 0.975546 0.218416 11.673000 -0.003710 -0.218391 0.975854 0.000000 0.000000 0.000000 0.000000 1.000000
0.999706 -0.024188 -0.001863 -0.000000 0.024011 0.975574 0.218355 11.673000 -0.003464 -0.218336 0.975868 -0.000000 0.000000 0.000000 0.000000 1.000000
0.999720 -0.023583 -0.001961 0.000000 0.023442 0.975606 0.218276 11.673000 -0.003234 -0.218261 0.975885 -0.000000 0.000000 0.000000 0.000000 1.000000
0.999734 -0.022988 -0.002022 0.000000 0.022875 0.975644 0.218164 11.673000 -0.003042 -0.218152 0.975910 -0.000000 0.000000 0.000000 0.000000 1.000000
0.999747 -0.022408 -0.002038 -0.000000 0.022313 0.975689 0.218019 11.673000 -0.002897 -0.218009 0.975942 0.000000 0.000000 0.000000 0.000000 1.000000
0.999759 -0.021846 -0.001992 -0.000000 0.021755 0.975736 0.217865 11.673000 -0.002816 -0.217856 0.975977 0.000000 0.000000 0.000000 0.000000 1.000000
0.999771 -0.021329 -0.001871 0.000000 0.021225 0.975775 0.217744 11.673000 -0.002818 -0.217734 0.976004 0.000000 0.000000 0.000000 0.000000 1.000000
0.999780 -0.020910 -0.001724 0.000000 0.020784 0.975796 0.217691 11.673000 -0.002869 -0.217679 0.976016 0.000000 0.000000 0.000000 0.000000 1.000000
