<?xml version="1.0" encoding="utf-8"?>
<COLLADA xmlns="http://www.collada.org/2005/11/COLLADASchema" version="1.4.1">
  <asset>
    <contributor>
      <author>Mixamo</author>
      <authoring_tool>COLLADA Mixamo exporter</authoring_tool>
      <comments/>
    </contributor>
    <created>2026-01-24T17:44:51Z</created>
    <modified>2026-01-24T17:44:51Z</modified>
    <revision/>
    <title/>
    <unit meter="0.010000"/>
    <up_axis>Y_UP</up_axis>
  </asset>
  <library_animations>
    <animation id="mixamorig_Hips-anim" name="mixamorig_Hips">
      <source id="mixamorig_Hips-Matrix-animation-input">
        <float_array id="mixamorig_Hips-Matrix-animation-input-array" count="251">

0.000000 0.033333 0.066667 0.100000 0.133333 0.166667 0.200000 0.233333 0.266667 0.300000 0.333333 0.366667 0.400000 0.433333 0.466667 0.500000
0.533333 0.566667 0.600000 0.633333 0.666667 0.700000 0.733333 0.766667 0.800000 0.833333 0.866667 0.900000 0.933333 0.966667 1.000000 1.033333
1.066667 1.100000 1.133333 1.166667 1.200000 1.233333 1.266667 1.300000 1.333333 1.366667 1.400000 1.433333 1.466667 1.500000 1.533333 1.566667
1.600000 1.633333 1.666667 1.700000 1.733333 1.766667 1.800000 1.833333 1.866667 1.900000 1.933333 1.966667 2.000000 2.033333 2.066667 2.100000
2.133333 2.166667 2.200000 2.233333 2.266667 2.300000 2.333333 2.366667 2.400000 2.433333 2.466667 2.500000 2.533333 2.566667 2.600000 2.633333
2.666667 2.700000 2.733333 2.766667 2.800000 2.833333 2.866667 2.900000 2.933333 2.966667 3.000000 3.033333 3.066667 3.100000 3.133333 3.166667
3.200000 3.233333 3.266667 3.300000 3.333333 3.366667 3.400000 3.433333 3.466667 3.500000 3.533333 3.566667 3.600000 3.633333 3.666667 3.700000
3.733333 3.766667 3.800000 3.833333 3.866667 3.900000 3.933333 3.966667 4.000000 4.033333 4.066667 4.100000 4.133333 4.166667 4.200000 4.233333
4.266667 4.300000 4.333333 4.366667 4.400000 4.433333 4.466667 4.500000 4.533333 4.566667 4.600000 4.633333 4.666667 4.700000 4.733333 4.766667
4.800000 4.833333 4.866667 4.900000 4.933333 4.966667 5.000000 5.033333 5.066667 5.100000 5.133333 5.166667 5.200000 5.233333 5.266667 5.300000
5.333333 5.366667 5.400000 5.433333 5.466667 5.500000 5.533333 5.566667 5.600000 5.633333 5.666667 5.700000 5.733333 5.766667 5.800000 5.833333
5.866667 5.900000 5.933333 5.966667 6.000000 6.033333 6.066667 6.100000 6.133333 6.166667 6.200000 6.233333 6.266667 6.300000 6.333333 6.366667
6.400000 6.433333 6.466667 6.500000 6.533333 6.566667 6.600000 6.633333 6.666667 6.700000 6.733333 6.766667 6.800000 6.833333 6.866667 6.900000
6.933333 6.966667 7.000000 7.033333 7.066667 7.100000 7.133333 7.166667 7.200000 7.233333 7.266667 7.300000 7.333333 7.366667 7.400000 7.433333
7.466667 7.500000 7.533333 7.566667 7.600000 7.633333 7.666667 7.700000 7.733333 7.766667 7.800000 7.833333 7.866667 7.900000 7.933333 7.966667
8.000000 8.033333 8.066667 8.100000 8.133333 8.166667 8.200000 8.233333 8.266667 8.300000 8.333333</float_array>
        <technique_common>
          <accessor source="#mixamorig_Hips-Matrix-animation-input-array" count="251">
            <param name="TIME" type="float"/>
          </accessor>
        </technique_common>
      </source>
      <source id="mixamorig_Hips-Matrix-animation-output-transform">
        <float_array id="mixamorig_Hips-Matrix-animation-output-transform-array" count="4016">

0.995404 0.091728 0.027495 0.209974 -0.092183 0.995617 0.015779 109.646683 -0.025927 -0.018241 0.999497 0.272237 0.000000 0.000000 0.000000 1.000000
0.995389 0.091648 0.028310 0.157781 -0.092184 0.995575 0.018211 109.645271 -0.026516 -0.020737 0.999433 0.236831 0.000000 0.000000 0.000000 1.000000
0.995364 0.091596 0.029321 0.101771 -0.092230 0.995515 0.021075 109.642700 -0.027259 -0.023682 0.999348 0.199614 0.000000 0.000000 0.000000 1.000000
0.995332 0.091555 0.030535 0.040804 -0.092310 0.995434 0.024284 109.638229 -0.028172 -0.026989 0.999239 0.164351 0.000000 0.000000 0.000000 1.000000
0.995293 0.091512 0.031891 -0.026166 -0.092404 0.995336 0.027719 109.631363 -0.029206 -0.030536 0.999107 0.134645 0.000000 0.000000 0.000000 1.000000
0.995253 0.091458 0.033264 -0.100275 -0.092499 0.995223 0.031232 109.622162 -0.030248 -0.034161 0.998958 0.114051 0.000000 0.000000 0.000000 1.000000
0.995218 0.091385 0.034502 -0.183089 -0.092577 0.995102 0.034670 109.611588 -0.031165 -0.037698 0.998803 0.107135 0.000000 0.000000 0.000000 1.000000
0.995196 0.091269 0.035430 -0.275750 -0.092599 0.994981 0.037931 109.601311 -0.031790 -0.041030 0.998652 0.118320 0.000000 0.000000 0.000000 1.000000
0.995200 0.091083 0.035798 -0.377952 -0.092527 0.994865 0.041010 109.593185 -0.031879 -0.044126 0.998517 0.149545 0.000000 0.000000 0.000000 1.000000
0.995240 0.090853 0.035259 -0.487925 -0.092367 0.994752 0.044000 109.588821 -0.031076 -0.047047 0.998409 0.199202 0.000000 0.000000 0.000000 1.000000
0.995320 0.090679 0.033401 -0.603317 -0.092194 0.994630 0.047034 109.588882 -0.028956 -0.049893 0.998335 0.263425 0.000000 0.000000 0.000000 1.000000
0.995432 0.090702 0.029820 -0.721679 -0.092119 0.994481 0.050208 109.592789 -0.025101 -0.052726 0.998293 0.338233 0.000000 0.000000 0.000000 1.000000
0.995555 0.091022 0.024187 -0.840130 -0.092207 0.994301 0.053510 109.599106 -0.019178 -0.055502 0.998274 0.420110 0.000000 0.000000 0.000000 1.000000
0.995659 0.091644 0.016293 -0.955022 -0.092430 0.994097 0.056812 109.605789 -0.010990 -0.058071 0.998252 0.504781 0.000000 0.000000 0.000000 1.000000
0.995696 0.092476 0.006125 -1.062523 -0.092677 0.993889 0.059960 109.610741 -0.000542 -0.060270 0.998182 0.586289 0.000000 0.000000 0.000000 1.000000
0.995612 0.093384 -0.006044 -1.160080 -0.092823 0.993695 0.062887 109.612183 0.011879 -0.062050 0.998002 0.658334 0.000000 0.000000 0.000000 1.000000
0.995354 0.094253 -0.019646 -1.247040 -0.092783 0.993519 0.065657 109.609009 0.025707 -0.063529 0.997649 0.717022 0.000000 0.000000 0.000000 1.000000
0.994896 0.095015 -0.033976 -1.323362 -0.092532 0.993357 0.068408 109.601761 0.040250 -0.064915 0.997079 0.762277 0.000000 0.000000 0.000000 1.000000
0.994234 0.095661 -0.048450 -1.387405 -0.092078 0.993185 0.071453 109.592445 0.054956 -0.066580 0.996267 0.791426 0.000000 0.000000 0.000000 1.000000
0.993376 0.096222 -0.062811 -1.435468 -0.091439 0.992979 0.075045 109.583771 0.069591 -0.068805 0.995200 0.800724 0.000000 0.000000 0.000000 1.000000
0.992318 0.096749 -0.077100 -1.463576 -0.090638 0.992732 0.079175 109.577652 0.084199 -0.071579 0.993875 0.789893 0.000000 0.000000 0.000000 1.000000
0.991047 0.097308 -0.091412 -1.469882 -0.089716 0.992437 0.083785 109.574287 0.098874 -0.074834 0.992282 0.759069 0.000000 0.000000 0.000000 1.000000
0.989566 0.097955 -0.105656 -1.454958 -0.088730 0.992094 0.088748 109.572594 0.113514 -0.078447 0.990435 0.711347 0.000000 0.000000 0.000000 1.000000
0.987920 0.098707 -0.119460 -1.420086 -0.087735 0.991711 0.093871 109.571022 0.127736 -0.082256 0.988391 0.653637 0.000000 0.000000 0.000000 1.000000
0.986199 0.099533 -0.132305 -1.366021 -0.086770 0.991299 0.098977 109.568604 0.141006 -0.086130 0.986255 0.594549 0.000000 0.000000 0.000000 1.000000
0.984504 0.100402 -0.143772 -1.294114 -0.085863 0.990863 0.104006 109.564445 0.152901 -0.090050 0.984130 0.540480 0.000000 0.000000 0.000000 1.000000
0.982903 0.101325 -0.153739 -1.208783 -0.085047 0.990396 0.109005 109.557770 0.163307 -0.094066 0.982081 0.493129 0.000000 0.000000 0.000000 1.000000
0.981410 0.102330 -0.162369 -1.118494 -0.084357 0.989895 0.113983 109.548355 0.172393 -0.098167 0.980124 0.451243 0.000000 0.000000 0.000000 1.000000
0.980025 0.103410 -0.169876 -1.033411 -0.083802 0.989374 0.118809 109.537186 0.180357 -0.102199 0.978277 0.415325 0.000000 0.000000 0.000000 1.000000
0.978776 0.104514 -0.176282 -0.961211 -0.083387 0.988861 0.123289 109.526810 0.187203 -0.105973 0.976588 0.390051 0.000000 0.000000 0.000000 1.000000
0.977724 0.105637 -0.181374 -0.904381 -0.083156 0.988362 0.127383 109.519608 0.192720 -0.109463 0.975129 0.380677 0.000000 0.000000 0.000000 1.000000
0.976929 0.106876 -0.184898 -0.861161 -0.083217 0.987842 0.131311 109.515869 0.196684 -0.112895 0.973946 0.386821 0.000000 0.000000 0.000000 1.000000
0.976415 0.108373 -0.186730 -0.829079 -0.083679 0.987249 0.135413 109.513069 0.199024 -0.116594 0.973034 0.401070 0.000000 0.000000 0.000000 1.000000
0.976190 0.110152 -0.186869 -0.807530 -0.084545 0.986553 0.139877 109.507446 0.199763 -0.120748 0.972376 0.414622 0.000000 0.000000 0.000000 1.000000
0.976275 0.112050 -0.185289 -0.797337 -0.085696 0.985772 0.144600 109.497185 0.198856 -0.125291 0.971987 0.424056 0.000000 0.000000 0.000000 1.000000
0.976714 0.113802 -0.181875 -0.798453 -0.086964 0.984962 0.149286 109.484032 0.196129 -0.129993 0.971924 0.431986 0.000000 0.000000 0.000000 1.000000
0.977535 0.115208 -0.176503 -0.808918 -0.088244 0.984174 0.153668 109.472519 0.191414 -0.134641 0.972231 0.442185 0.000000 0.000000 0.000000 1.000000
0.978703 0.116208 -0.169223 -0.826751 -0.089508 0.983428 0.157661 109.466431 0.184740 -0.139156 0.972886 0.455279 0.000000 0.000000 0.000000 1.000000
0.980125 0.116828 -0.160331 -0.851840 -0.090745 0.982718 0.161340 109.466461 0.176409 -0.143585 0.973788 0.469104 0.000000 0.000000 0.000000 1.000000
0.981679 0.117096 -0.150314 -0.885959 -0.091896 0.982029 0.164847 109.470024 0.166916 -0.148014 0.974798 0.481664 0.000000 0.000000 0.000000 1.000000
0.983258 0.117017 -0.139682 -0.930446 -0.092882 0.981352 0.168292 109.473480 0.156770 -0.152500 0.975790 0.492889 0.000000 0.000000 0.000000 1.000000
0.984789 0.116605 -0.128818 -0.985098 -0.093658 0.980684 0.171716 109.474747 0.146352 -0.157039 0.976688 0.503980 0.000000 0.000000 0.000000 1.000000
0.986238 0.115885 -0.117925 -1.048897 -0.094218 0.980031 0.175105 109.474014 0.135862 -0.161585 0.977462 0.515781 0.000000 0.000000 0.000000 1.000000
0.987590 0.114859 -0.107117 -1.121186 -0.094554 0.979400 0.178422 109.472832 0.125404 -0.166079 0.978106 0.528136 0.000000 0.000000 0.000000 1.000000
0.988835 0.113498 -0.096562 -1.201556 -0.094609 0.978803 0.181640 109.472466 0.115131 -0.170476 0.978613 0.540501 0.000000 0.000000 0.000000 1.000000
0.989957 0.111777 -0.086550 -1.288918 -0.094303 0.978251 0.184747 109.472900 0.105318 -0.174729 0.978968 0.552927 0.000000 0.000000 0.000000 1.000000
0.990943 0.109724 -0.077418 -1.381437 -0.093597 0.977753 0.187720 109.473221 0.096293 -0.178773 0.979167 0.566154 0.000000 0.000000 0.000000 1.000000
0.991788 0.107436 -0.069388 -1.477307 -0.092540 0.977314 0.190507 109.472672 0.088282 -0.182522 0.979230 0.580939 0.000000 0.000000 0.000000 1.000000
0.992502 0.105043 -0.062491 -1.575525 -0.091231 0.976913 0.193178 109.471062 0.081340 -0.186028 0.979172 0.602145 0.000000 0.000000 0.000000 1.000000
0.993102 0.102663 -0.056639 -1.675767 -0.089783 0.976527 0.195789 109.469048 0.075410 -0.189353 0.979009 0.633438 0.000000 0.000000 0.000000 1.000000
0.993602 0.100371 -0.051778 -1.777883 -0.088276 0.976161 0.198284 109.467537 0.070445 -0.192445 0.978776 0.673707 0.000000 0.000000 0.000000 1.000000
0.994010 0.098207 -0.047951 -1.881048 -0.086732 0.975822 0.200622 109.466972 0.066494 -0.195261 0.978495 0.721460 0.000000 0.000000 0.000000 1.000000
0.994336 0.096161 -0.045256 -1.984149 -0.085115 0.975529 0.202729 109.467308 0.063643 -0.197729 0.978189 0.773768 0.000000 0.000000 0.000000 1.000000
0.994595 0.094178 -0.043725 -2.086370 -0.083363 0.975314 0.204481 109.468292 0.061903 -0.199731 0.977893 0.826354 0.000000 0.000000 0.000000 1.000000
0.994803 0.092182 -0.043236 -2.188164 -0.081426 0.975217 0.205723 109.469849 0.061128 -0.201133 0.977655 0.875423 0.000000 0.000000 0.000000 1.000000
0.994980 0.090114 -0.043517 -2.291226 -0.079306 0.975268 0.206306 109.472183 0.061032 -0.201819 0.977519 0.919711 0.000000 0.000000 0.000000 1.000000
0.995142 0.087954 -0.044240 -2.396704 -0.077052 0.975483 0.206144 109.475677 0.061287 -0.201733 0.977521 0.960623 0.000000 0.000000 0.000000 1.000000
0.995296 0.085717 -0.045149 -2.502944 -0.074733 0.975858 0.205224 109.480530 0.061650 -0.200884 0.977673 0.999711 0.000000 0.000000 0.000000 1.000000
0.995443 0.083461 -0.046129 -2.606434 -0.072430 0.976381 0.203553 109.486465 0.062028 -0.199284 0.977977 1.035356 0.000000 0.000000 0.000000 1.000000
0.995572 0.081324 -0.047150 -2.705534 -0.070288 0.977051 0.201073 109.492920 0.062420 -0.196869 0.978441 1.061785 0.000000 0.000000 0.000000 1.000000
0.995671 0.079516 -0.048135 -2.803890 -0.068541 0.977877 0.197632 109.498894 0.062785 -0.193478 0.979094 1.072292 0.000000 0.000000 0.000000 1.000000
0.995735 0.078243 -0.048893 -2.908851 -0.067428 0.978838 0.193207 109.503601 0.062976 -0.189086 0.979939 1.070547 0.000000 0.000000 0.000000 1.000000
0.995773 0.077575 -0.049182 -3.025468 -0.067052 0.979880 0.187988 109.506485 0.062776 -0.183895 0.980939 1.067910 0.000000 0.000000 0.000000 1.000000
0.995803 0.077401 -0.048850 -3.152597 -0.067307 0.980948 0.182240 109.507393 0.062025 -0.178187 0.982040 1.073540 0.000000 0.000000 0.000000 1.000000
0.995840 0.077509 -0.047904 -3.284700 -0.067951 0.981990 0.176288 109.506317 0.060705 -0.172299 0.983172 1.093400 0.000000 0.000000 0.000000 1.000000
0.995894 0.077711 -0.046437 -3.416650 -0.068761 0.982981 0.170352 109.502998 0.058885 -0.166459 0.984288 1.126734 0.000000 0.000000 0.000000 1.000000
0.995965 0.077919 -0.044515 -3.546328 -0.069628 0.983926 0.164444 109.497124 0.056613 -0.160681 0.985381 1.167891 0.000000 0.000000 0.000000 1.000000
0.996056 0.078093 -0.042123 -3.673361 -0.070517 0.984857 0.158380 109.488884 0.053853 -0.154785 0.986479 1.210092 0.000000 0.000000 0.000000 1.000000
0.996168 0.078182 -0.039202 -3.797354 -0.071393 0.985817 0.151883 109.479385 0.050520 -0.148502 0.987621 1.247484 0.000000 0.000000 0.000000 1.000000
0.996304 0.078120 -0.035704 -3.917046 -0.072192 0.986837 0.144712 109.470352 0.046539 -0.141600 0.988829 1.275490 0.000000 0.000000 0.000000 1.000000
0.996462 0.077872 -0.031602 -4.031066 -0.072864 0.987913 0.136820 109.463348 0.041874 -0.134033 0.990092 1.291855 0.000000 0.000000 0.000000 1.000000
0.996634 0.077463 -0.026848 -4.138013 -0.073411 0.989000 0.128411 109.458221 0.036500 -0.126008 0.991358 1.298380 0.000000 0.000000 0.000000 1.000000
0.996805 0.076967 -0.021348 -4.236057 -0.073877 0.990036 0.119875 109.452934 0.030361 -0.117914 0.992560 1.301158 0.000000 0.000000 0.000000 1.000000
0.996962 0.076439 -0.014971 -4.323040 -0.074304 0.990972 0.111593 109.443344 0.023366 -0.110141 0.993641 1.307842 0.000000 0.000000 0.000000 1.000000
0.997087 0.075889 -0.007601 -4.396485 -0.074695 0.991790 0.103792 109.424744 0.015415 -0.102922 0.994570 1.324034 0.000000 0.000000 0.000000 1.000000
0.997160 0.075301 0.000826 -4.453132 -0.075029 0.992500 0.096509 109.395241 0.006447 -0.096297 0.995332 1.351788 0.000000 0.000000 0.000000 1.000000
0.997155 0.074662 0.010327 -4.488015 -0.075288 0.993123 0.089662 109.358063 -0.003561 -0.090185 0.995919 1.390940 0.000000 0.000000 0.000000 1.000000
0.997044 0.073930 0.020906 -4.494734 -0.075423 0.993683 0.083095 109.320984 -0.014631 -0.084426 0.996322 1.441005 0.000000 0.000000 0.000000 1.000000
0.996798 0.073026 0.032567 -4.468587 -0.075339 0.994212 0.076593 109.293076 -0.026786 -0.078802 0.996530 1.501280 0.000000 0.000000 0.000000 1.000000
0.996386 0.071879 0.045253 -4.409368 -0.074937 0.994731 0.069963 109.280968 -0.039985 -0.073101 0.996523 1.569471 0.000000 0.000000 0.000000 1.000000
0.995774 0.070503 0.058849 -4.320605 -0.074202 0.995237 0.063226 109.286270 -0.054111 -0.067326 0.996263 1.642289 0.000000 0.000000 0.000000 1.000000
0.994916 0.068978 0.073384 -4.205526 -0.073224 0.995695 0.056836 109.305870 -0.069148 -0.061920 0.995683 1.720559 0.000000 0.000000 0.000000 1.000000
0.993729 0.067310 0.089281 -4.064508 -0.072108 0.996059 0.051645 109.334320 -0.085453 -0.057759 0.994667 1.814500 0.000000 0.000000 0.000000 1.000000
0.992083 0.065361 0.107234 -3.897368 -0.070881 0.996305 0.048500 109.366501 -0.103668 -0.055717 0.993050 1.939333 0.000000 0.000000 0.000000 1.000000
0.989841 0.063016 0.127447 -3.708097 -0.069565 0.996441 0.047601 109.398766 -0.123994 -0.055983 0.990702 2.097528 0.000000 0.000000 0.000000 1.000000
0.987021 0.060513 0.148755 -3.504515 -0.068343 0.996502 0.048098 109.427917 -0.145324 -0.057640 0.987704 2.260238 0.000000 0.000000 0.000000 1.000000
0.983931 0.058550 0.168677 -3.292285 -0.067599 0.996538 0.048409 109.450020 -0.165258 -0.059033 0.984482 2.370193 0.000000 0.000000 0.000000 1.000000
0.981062 0.057889 0.184842 -3.069085 -0.067702 0.996588 0.047219 109.460968 -0.181478 -0.058839 0.981633 2.373977 0.000000 0.000000 0.000000 1.000000
0.978679 0.058680 0.196834 -2.827805 -0.068709 0.996644 0.044506 109.460808 -0.193562 -0.057082 0.979426 2.261418 0.000000 0.000000 0.000000 1.000000
0.976538 0.060187 0.206765 -2.564512 -0.070249 0.996659 0.041665 109.454048 -0.203567 -0.055212 0.977503 2.074330 0.000000 0.000000 0.000000 1.000000
0.974058 0.061237 0.217858 -2.283555 -0.071718 0.996601 0.040526 109.445442 -0.214636 -0.055099 0.975139 1.872620 0.000000 0.000000 0.000000 1.000000
0.970764 0.061092 0.232132 -1.993811 -0.072708 0.996476 0.041813 109.438164 -0.228760 -0.057469 0.971785 1.687309 0.000000 0.000000 0.000000 1.000000
0.966610 0.059852 0.249165 -1.701929 -0.073234 0.996309 0.044781 109.432861 -0.245565 -0.061533 0.967425 1.505574 0.000000 0.000000 0.000000 1.000000
0.961982 0.058235 0.266833 -1.408351 -0.073628 0.996128 0.048042 109.428787 -0.263003 -0.065861 0.962545 1.294444 0.000000 0.000000 0.000000 1.000000
0.957408 0.057066 0.283042 -1.108678 -0.074272 0.995962 0.050427 109.425133 -0.279021 -0.069301 0.957781 1.033032 0.000000 0.000000 0.000000 1.000000
0.953224 0.056782 0.296885 -0.798241 -0.075400 0.995816 0.051634 109.421989 -0.292711 -0.071604 0.953516 0.724699 0.000000 0.000000 0.000000 1.000000
0.949469 0.057342 0.308578 -0.475758 -0.077066 0.995664 0.052105 109.419449 -0.304253 -0.073253 0.949771 0.385379 0.000000 0.000000 0.000000 1.000000
0.946043 0.058433 0.318729 -0.145376 -0.079175 0.995477 0.052502 109.416122 -0.314220 -0.074905 0.946391 0.029553 0.000000 0.000000 0.000000 1.000000
0.942863 0.059683 0.327791 0.183895 -0.081519 0.995247 0.053272 109.409241 -0.323053 -0.076950 0.943247 -0.331297 0.000000 0.000000 0.000000 1.000000
0.939886 0.060732 0.336044 0.501868 -0.083780 0.994992 0.054505 109.396248 -0.331051 -0.079382 0.940268 -0.683302 0.000000 0.000000 0.000000 1.000000
0.937033 0.061230 0.343831 0.801530 -0.085558 0.994757 0.056021 109.377579 -0.338599 -0.081911 0.937359 -1.009640 0.000000 0.000000 0.000000 1.000000
0.934141 0.060887 0.351673 1.081817 -0.086497 0.994588 0.057563 109.357613 -0.346265 -0.084191 0.934351 -1.296435 0.000000 0.000000 0.000000 1.000000
0.931017 0.059623 0.360074 1.347299 -0.086500 0.994504 0.058982 109.343254 -0.354578 -0.086059 0.931058 -1.538131 0.000000 0.000000 0.000000 1.000000
0.927568 0.057724 0.369170 1.604809 -0.085894 0.994477 0.060317 109.340843 -0.363649 -0.087657 0.927403 -1.737669 0.000000 0.000000 0.000000 1.000000
0.923902 0.055783 0.378540 1.858809 -0.085332 0.994439 0.061725 109.353539 -0.372992 -0.089330 0.923524 -1.903226 0.000000 0.000000 0.000000 1.000000
0.920295 0.054375 0.387428 2.107951 -0.085400 0.994334 0.063306 109.379997 -0.381790 -0.091347 0.919724 -2.045192 0.000000 0.000000 0.000000 1.000000
0.917028 0.053705 0.395190 2.345224 -0.086223 0.994155 0.064976 109.414429 -0.389390 -0.093660 0.916299 -2.174300 0.000000 0.000000 0.000000 1.000000
0.914234 0.053540 0.401633 2.562541 -0.087423 0.993949 0.066501 109.448235 -0.395642 -0.095909 0.913383 -2.300192 0.000000 0.000000 0.000000 1.000000
0.911892 0.053486 0.406931 2.756360 -0.088476 0.993779 0.067646 109.473557 -0.400781 -0.097689 0.910951 -2.430093 0.000000 0.000000 0.000000 1.000000
0.909924 0.053340 0.411331 2.929552 -0.089136 0.993673 0.068326 109.487488 -0.405084 -0.098836 0.908922 -2.567684 0.000000 0.000000 0.000000 1.000000
0.908284 0.053199 0.414958 3.088048 -0.089553 0.993614 0.068633 109.493698 -0.408657 -0.099499 0.907248 -2.712490 0.000000 0.000000 0.000000 1.000000
0.906944 0.053302 0.417866 3.235884 -0.090059 0.993562 0.068730 109.499161 -0.411512 -0.099967 0.905905 -2.859973 0.000000 0.000000 0.000000 1.000000
0.905867 0.053802 0.420132 3.373980 -0.090879 0.993488 0.068724 109.507942 -0.413699 -0.100436 0.904857 -3.002888 0.000000 0.000000 0.000000 1.000000
0.905032 0.054662 0.421816 3.502468 -0.091986 0.993392 0.068632 109.516960 -0.415277 -0.100915 0.904080 -3.133451 0.000000 0.000000 0.000000 1.000000
0.904510 0.055691 0.422801 3.622660 -0.093153 0.993296 0.068449 109.518280 -0.416154 -0.101298 0.903634 -3.244879 0.000000 0.000000 0.000000 1.000000
0.904467 0.056659 0.422764 3.736237 -0.094110 0.993221 0.068227 109.506187 -0.416033 -0.101495 0.903668 -3.331087 0.000000 0.000000 0.000000 1.000000
0.905071 0.057431 0.421365 3.842512 -0.094716 0.993174 0.068078 109.482910 -0.414579 -0.101525 0.904332 -3.385308 0.000000 0.000000 0.000000 1.000000
0.906355 0.058066 0.418508 3.938128 -0.095063 0.993140 0.068084 109.458267 -0.411684 -0.101493 0.905658 -3.399776 0.000000 0.000000 0.000000 1.000000
0.908181 0.058809 0.414426 4.018702 -0.095433 0.993096 0.068209 109.443443 -0.407554 -0.101495 0.907523 -3.367749 0.000000 0.000000 0.000000 1.000000
0.910333 0.059965 0.409509 4.080710 -0.096122 0.993026 0.068269 109.444305 -0.402559 -0.101510 0.909748 -3.286764 0.000000 0.000000 0.000000 1.000000
0.912667 0.061717 0.404018 4.122545 -0.097256 0.992932 0.068021 109.459290 -0.396964 -0.101374 0.912219 -3.160667 0.000000 0.000000 0.000000 1.000000
0.915190 0.064041 0.397902 4.144567 -0.098738 0.992835 0.067308 109.482491 -0.390740 -0.100887 0.914956 -2.999065 0.000000 0.000000 0.000000 1.000000
0.918035 0.066754 0.390840 4.149366 -0.100362 0.992748 0.066180 109.509583 -0.383587 -0.099981 0.918076 -2.815005 0.000000 0.000000 0.000000 1.000000
0.921355 0.069650 0.382432 4.140493 -0.101971 0.992669 0.064880 109.540855 -0.375109 -0.098775 0.921703 -2.622677 0.000000 0.000000 0.000000 1.000000
0.925225 0.072597 0.372408 4.120543 -0.103515 0.992587 0.063683 109.579887 -0.365024 -0.097470 0.925882 -2.435942 0.000000 0.000000 0.000000 1.000000
0.929598 0.075551 0.360747 4.090652 -0.104995 0.992494 0.062702 109.628624 -0.353303 -0.096164 0.930553 -2.267048 0.000000 0.000000 0.000000 1.000000
0.934340 0.078494 0.347632 4.052368 -0.106379 0.992401 0.061839 109.682945 -0.340136 -0.094759 0.935590 -2.124896 0.000000 0.000000 0.000000 1.000000
0.939310 0.081357 0.333284 4.009768 -0.107558 0.992332 0.060902 109.733101 -0.325773 -0.093054 0.940857 -2.013499 0.000000 0.000000 0.000000 1.000000
0.944432 0.084008 0.317790 3.968888 -0.108388 0.992309 0.059796 109.768456 -0.310322 -0.090918 0.946274 -1.931824 0.000000 0.000000 0.000000 1.000000
0.949686 0.086306 0.301079 3.934924 -0.108760 0.992339 0.058602 109.783257 -0.293715 -0.088399 0.951797 -1.875343 0.000000 0.000000 0.000000 1.000000
0.955029 0.088182 0.283097 3.910057 -0.108684 0.992411 0.057518 109.779617 -0.275876 -0.085700 0.957365 -1.838833 0.000000 0.000000 0.000000 1.000000
0.960324 0.089699 0.264068 3.894568 -0.108310 0.992496 0.056753 109.764961 -0.256996 -0.083103 0.962833 -1.820696 0.000000 0.000000 0.000000 1.000000
0.965339 0.091037 0.244610 3.888344 -0.107874 0.992569 0.056311 109.747520 -0.237665 -0.080746 0.967985 -1.816799 0.000000 0.000000 0.000000 1.000000
0.969824 0.092380 0.225625 3.891007 -0.107589 0.992614 0.056046 109.732361 -0.218781 -0.078629 0.972601 -1.823775 0.000000 0.000000 0.000000 1.000000
0.973628 0.093798 0.207968 3.900322 -0.107543 0.992635 0.055773 109.720886 -0.201205 -0.076668 0.976544 -1.841225 0.000000 0.000000 0.000000 1.000000
0.976745 0.095216 0.192104 3.912300 -0.107659 0.992644 0.055383 109.712051 -0.185417 -0.074776 0.979811 -1.872201 0.000000 0.000000 0.000000 1.000000
0.979287 0.096487 0.178009 3.923134 -0.107782 0.992658 0.054889 109.703552 -0.171406 -0.072938 0.982497 -1.920816 0.000000 0.000000 0.000000 1.000000
0.981399 0.097511 0.165374 3.931439 -0.107798 0.992684 0.054397 109.692780 -0.158860 -0.071212 0.984730 -1.987568 0.000000 0.000000 0.000000 1.000000
0.983177 0.098300 0.153949 3.938896 -0.107711 0.992714 0.054011 109.677574 -0.147518 -0.069684 0.986601 -2.066144 0.000000 0.000000 0.000000 1.000000
0.984655 0.098941 0.143757 3.949776 -0.107600 0.992740 0.053746 109.657738 -0.137395 -0.068389 0.988153 -2.144912 0.000000 0.000000 0.000000 1.000000
0.985831 0.099511 0.135037 3.968736 -0.107540 0.992760 0.053509 109.636482 -0.128734 -0.067273 0.989395 -2.212044 0.000000 0.000000 0.000000 1.000000
0.986716 0.100050 0.127993 3.998160 -0.107562 0.992775 0.053173 109.619873 -0.121749 -0.066234 0.990349 -2.260319 0.000000 0.000000 0.000000 1.000000
0.987352 0.100596 0.122540 4.036901 -0.107689 0.992788 0.052688 109.614723 -0.116356 -0.065218 0.991064 -2.288512 0.000000 0.000000 0.000000 1.000000
0.987815 0.101215 0.118224 4.081319 -0.107963 0.992788 0.052119 109.624878 -0.112097 -0.064248 0.991618 -2.299736 0.000000 0.000000 0.000000 1.000000
0.988196 0.101936 0.114356 4.128385 -0.108376 0.992772 0.051566 109.649422 -0.108273 -0.063350 0.992101 -2.299084 0.000000 0.000000 0.000000 1.000000
0.988589 0.102664 0.110233 4.177059 -0.108786 0.992755 0.051024 109.682396 -0.104196 -0.062434 0.992595 -2.291967 0.000000 0.000000 0.000000 1.000000
0.989068 0.103209 0.105318 4.227093 -0.108955 0.992771 0.050336 109.715546 -0.099362 -0.061261 0.993164 -2.283329 0.000000 0.000000 0.000000 1.000000
0.989669 0.103437 0.099281 4.276945 -0.108715 0.992850 0.049294 109.741531 -0.093472 -0.059578 0.993838 -2.277370 0.000000 0.000000 0.000000 1.000000
0.990381 0.103406 0.091943 4.324385 -0.108116 0.992988 0.047812 109.757339 -0.086354 -0.057293 0.994616 -2.277549 0.000000 0.000000 0.000000 1.000000
0.991160 0.103304 0.083243 4.368472 -0.107376 0.993153 0.046010 109.765411 -0.077920 -0.054542 0.995467 -2.286455 0.000000 0.000000 0.000000 1.000000
0.991952 0.103267 0.073264 4.410069 -0.106668 0.993315 0.044128 109.772102 -0.068217 -0.051588 0.996336 -2.305245 0.000000 0.000000 0.000000 1.000000
0.992705 0.103258 0.062244 4.449537 -0.105993 0.993464 0.042363 109.784164 -0.057463 -0.048651 0.997161 -2.333022 0.000000 0.000000 0.000000 1.000000
0.993382 0.103148 0.050524 4.485043 -0.105245 0.993611 0.040760 109.805275 -0.045997 -0.045808 0.997891 -2.367211 0.000000 0.000000 0.000000 1.000000
0.993949 0.102905 0.038418 4.514078 -0.104402 0.993762 0.039220 109.834076 -0.034143 -0.042994 0.998492 -2.405282 0.000000 0.000000 0.000000 1.000000
0.994373 0.102645 0.026178 4.536434 -0.103587 0.993910 0.037593 109.865143 -0.022159 -0.040093 0.998950 -2.446878 0.000000 0.000000 0.000000 1.000000
0.994636 0.102476 0.014066 4.554739 -0.102921 0.994046 0.035778 109.891136 -0.010316 -0.037033 0.999261 -2.494162 0.000000 0.000000 0.000000 1.000000
0.994749 0.102316 0.002455 4.572124 -0.102341 0.994175 0.033793 109.905540 0.001017 -0.033867 0.999426 -2.549533 0.000000 0.000000 0.000000 1.000000
0.994758 0.101928 -0.008227 4.590272 -0.101620 0.994315 0.031798 109.905083 0.011421 -0.030795 0.999460 -2.611791 0.000000 0.000000 0.000000 1.000000
0.994713 0.101161 -0.017662 4.610821 -0.100604 0.994473 0.030032 109.890724 0.020603 -0.028097 0.999393 -2.673605 0.000000 0.000000 0.000000 1.000000
0.994639 0.100150 -0.025758 4.637061 -0.099405 0.994632 0.028720 109.867752 0.028496 -0.026006 0.999256 -2.722620 0.000000 0.000000 0.000000 1.000000
0.994531 0.099238 -0.032571 4.672866 -0.098344 0.994759 0.027972 109.843422 0.035176 -0.024616 0.999078 -2.745991 0.000000 0.000000 0.000000 1.000000
0.994385 0.098694 -0.038176 4.719080 -0.097673 0.994831 0.027763 109.824005 0.040719 -0.023879 0.998885 -2.735355 0.000000 0.000000 0.000000 1.000000
0.994221 0.098520 -0.042639 4.772732 -0.097381 0.994853 0.027998 109.812050 0.045178 -0.023684 0.998698 -2.688639 0.000000 0.000000 0.000000 1.000000
0.994068 0.098501 -0.046116 4.829894 -0.097252 0.994849 0.028582 109.806061 0.048693 -0.023927 0.998527 -2.607670 0.000000 0.000000 0.000000 1.000000
0.993941 0.098439 -0.048889 4.888587 -0.097080 0.994841 0.029448 109.802231 0.051536 -0.024523 0.998370 -2.494215 0.000000 0.000000 0.000000 1.000000
0.993836 0.098303 -0.051257 4.948697 -0.096827 0.994833 0.030535 109.797699 0.053993 -0.025384 0.998219 -2.348056 0.000000 0.000000 0.000000 1.000000
0.993734 0.098191 -0.053394 5.008886 -0.096591 0.994817 0.031772 109.792625 0.056237 -0.026416 0.998068 -2.168338 0.000000 0.000000 0.000000 1.000000
0.993626 0.098192 -0.055370 5.065078 -0.096463 0.994787 0.033081 109.789909 0.058330 -0.027529 0.997918 -1.956130 0.000000 0.000000 0.000000 1.000000
0.993508 0.098286 -0.057283 5.112525 -0.096426 0.994746 0.034388 109.792809 0.060362 -0.028641 0.997766 -1.715487 0.000000 0.000000 0.000000 1.000000
0.993382 0.098355 -0.059322 5.148410 -0.096359 0.994709 0.035621 109.802132 0.062512 -0.029669 0.997603 -1.452431 0.000000 0.000000 0.000000 1.000000
0.993250 0.098263 -0.061640 5.172544 -0.096128 0.994692 0.036708 109.814865 0.064920 -0.030535 0.997423 -1.173254 0.000000 0.000000 0.000000 1.000000
0.993117 0.097960 -0.064214 5.186187 -0.095684 0.994701 0.037613 109.825821 0.067558 -0.031210 0.997227 -0.883609 0.000000 0.000000 0.000000 1.000000
0.992983 0.097523 -0.066886 5.190768 -0.095110 0.994727 0.038369 109.830635 0.070275 -0.031738 0.997023 -0.588612 0.000000 0.000000 0.000000 1.000000
0.992835 0.097155 -0.069569 5.187433 -0.094604 0.994748 0.039073 109.828232 0.073000 -0.032211 0.996812 -0.292959 0.000000 0.000000 0.000000 1.000000
0.992641 0.097099 -0.072361 5.176834 -0.094401 0.994737 0.039824 109.821167 0.075847 -0.032700 0.996583 -0.000425 0.000000 0.000000 0.000000 1.000000
0.992372 0.097527 -0.075403 5.158419 -0.094664 0.994679 0.040660 109.813515 0.078968 -0.033212 0.996324 0.286964 0.000000 0.000000 0.000000 1.000000
0.992027 0.098463 -0.078660 5.130626 -0.095422 0.994570 0.041542 109.808044 0.082323 -0.033705 0.996036 0.568913 0.000000 0.000000 0.000000 1.000000
0.991636 0.099786 -0.081853 5.092554 -0.096567 0.994423 0.042396 109.805054 0.085627 -0.034137 0.995742 0.845545 0.000000 0.000000 0.000000 1.000000
0.991248 0.101300 -0.084651 5.045568 -0.097920 0.994257 0.043176 109.802551 0.088539 -0.034509 0.995475 1.115963 0.000000 0.000000 0.000000 1.000000
0.990895 0.102837 -0.086904 4.993227 -0.099318 0.994087 0.043899 109.798279 0.090904 -0.034868 0.995249 1.378214 0.000000 0.000000 0.000000 1.000000
0.990582 0.104301 -0.088703 4.939603 -0.100656 0.993920 0.044623 109.791527 0.092818 -0.035274 0.995058 1.630672 0.000000 0.000000 0.000000 1.000000
0.990299 0.105658 -0.090247 4.887901 -0.101890 0.993759 0.045400 109.784355 0.094481 -0.035764 0.994884 1.872945 0.000000 0.000000 0.000000 1.000000
0.990037 0.106890 -0.091654 4.840674 -0.102996 0.993607 0.046231 109.781319 0.096010 -0.036331 0.994717 2.104763 0.000000 0.000000 0.000000 1.000000
0.989806 0.107968 -0.092884 4.800101 -0.103950 0.993468 0.047073 109.787346 0.097360 -0.036938 0.994564 2.323816 0.000000 0.000000 0.000000 1.000000
0.989621 0.108851 -0.093821 4.767650 -0.104723 0.993349 0.047866 109.804756 0.098408 -0.037544 0.994438 2.524948 0.000000 0.000000 0.000000 1.000000
0.989491 0.109508 -0.094425 4.743180 -0.105291 0.993255 0.048557 109.831238 0.099105 -0.038105 0.994347 2.702002 0.000000 0.000000 0.000000 1.000000
0.989408 0.109914 -0.094815 4.725266 -0.105630 0.993193 0.049093 109.860077 0.099566 -0.038558 0.994284 2.850952 0.000000 0.000000 0.000000 1.000000
0.989353 0.110060 -0.095228 4.712281 -0.105727 0.993166 0.049426 109.883026 0.100017 -0.038831 0.994228 2.971755 0.000000 0.000000 0.000000 1.000000
0.989304 0.109960 -0.095846 4.702795 -0.105592 0.993175 0.049528 109.894135 0.100638 -0.038878 0.994163 3.067668 0.000000 0.000000 0.000000 1.000000
0.989256 0.109671 -0.096668 4.695511 -0.105280 0.993214 0.049427 109.892380 0.101433 -0.038719 0.994089 3.143078 0.000000 0.000000 0.000000 1.000000
0.989218 0.109286 -0.097486 4.689151 -0.104886 0.993267 0.049191 109.881042 0.102206 -0.038435 0.994020 3.202015 0.000000 0.000000 0.000000 1.000000
0.989212 0.108889 -0.097991 4.682548 -0.104499 0.993323 0.048885 109.864990 0.102660 -0.038118 0.993986 3.248596 0.000000 0.000000 0.000000 1.000000
0.989260 0.108520 -0.097920 4.674827 -0.104168 0.993375 0.048530 109.848015 0.102538 -0.037809 0.994010 3.288203 0.000000 0.000000 0.000000 1.000000
0.989368 0.108191 -0.097188 4.665161 -0.103910 0.993423 0.048097 109.832558 0.101753 -0.037486 0.994103 3.327244 0.000000 0.000000 0.000000 1.000000
0.989517 0.107916 -0.095965 4.652367 -0.103736 0.993468 0.047539 109.820908 0.100468 -0.037086 0.994249 3.370970 0.000000 0.000000 0.000000 1.000000
0.989664 0.107738 -0.094651 4.635044 -0.103677 0.993508 0.046828 109.815689 0.099081 -0.036531 0.994409 3.421408 0.000000 0.000000 0.000000 1.000000
0.989756 0.107711 -0.093707 4.611195 -0.103770 0.993538 0.045975 109.818954 0.098054 -0.035780 0.994538 3.477651 0.000000 0.000000 0.000000 1.000000
0.989765 0.107862 -0.093438 4.578852 -0.104024 0.993555 0.045028 109.830635 0.097692 -0.034848 0.994606 3.538181 0.000000 0.000000 0.000000 1.000000
0.989692 0.108174 -0.093855 4.536682 -0.104419 0.993557 0.044051 109.848427 0.098015 -0.033796 0.994611 3.602224 0.000000 0.000000 0.000000 1.000000
0.989560 0.108594 -0.094759 4.485322 -0.104906 0.993548 0.043083 109.869606 0.098826 -0.032693 0.994568 3.668286 0.000000 0.000000 0.000000 1.000000
0.989397 0.109060 -0.095917 4.427866 -0.105433 0.993534 0.042116 109.892578 0.099890 -0.031557 0.994498 3.731421 0.000000 0.000000 0.000000 1.000000
0.989224 0.109509 -0.097180 4.368945 -0.105948 0.993522 0.041100 109.916748 0.101051 -0.030361 0.994418 3.782771 0.000000 0.000000 0.000000 1.000000
0.989055 0.109870 -0.098483 4.313250 -0.106385 0.993521 0.039980 109.940735 0.102238 -0.029065 0.994335 3.812664 0.000000 0.000000 0.000000 1.000000
0.988905 0.110033 -0.099795 4.264076 -0.106641 0.993543 0.038721 109.960968 0.103411 -0.027649 0.994254 3.814893 0.000000 0.000000 0.000000 1.000000
0.988793 0.109856 -0.101096 4.222898 -0.106578 0.993605 0.037290 109.972687 0.104546 -0.026097 0.994178 3.789025 0.000000 0.000000 0.000000 1.000000
0.988731 0.109214 -0.102391 4.189352 -0.106074 0.993719 0.035641 109.973282 0.105640 -0.024379 0.994106 3.740169 0.000000 0.000000 0.000000 1.000000
0.988716 0.108080 -0.103724 4.161869 -0.105108 0.993889 0.033724 109.964508 0.106735 -0.022442 0.994034 3.676946 0.000000 0.000000 0.000000 1.000000
0.988721 0.106535 -0.105264 4.137596 -0.103764 0.994104 0.031477 109.951874 0.107997 -0.020199 0.993946 3.606974 0.000000 0.000000 0.000000 1.000000
0.988690 0.104705 -0.107372 4.111213 -0.102171 0.994349 0.028844 109.942215 0.109785 -0.017547 0.993800 3.530836 0.000000 0.000000 0.000000 1.000000
0.988580 0.102703 -0.110280 4.074373 -0.100434 0.994605 0.025949 109.940598 0.112350 -0.014577 0.993562 3.442551 0.000000 0.000000 0.000000 1.000000
0.988439 0.100681 -0.113364 4.020452 -0.098659 0.994848 0.023319 109.947433 0.115128 -0.011865 0.993280 3.342710 0.000000 0.000000 0.000000 1.000000
0.988430 0.098827 -0.115065 3.950407 -0.096979 0.995053 0.021563 109.957611 0.116627 -0.010154 0.993124 3.248419 0.000000 0.000000 0.000000 1.000000
0.988689 0.097282 -0.114151 3.873086 -0.095554 0.995213 0.020528 109.963371 0.115602 -0.009388 0.993251 3.176005 0.000000 0.000000 0.000000 1.000000
0.989164 0.096320 -0.110800 3.802666 -0.094745 0.995312 0.019404 109.959885 0.112150 -0.008696 0.993653 3.129305 0.000000 0.000000 0.000000 1.000000
0.989668 0.096361 -0.106165 3.754224 -0.095012 0.995319 0.017699 109.947708 0.107374 -0.007429 0.994191 3.105056 0.000000 0.000000 0.000000 1.000000
0.990098 0.097449 -0.101038 3.735791 -0.096353 0.995224 0.015681 109.932129 0.102084 -0.005791 0.994759 3.104341 0.000000 0.000000 0.000000 1.000000
0.990555 0.098839 -0.095031 3.743769 -0.097976 0.995094 0.013720 109.921341 0.095921 -0.004279 0.995380 3.130181 0.000000 0.000000 0.000000 1.000000
0.991231 0.099458 -0.086996 3.770686 -0.098819 0.995037 0.011640 109.923447 0.087722 -0.002941 0.996141 3.172911 0.000000 0.000000 0.000000 1.000000
0.992194 0.098740 -0.076161 3.818250 -0.098337 0.995112 0.009035 109.942787 0.076681 -0.001475 0.997055 3.205963 0.000000 0.000000 0.000000 1.000000
0.993324 0.096809 -0.062727 3.898540 -0.096633 0.995303 0.005843 109.976608 0.062998 0.000258 0.998014 3.203036 0.000000 0.000000 0.000000 1.000000
0.994430 0.094044 -0.047588 4.021250 -0.094039 0.995566 0.002353 110.015259 0.047598 0.002135 0.998864 3.158963 0.000000 0.000000 0.000000 1.000000
0.995347 0.090861 -0.032061 4.182652 -0.090939 0.995856 -0.000974 110.047180 0.031839 0.003885 0.999485 3.091712 0.000000 0.000000 0.000000 1.000000
0.995979 0.087798 -0.017799 4.365891 -0.087873 0.996126 -0.003455 110.066978 0.017426 0.005006 0.999836 3.025493 0.000000 0.000000 0.000000 1.000000
0.996330 0.085392 -0.005980 4.547813 -0.085418 0.996336 -0.004364 110.077591 0.005585 0.004859 0.999973 2.973628 0.000000 0.000000 0.000000 1.000000
0.996471 0.083859 0.003722 4.705353 -0.083847 0.996473 -0.003433 110.084267 -0.003996 0.003109 0.999987 2.935832 0.000000 0.000000 0.000000 1.000000
0.996468 0.082993 0.012803 4.821395 -0.082988 0.996550 -0.000955 110.087631 -0.012838 -0.000111 0.999918 2.907102 0.000000 0.000000 0.000000 1.000000
0.996352 0.082308 0.022557 4.886929 -0.082388 0.996597 0.002647 110.083221 -0.022263 -0.004496 0.999742 2.884418 0.000000 0.000000 0.000000 1.000000
0.996127 0.081308 0.033456 4.896857 -0.081587 0.996641 0.007043 110.066231 -0.032771 -0.009745 0.999415 2.864145 0.000000 0.000000 0.000000 1.000000
0.995772 0.079853 0.045407 4.845086 -0.080466 0.996687 0.011828 110.034821 -0.044312 -0.015432 0.998899 2.836484 0.000000 0.000000 0.000000 1.000000
0.995264 0.078241 0.057688 4.726871 -0.079314 0.996712 0.016548 109.989967 -0.056204 -0.021045 0.998198 2.784452 0.000000 0.000000 0.000000 1.000000
0.994686 0.076701 0.068678 4.546053 -0.078304 0.996709 0.020962 109.934265 -0.066844 -0.026228 0.997419 2.686627 0.000000 0.000000 0.000000 1.000000
0.994244 0.074996 0.076521 4.318783 -0.077101 0.996712 0.024933 109.873070 -0.074399 -0.030689 0.996756 2.523293 0.000000 0.000000 0.000000 1.000000
0.994086 0.072967 0.080433 4.066401 -0.075428 0.996758 0.027998 109.816574 -0.078129 -0.033899 0.996367 2.290095 0.000000 0.000000 0.000000 1.000000
0.994159 0.071147 0.081150 3.802059 -0.073739 0.996844 0.029399 109.777611 -0.078802 -0.035211 0.996268 2.011322 0.000000 0.000000 0.000000 1.000000
0.994304 0.070343 0.080075 3.526457 -0.072842 0.996930 0.028720 109.762283 -0.077809 -0.034389 0.996375 1.733336 0.000000 0.000000 0.000000 1.000000
0.994412 0.070863 0.078253 3.234822 -0.073119 0.996975 0.026343 109.763680 -0.076150 -0.031917 0.996585 1.498694 0.000000 0.000000 0.000000 1.000000
0.994463 0.072525 0.076050 2.924586 -0.074483 0.996951 0.023239 109.767822 -0.074133 -0.028775 0.996833 1.326955 0.000000 0.000000 0.000000 1.000000
0.994486 0.075086 0.073206 2.600103 -0.076769 0.996839 0.020453 109.767418 -0.071439 -0.025960 0.997107 1.216443 0.000000 0.000000 0.000000 1.000000
0.994536 0.078298 0.069045 2.273825 -0.079761 0.996639 0.018701 109.765335 -0.067348 -0.024106 0.997438 1.154499 0.000000 0.000000 0.000000 1.000000
0.994653 0.081717 0.063155 1.960532 -0.083012 0.996383 0.018158 109.765900 -0.061442 -0.023304 0.997839 1.124008 0.000000 0.000000 0.000000 1.000000
0.994813 0.084780 0.056215 1.670569 -0.085936 0.996130 0.018460 109.767792 -0.054433 -0.023195 0.998248 1.106945 0.000000 0.000000 0.000000 1.000000
0.994960 0.087061 0.049742 1.411238 -0.088093 0.995932 0.018957 109.767342 -0.047889 -0.023244 0.998582 1.086994 0.000000 0.000000 0.000000 1.000000
0.995071 0.088457 0.044823 1.190209 -0.089383 0.995815 0.019082 109.763359 -0.042947 -0.022995 0.998813 1.051476 0.000000 0.000000 0.000000 1.000000
0.995153 0.089177 0.041441 1.009288 -0.090009 0.995766 0.018662 109.755035 -0.039602 -0.022301 0.998967 0.993985 0.000000 0.000000 0.000000 1.000000
