<?xml version="1.0" encoding="utf-8"?>
<COLLADA xmlns="http://www.collada.org/2005/11/COLLADASchema" version="1.4.1">
  <asset>
    <contributor>
      <author>Mixamo</author>
      <authoring_tool>COLLADA Mixamo exporter</authoring_tool>
      <comments/>
    </contributor>
    <created>2026-01-21T12:40:19Z</created>
    <modified>2026-01-21T12:40:19Z</modified>
    <revision/>
    <title/>
    <unit meter="0.010000"/>
    <up_axis>Y_UP</up_axis>
  </asset>
  <library_animations>
    <animation id="mixamorig_Hips-anim" name="mixamorig_Hips">
      <source id="mixamorig_Hips-Matrix-animation-input">
        <float_array id="mixamorig_Hips-Matrix-animation-input-array" count="455">

0.000000 0.033333 0.066667 0.100000 0.133333 0.166667 0.200000 0.233333 0.266667 0.300000 0.333333 0.366667 0.400000 0.433333 0.466667 0.500000
0.533333 0.566667 0.600000 0.633333 0.666667 0.700000 0.733333 0.766667 0.800000 0.833333 0.866667 0.900000 0.933333 0.966667 1.000000 1.033333
1.066667 1.100000 1.133333 1.166667 1.200000 1.233333 1.266667 1.300000 1.333333 1.366667 1.400000 1.433333 1.466667 1.500000 1.533333 1.566667
1.600000 1.633333 1.666667 1.700000 1.733333 1.766667 1.800000 1.833333 1.866667 1.900000 1.933333 1.966667 2.000000 2.033333 2.066667 2.100000
2.133333 2.166667 2.200000 2.233333 2.266667 2.300000 2.333333 2.366667 2.400000 2.433333 2.466667 2.500000 2.533333 2.566667 2.600000 2.633333
2.666667 2.700000 2.733333 2.766667 2.800000 2.833333 2.866667 2.900000 2.933333 2.966667 3.000000 3.033333 3.066667 3.100000 3.133333 3.166667
3.200000 3.233333 3.266667 3.300000 3.333333 3.366667 3.400000 3.433333 3.466667 3.500000 3.533333 3.566667 3.600000 3.633333 3.666667 3.700000
3.733333 3.766667 3.800000 3.833333 3.866667 3.900000 3.933333 3.966667 4.000000 4.033333 4.066667 4.100000 4.133333 4.166667 4.200000 4.233333
4.266667 4.300000 4.333333 4.366667 4.400000 4.433333 4.466667 4.500000 4.533333 4.566667 4.600000 4.633333 4.666667 4.700000 4.733333 4.766667
4.800000 4.833333 4.866667 4.900000 4.933333 4.966667 5.000000 5.033333 5.066667 5.100000 5.133333 5.166667 5.200000 5.233333 5.266667 5.300000
5.333333 5.366667 5.400000 5.433333 5.466667 5.500000 5.533333 5.566667 5.600000 5.633333 5.666667 5.700000 5.733333 5.766667 5.800000 5.833333
5.866667 5.900000 5.933333 5.966667 6.000000 6.033333 6.066667 6.100000 6.133333 6.166667 6.200000 6.233333 6.266667 6.300000 6.333333 6.366667
6.400000 6.433333 6.466667 6.500000 6.533333 6.566667 6.600000 6.633333 6.666667 6.700000 6.733333 6.766667 6.800000 6.833333 6.866667 6.900000
6.933333 6.966667 7.000000 7.033333 7.066667 7.100000 7.133333 7.166667 7.200000 7.233333 7.266667 7.300000 7.333333 7.366667 7.400000 7.433333
7.466667 7.500000 7.533333 7.566667 7.600000 7.633333 7.666667 7.700000 7.733333 7.766667 7.800000 7.833333 7.866667 7.900000 7.933333 7.966667
8.000000 8.033333 8.066667 8.100000 8.133333 8.166667 8.200000 8.233333 8.266667 8.300000 8.333333 8.366667 8.400000 8.433333 8.466667 8.500000
8.533333 8.566667 8.600000 8.633333 8.666667 8.700000 8.733333 8.766667 8.800000 8.833333 8.866667 8.900000 8.933333 8.966667 9.000000 9.033333
9.066667 9.100000 9.133333 9.166667 9.200000 9.233333 9.266667 9.300000 9.333333 9.366667 9.400000 9.433333 9.466667 9.500000 9.533333 9.566667
9.600000 9.633333 9.666667 9.700000 9.733333 9.766667 9.800000 9.833333 9.866667 9.900000 9.933333 9.966667 10.000000 10.033333 10.066667 10.100000
10.133333 10.166667 10.200000 10.233333 10.266667 10.300000 10.333333 10.366667 10.400000 10.433333 10.466667 10.500000 10.533333 10.566667 10.600000 10.633333
10.666667 10.700000 10.733333 10.766667 10.800000 10.833333 10.866667 10.900000 10.933333 10.966667 11.000000 11.033333 11.066667 11.100000 11.133333 11.166667
11.200000 11.233333 11.266667 11.300000 11.333333 11.366667 11.400000 11.433333 11.466667 11.500000 11.533333 11.566667 11.600000 11.633333 11.666667 11.700000
11.733333 11.766667 11.800000 11.833333 11.866667 11.900000 11.933333 11.966667 12.000000 12.033333 12.066667 12.100000 12.133333 12.166667 12.200000 12.233333
12.266667 12.300000 12.333333 12.366667 12.400000 12.433333 12.466667 12.500000 12.533333 12.566667 12.600000 12.633333 12.666667 12.700000 12.733333 12.766667
12.800000 12.833333 12.866667 12.900000 12.933333 12.966667 13.000000 13.033333 13.066667 13.100000 13.133333 13.166667 13.200000 13.233333 13.266667 13.300000
13.333333 13.366667 13.400000 13.433333 13.466667 13.500000 13.533333 13.566667 13.600000 13.633333 13.666667 13.700000 13.733333 13.766667 13.800000 13.833333
13.866667 13.900000 13.933333 13.966667 14.000000 14.033333 14.066667 14.100000 14.133333 14.166667 14.200000 14.233333 14.266667 14.300000 14.333333 14.366667
14.400000 14.433333 14.466667 14.500000 14.533333 14.566667 14.600000 14.633333 14.666667 14.700000 14.733333 14.766667 14.800000 14.833333 14.866667 14.900000
14.933333 14.966667 15.000000 15.033333 15.066667 15.100000 15.133333</float_array>
        <technique_common>
          <accessor source="#mixamorig_Hips-Matrix-animation-input-array" count="455">
            <param name="TIME" type="float"/>
          </accessor>
        </technique_common>
      </source>
      <source id="mixamorig_Hips-Matrix-animation-output-transform">
        <float_array id="mixamorig_Hips-Matrix-animation-output-transform-array" count="7280">

0.998442 -0.052849 -0.017885 0.865805 0.053664 0.997374 0.048629 107.284637 0.015268 -0.049513 0.998657 0.174609 0.000000 0.000000 0.000000 1.000000
0.998384 -0.053739 -0.018478 0.885899 0.054582 0.997325 0.048626 107.271713 0.015815 -0.049556 0.998646 0.249614 0.000000 0.000000 0.000000 1.000000
0.998337 -0.054375 -0.019156 0.906747 0.055254 0.997279 0.048801 107.258652 0.016450 -0.049778 0.998625 0.334189 0.000000 0.000000 0.000000 1.000000
0.998307 -0.054696 -0.019782 0.931107 0.055613 0.997240 0.049190 107.241585 0.017037 -0.050207 0.998593 0.426912 0.000000 0.000000 0.000000 1.000000
0.998263 -0.055325 -0.020262 0.967415 0.056276 0.997173 0.049793 107.211472 0.017450 -0.050847 0.998554 0.528939 0.000000 0.000000 0.000000 1.000000
0.998135 -0.057618 -0.020165 1.017794 0.058564 0.997032 0.049966 107.156517 0.017226 -0.051054 0.998547 0.641198 0.000000 0.000000 0.000000 1.000000
0.997904 -0.062143 -0.018038 1.056589 0.062951 0.996842 0.048397 107.069107 0.014974 -0.049431 0.998665 0.745312 0.000000 0.000000 0.000000 1.000000
0.997630 -0.067684 -0.012385 1.054575 0.068173 0.996680 0.044509 106.947327 0.009332 -0.045248 0.998932 0.793119 0.000000 0.000000 0.000000 1.000000
0.997342 -0.072733 -0.004456 1.036219 0.072853 0.996545 0.039888 106.786377 0.001539 -0.040107 0.999194 0.732629 0.000000 0.000000 0.000000 1.000000
0.996978 -0.077673 0.001332 1.074004 0.077566 0.996256 0.038166 106.531425 -0.004292 -0.037948 0.999271 0.585917 0.000000 0.000000 0.000000 1.000000
0.996447 -0.084203 0.001715 1.173386 0.084053 0.995540 0.042843 106.036469 -0.005315 -0.042547 0.999080 0.505506 0.000000 0.000000 0.000000 1.000000
0.995836 -0.091145 -0.001767 1.267820 0.091107 0.994377 0.053974 105.294228 -0.003163 -0.053911 0.998541 0.646183 0.000000 0.000000 0.000000 1.000000
0.995374 -0.095974 -0.004325 1.302032 0.096047 0.993090 0.067439 104.449059 -0.002177 -0.067543 0.997714 1.040175 0.000000 0.000000 0.000000 1.000000
0.995672 -0.092889 -0.003024 1.306464 0.092842 0.992638 0.077787 103.888504 -0.004224 -0.077731 0.996965 1.604681 0.000000 0.000000 0.000000 1.000000
0.996915 -0.078472 0.001794 1.309876 0.078066 0.993617 0.081434 103.786438 -0.008173 -0.081043 0.996677 2.317296 0.000000 0.000000 0.000000 1.000000
0.998464 -0.054592 0.009439 1.271253 0.053694 0.995513 0.077912 103.947014 -0.013650 -0.077286 0.996916 3.202461 0.000000 0.000000 0.000000 1.000000
0.999457 -0.025817 0.020451 1.143899 0.024388 0.997435 0.067296 104.131371 -0.022136 -0.066761 0.997523 4.210362 0.000000 0.000000 0.000000 1.000000
0.999370 0.004975 0.035135 0.976443 -0.006683 0.998793 0.048661 104.361504 -0.034851 -0.048866 0.998197 5.246762 0.000000 0.000000 0.000000 1.000000
0.997879 0.038687 0.052361 0.873735 -0.039921 0.998944 0.022722 104.845062 -0.051426 -0.024764 0.998370 6.285375 0.000000 0.000000 0.000000 1.000000
0.994782 0.075634 0.068464 0.883840 -0.075346 0.997134 -0.006789 105.609604 -0.068782 0.001595 0.997630 7.422106 0.000000 0.000000 0.000000 1.000000
0.990538 0.113375 0.077336 0.974280 -0.111014 0.993231 -0.034185 106.446236 -0.080688 0.025276 0.996419 8.795345 0.000000 0.000000 0.000000 1.000000
0.986380 0.147218 0.073352 1.094465 -0.143397 0.988141 -0.054906 107.203979 -0.080565 0.043640 0.995794 10.437268 0.000000 0.000000 0.000000 1.000000
0.983637 0.171441 0.055370 1.223799 -0.167524 0.983450 -0.069005 107.818550 -0.066284 0.058600 0.996079 12.258686 0.000000 0.000000 0.000000 1.000000
0.982966 0.181727 0.027438 1.338260 -0.179094 0.980654 -0.079018 108.325737 -0.041267 0.072758 0.996496 14.188914 0.000000 0.000000 0.000000 1.000000
0.984233 0.176815 -0.004756 1.369968 -0.176575 0.980608 -0.085027 108.809250 -0.010370 0.084526 0.996367 16.281015 0.000000 0.000000 0.000000 1.000000
0.986902 0.156763 -0.038070 1.242378 -0.159503 0.983545 -0.084844 109.148232 0.024143 0.089805 0.995667 18.739407 0.000000 0.000000 0.000000 1.000000
0.989367 0.125962 -0.072715 0.964060 -0.131484 0.988329 -0.076933 109.153618 0.062176 0.085676 0.994381 21.771812 0.000000 0.000000 0.000000 1.000000
0.989659 0.095489 -0.107033 0.561451 -0.102468 0.992820 -0.061712 108.880936 0.100371 0.072041 0.992338 25.386419 0.000000 0.000000 0.000000 1.000000
0.988178 0.076659 -0.132766 -0.047668 -0.082705 0.995746 -0.040630 108.503418 0.129087 0.051130 0.990314 29.357533 0.000000 0.000000 0.000000 1.000000
0.987370 0.072249 -0.140999 -0.883495 -0.075029 0.997076 -0.014492 107.827003 0.139539 0.024888 0.989904 33.344105 0.000000 0.000000 0.000000 1.000000
0.987792 0.084618 -0.130793 -1.818759 -0.083325 0.996404 0.015338 107.132637 0.131620 -0.004252 0.991291 36.983013 0.000000 0.000000 0.000000 1.000000
0.988212 0.109381 -0.107114 -2.659967 -0.105064 0.993439 0.045174 106.313927 0.111352 -0.033388 0.993220 40.076054 0.000000 0.000000 0.000000 1.000000
0.987483 0.138417 -0.075613 -3.270550 -0.133044 0.988490 0.072014 105.228172 0.084711 -0.061053 0.994533 42.606426 0.000000 0.000000 0.000000 1.000000
0.986041 0.160686 -0.043622 -3.639164 -0.156053 0.983230 0.094372 104.054192 0.058055 -0.086248 0.994581 44.812614 0.000000 0.000000 0.000000 1.000000
0.985872 0.165953 -0.022730 -3.771426 -0.162544 0.980610 0.109468 103.224365 0.040456 -0.104227 0.993730 47.125626 0.000000 0.000000 0.000000 1.000000
0.987665 0.155054 -0.021798 -3.674945 -0.151646 0.981904 0.113437 102.883446 0.038993 -0.108732 0.993306 49.821766 0.000000 0.000000 0.000000 1.000000
0.989919 0.135247 -0.042051 -3.384105 -0.130201 0.985841 0.105668 103.088356 0.055747 -0.099128 0.993512 52.926102 0.000000 0.000000 0.000000 1.000000
0.990857 0.111191 -0.076413 -3.017194 -0.104187 0.990455 0.090240 103.925293 0.085717 -0.081454 0.992984 56.239658 0.000000 0.000000 0.000000 1.000000
0.989832 0.084752 -0.114239 -2.691967 -0.076850 0.994447 0.071892 105.233177 0.119697 -0.062382 0.990849 59.562141 0.000000 0.000000 0.000000 1.000000
0.987442 0.054179 -0.148400 -2.385590 -0.046876 0.997532 0.052273 106.636375 0.150866 -0.044660 0.987545 62.751236 0.000000 0.000000 0.000000 1.000000
0.984320 0.021977 -0.175019 -2.080800 -0.016638 0.999352 0.031915 107.986122 0.175607 -0.028502 0.984048 65.762917 0.000000 0.000000 0.000000 1.000000
0.980953 -0.008629 -0.194054 -1.789839 0.011668 0.999826 0.014526 109.116776 0.193895 -0.016514 0.980883 68.630898 0.000000 0.000000 0.000000 1.000000
0.977467 -0.034203 -0.208300 -1.558633 0.036179 0.999329 0.005685 109.924698 0.207966 -0.013093 0.978048 71.550568 0.000000 0.000000 0.000000 1.000000
0.973986 -0.051237 -0.220741 -1.399856 0.053858 0.998531 0.005866 110.292343 0.220116 -0.017602 0.975315 74.819679 0.000000 0.000000 0.000000 1.000000
0.971304 -0.059558 -0.230266 -1.286814 0.063222 0.997963 0.008561 110.106529 0.229287 -0.022873 0.973090 78.667732 0.000000 0.000000 0.000000 1.000000
0.971241 -0.062622 -0.229718 -1.182246 0.066134 0.997782 0.007611 109.513756 0.228732 -0.022584 0.973228 83.102440 0.000000 0.000000 0.000000 1.000000
0.974396 -0.068855 -0.214038 -1.051001 0.071290 0.997449 0.003668 108.649742 0.213240 -0.018833 0.976818 87.814888 0.000000 0.000000 0.000000 1.000000
0.978703 -0.084075 -0.187277 -0.873836 0.086009 0.996292 0.002212 107.498871 0.186397 -0.018272 0.982305 92.369019 0.000000 0.000000 0.000000 1.000000
0.980453 -0.112583 -0.161363 -0.640991 0.114847 0.993372 0.004742 106.020027 0.159759 -0.023181 0.986884 96.347092 0.000000 0.000000 0.000000 1.000000
0.978065 -0.149951 -0.144582 -0.379330 0.152572 0.988266 0.007152 104.368416 0.141813 -0.029054 0.989467 99.524864 0.000000 0.000000 0.000000 1.000000
0.974783 -0.180180 -0.131659 -0.136236 0.183058 0.983051 0.009994 103.232414 0.127626 -0.033843 0.991245 102.108032 0.000000 0.000000 0.000000 1.000000
0.974629 -0.192512 -0.114182 0.033416 0.195926 0.980427 0.019366 102.883339 0.108219 -0.041246 0.993271 104.382141 0.000000 0.000000 0.000000 1.000000
0.978225 -0.187346 -0.089320 0.004029 0.191081 0.980943 0.035204 102.850952 0.081023 -0.051505 0.995381 106.656418 0.000000 0.000000 0.000000 1.000000
0.984061 -0.168722 -0.056191 -0.302429 0.171515 0.983950 0.049246 102.846039 0.046980 -0.058099 0.997205 109.337051 0.000000 0.000000 0.000000 1.000000
0.989837 -0.141610 -0.013002 -0.816800 0.142117 0.988307 0.055242 102.954102 0.005027 -0.056528 0.998388 112.546394 0.000000 0.000000 0.000000 1.000000
0.993696 -0.105431 0.038101 -1.319752 0.103307 0.993184 0.053979 103.562874 -0.043532 -0.049702 0.997815 115.963501 0.000000 0.000000 0.000000 1.000000
0.994547 -0.058050 0.086644 -1.685585 0.054023 0.997380 0.048120 104.901352 -0.089210 -0.043177 0.995077 119.132126 0.000000 0.000000 0.000000 1.000000
0.992737 -0.006171 0.120144 -2.000407 0.001625 0.999280 0.037901 106.586914 -0.120292 -0.037430 0.992033 121.969757 0.000000 0.000000 0.000000 1.000000
0.990321 0.036971 0.133780 -2.359008 -0.040570 0.998882 0.024271 108.019722 -0.132733 -0.029464 0.990714 124.817039 0.000000 0.000000 0.000000 1.000000
0.989085 0.065650 0.131915 -2.692379 -0.067868 0.997618 0.012380 108.940208 -0.130788 -0.021198 0.991184 127.972198 0.000000 0.000000 0.000000 1.000000
0.989112 0.081335 0.122646 -2.906183 -0.082925 0.996524 0.007910 109.398605 -0.121576 -0.017994 0.992419 131.568558 0.000000 0.000000 0.000000 1.000000
0.989988 0.084551 0.113029 -3.001637 -0.086447 0.996184 0.011975 109.374786 -0.111585 -0.021626 0.993519 135.751190 0.000000 0.000000 0.000000 1.000000
0.991385 0.078199 0.105076 -3.043450 -0.080859 0.996498 0.021291 109.031677 -0.103044 -0.029604 0.994236 140.522202 0.000000 0.000000 0.000000 1.000000
0.992773 0.070650 0.097004 -3.138193 -0.073970 0.996776 0.031066 108.689232 -0.094496 -0.038017 0.994799 145.699265 0.000000 0.000000 0.000000 1.000000
0.994043 0.065579 0.087055 -3.230483 -0.069218 0.996821 0.039462 107.871223 -0.084191 -0.045253 0.995422 151.092728 0.000000 0.000000 0.000000 1.000000
0.993808 0.080104 0.077001 -3.358301 -0.084104 0.995192 0.050187 107.090927 -0.072610 -0.056352 0.995767 156.056946 0.000000 0.000000 0.000000 1.000000
0.990747 0.114662 0.072609 -3.517097 -0.119384 0.990756 0.064415 106.250763 -0.064552 -0.072487 0.995278 160.241348 0.000000 0.000000 0.000000 1.000000
0.985224 0.154215 0.074512 -3.675747 -0.159734 0.984319 0.074837 105.107971 -0.061803 -0.085633 0.994408 163.575958 0.000000 0.000000 0.000000 1.000000
0.980572 0.181577 0.074219 -3.750722 -0.186997 0.979563 0.074085 103.945381 -0.059250 -0.086524 0.994486 166.405106 0.000000 0.000000 0.000000 1.000000
0.979470 0.192220 0.060744 -3.634529 -0.196070 0.978403 0.065449 103.205521 -0.046852 -0.076015 0.996005 169.135498 0.000000 0.000000 0.000000 1.000000
0.981360 0.189795 0.030183 -3.315815 -0.191303 0.979745 0.059183 102.987495 -0.018339 -0.063854 0.997791 172.019928 0.000000 0.000000 0.000000 1.000000
0.984608 0.174414 -0.011256 -2.872803 -0.173444 0.983011 0.060062 103.212814 0.021540 -0.057186 0.998131 175.202911 0.000000 0.000000 0.000000 1.000000
0.988024 0.144592 -0.053867 -2.377626 -0.141104 0.987941 0.063739 103.887756 0.062434 -0.055375 0.996512 178.615417 0.000000 0.000000 0.000000 1.000000
0.990046 0.105720 -0.092914 -1.877284 -0.099949 0.992885 0.064721 104.917076 0.099095 -0.054790 0.993568 181.987625 0.000000 0.000000 0.000000 1.000000
0.989700 0.064440 -0.127831 -1.407083 -0.056998 0.996506 0.061046 106.121887 0.131318 -0.053131 0.989915 185.174362 0.000000 0.000000 0.000000 1.000000
0.987791 0.021205 -0.154338 -0.959639 -0.013103 0.998491 0.053320 107.405197 0.155236 -0.050647 0.986578 188.161026 0.000000 0.000000 0.000000 1.000000
0.985879 -0.020653 -0.166178 -0.523728 0.028513 0.998578 0.045055 108.660217 0.165011 -0.049157 0.985066 191.080032 0.000000 0.000000 0.000000 1.000000
0.984524 -0.054750 -0.166476 -0.098648 0.062207 0.997265 0.039909 109.630150 0.163835 -0.049647 0.985238 194.159775 0.000000 0.000000 0.000000 1.000000
0.982931 -0.078027 -0.166607 0.300725 0.085256 0.995684 0.036677 110.048111 0.163026 -0.050255 0.985341 197.618820 0.000000 0.000000 0.000000 1.000000
0.980764 -0.088996 -0.173732 0.631877 0.095820 0.994907 0.031281 109.930664 0.170063 -0.047326 0.984296 201.631058 0.000000 0.000000 0.000000 1.000000
0.978174 -0.092558 -0.186032 0.862982 0.098451 0.994883 0.022675 109.435539 0.182981 -0.040495 0.982282 206.201157 0.000000 0.000000 0.000000 1.000000
0.975720 -0.094864 -0.197413 1.021631 0.099676 0.994913 0.014559 108.738663 0.195028 -0.033883 0.980212 211.205978 0.000000 0.000000 0.000000 1.000000
0.973529 -0.101688 -0.204698 1.168514 0.106061 0.994304 0.010478 107.808647 0.202467 -0.031912 0.978769 216.317719 0.000000 0.000000 0.000000 1.000000
0.970089 -0.123369 -0.209064 1.317935 0.127963 0.991742 0.008540 106.648262 0.206284 -0.035037 0.977865 221.011047 0.000000 0.000000 0.000000 1.000000
0.964111 -0.160649 -0.211380 1.443835 0.165441 0.986207 0.005065 105.334816 0.207651 -0.039854 0.977391 224.927124 0.000000 0.000000 0.000000 1.000000
0.958166 -0.195940 -0.208629 1.594839 0.201083 0.979568 0.003518 104.373947 0.203677 -0.045323 0.977989 228.186829 0.000000 0.000000 0.000000 1.000000
0.956665 -0.212185 -0.199424 1.754891 0.218638 0.975748 0.010652 103.992043 0.192327 -0.053792 0.979855 231.071350 0.000000 0.000000 0.000000 1.000000
0.960524 -0.210736 -0.181616 1.723222 0.218638 0.975501 0.024412 103.807823 0.172022 -0.063156 0.983067 233.772766 0.000000 0.000000 0.000000 1.000000
0.968906 -0.199078 -0.146930 1.326784 0.206491 0.977752 0.036901 103.660812 0.136315 -0.066093 0.988458 236.622864 0.000000 0.000000 0.000000 1.000000
0.979366 -0.180542 -0.090815 0.630306 0.185091 0.981718 0.044385 103.666801 0.081141 -0.060278 0.994878 239.850647 0.000000 0.000000 0.000000 1.000000
0.988342 -0.150752 -0.021314 -0.117751 0.151597 0.987371 0.046010 104.202011 0.014109 -0.048705 0.998714 243.359818 0.000000 0.000000 0.000000 1.000000
0.992974 -0.109236 0.045490 -0.755655 0.107513 0.993449 0.038736 105.381256 -0.049424 -0.033573 0.998213 246.833603 0.000000 0.000000 0.000000 1.000000
0.993404 -0.062919 0.095864 -1.324607 0.061025 0.997881 0.022559 106.919746 -0.097080 -0.016560 0.995139 250.138092 0.000000 0.000000 0.000000 1.000000
0.992067 -0.019469 0.124193 -1.868880 0.018978 0.999807 0.005137 108.416672 -0.124269 -0.002740 0.992245 253.418411 0.000000 0.000000 0.000000 1.000000
0.991024 0.016453 0.132670 -2.336480 -0.015988 0.999862 -0.004573 109.580750 -0.132727 0.002411 0.991150 256.914490 0.000000 0.000000 0.000000 1.000000
0.990826 0.043346 0.128006 -2.690727 -0.043070 0.999060 -0.004921 110.396660 -0.128099 -0.000637 0.991761 260.766388 0.000000 0.000000 0.000000 1.000000
0.991090 0.059694 0.119068 -2.981354 -0.060030 0.998196 -0.000765 110.889870 -0.118899 -0.006390 0.992886 265.037567 0.000000 0.000000 0.000000 1.000000
0.991587 0.062927 0.113117 -3.233421 -0.063830 0.997951 0.004370 110.937416 -0.112610 -0.011554 0.993572 269.834381 0.000000 0.000000 0.000000 1.000000
0.992279 0.055398 0.110963 -3.419209 -0.057034 0.998305 0.011620 110.463577 -0.110131 -0.017859 0.993757 275.208405 0.000000 0.000000 0.000000 1.000000
0.993194 0.046708 0.106697 -3.537934 -0.049433 0.998512 0.023036 109.367676 -0.105462 -0.028154 0.994025 281.052307 0.000000 0.000000 0.000000 1.000000
0.993845 0.054961 0.096187 -3.698057 -0.058868 0.997532 0.038263 108.064774 -0.093847 -0.043690 0.994628 286.758087 0.000000 0.000000 0.000000 1.000000
0.992227 0.091989 0.083805 -3.919103 -0.096739 0.993817 0.054499 106.784904 -0.078274 -0.062183 0.994991 291.736908 0.000000 0.000000 0.000000 1.000000
0.986737 0.141859 0.078899 -4.174294 -0.147227 0.986834 0.066955 105.560104 -0.068362 -0.077684 0.994632 295.829163 0.000000 0.000000 0.000000 1.000000
0.981091 0.174541 0.083645 -4.396651 -0.180579 0.980992 0.071034 104.563530 -0.069657 -0.084795 0.993961 299.400574 0.000000 0.000000 0.000000 1.000000
0.979762 0.178988 0.089604 -4.559986 -0.185125 0.980524 0.065580 103.948853 -0.076121 -0.080841 0.993816 302.738708 0.000000 0.000000 0.000000 1.000000
0.982303 0.168596 0.081584 -4.604099 -0.173353 0.983312 0.055193 103.550766 -0.070917 -0.068359 0.995137 305.930328 0.000000 0.000000 0.000000 1.000000
0.986419 0.156729 0.049122 -4.463767 -0.159073 0.986094 0.048104 103.339851 -0.040900 -0.055265 0.997634 309.216980 0.000000 0.000000 0.000000 1.000000
0.989788 0.142526 -0.002399 -4.204643 -0.142251 0.988683 0.047659 103.621979 0.009164 -0.046831 0.998861 312.750061 0.000000 0.000000 0.000000 1.000000
0.991545 0.115884 -0.058383 -3.940209 -0.113155 0.992413 0.048080 104.432739 0.063512 -0.041067 0.997136 316.307251 0.000000 0.000000 0.000000 1.000000
0.991120 0.078911 -0.107021 -3.721713 -0.074755 0.996304 0.042314 105.654655 0.109964 -0.033938 0.993356 319.731628 0.000000 0.000000 0.000000 1.000000
0.988983 0.037892 -0.143097 -3.503281 -0.033903 0.998968 0.030215 107.125244 0.144095 -0.025030 0.989247 323.003601 0.000000 0.000000 0.000000 1.000000
0.986510 -0.000867 -0.163697 -3.289221 0.003843 0.999833 0.017863 108.625641 0.163654 -0.018251 0.986349 326.169128 0.000000 0.000000 0.000000 1.000000
0.984823 -0.033865 -0.170223 -3.122420 0.036392 0.999269 0.011746 109.881371 0.169701 -0.017763 0.985336 329.428802 0.000000 0.000000 0.000000 1.000000
0.983786 -0.058698 -0.169469 -3.019969 0.061792 0.998004 0.013038 110.718544 0.168365 -0.023298 0.985449 333.049377 0.000000 0.000000 0.000000 1.000000
0.982648 -0.073023 -0.170503 -3.035805 0.077032 0.996884 0.017005 110.942703 0.168730 -0.029844 0.985210 337.279449 0.000000 0.000000 0.000000 1.000000
0.981144 -0.077203 -0.177190 -3.206974 0.081892 0.996455 0.019291 110.526039 0.175073 -0.033437 0.983988 342.130219 0.000000 0.000000 0.000000 1.000000
0.979139 -0.080984 -0.186353 -3.446480 0.086522 0.996012 0.021764 109.593094 0.183847 -0.037434 0.982242 347.226288 0.000000 0.000000 0.000000 1.000000
0.977284 -0.092263 -0.190797 -3.635584 0.099554 0.994610 0.028967 108.143433 0.187097 -0.047303 0.981202 352.114502 0.000000 0.000000 0.000000 1.000000
0.974710 -0.119561 -0.188803 -3.735200 0.128910 0.990928 0.037999 106.260185 0.182547 -0.061377 0.981279 356.396240 0.000000 0.000000 0.000000 1.000000
0.970819 -0.152890 -0.184758 -3.775517 0.162836 0.985849 0.039821 104.533737 0.176055 -0.068744 0.981977 360.146210 0.000000 0.000000 0.000000 1.000000
0.967162 -0.176861 -0.182533 -3.789701 0.185488 0.982152 0.031186 103.519745 0.173759 -0.064020 0.982705 363.562073 0.000000 0.000000 0.000000 1.000000
0.965152 -0.190774 -0.179127 -3.856442 0.197259 0.980168 0.018947 102.936371 0.171960 -0.053621 0.983644 366.553101 0.000000 0.000000 0.000000 1.000000
0.967624 -0.193090 -0.162542 -4.138911 0.197666 0.980192 0.012310 102.702927 0.156946 -0.044041 0.986625 369.326630 0.000000 0.000000 0.000000 1.000000
0.974858 -0.183248 -0.126775 -4.714443 0.186350 0.982398 0.012952 102.776459 0.122170 -0.036251 0.991847 372.212555 0.000000 0.000000 0.000000 1.000000
0.983776 -0.162497 -0.076026 -5.483515 0.164104 0.986324 0.015353 103.214752 0.072492 -0.027580 0.996988 375.359039 0.000000 0.000000 0.000000 1.000000
0.991066 -0.132187 -0.017727 -6.247299 0.132447 0.991086 0.014390 104.217926 0.015667 -0.016610 0.999739 378.601746 0.000000 0.000000 0.000000 1.000000
0.994808 -0.093864 0.039333 -6.885315 0.093535 0.995564 0.010123 105.739136 -0.040109 -0.006392 0.999175 381.676422 0.000000 0.000000 0.000000 1.000000
0.995131 -0.050410 0.084698 -7.440750 0.050242 0.998729 0.004126 107.459946 -0.084798 0.000149 0.996398 384.553070 0.000000 0.000000 0.000000 1.000000
0.993796 -0.006497 0.111030 -7.987913 0.006946 0.999969 -0.003656 109.072701 -0.111003 0.004404 0.993810 387.414520 0.000000 0.000000 0.000000 1.000000
0.992424 0.031528 0.118750 -8.491113 -0.030406 0.999474 -0.011248 110.340439 -0.119042 0.007552 0.992860 390.483551 0.000000 0.000000 0.000000 1.000000
0.991645 0.058460 0.114994 -8.871433 -0.057213 0.998262 -0.014118 111.103012 -0.115619 0.007421 0.993266 393.978943 0.000000 0.000000 0.000000 1.000000
0.991467 0.072554 0.108302 -9.114711 -0.071778 0.997359 -0.011047 111.253662 -0.108817 0.003179 0.994057 398.083740 0.000000 0.000000 0.000000 1.000000
0.991672 0.077122 0.103150 -9.287128 -0.077056 0.997016 -0.004623 110.839912 -0.103198 -0.003364 0.994655 402.816650 0.000000 0.000000 0.000000 1.000000
0.992516 0.074693 0.096603 -9.464402 -0.075502 0.997134 0.004747 109.870033 -0.095972 -0.012005 0.995312 408.150299 0.000000 0.000000 0.000000 1.000000
0.993420 0.079824 0.082122 -9.696140 -0.081682 0.996467 0.019516 108.802658 -0.080274 -0.026095 0.996431 413.644928 0.000000 0.000000 0.000000 1.000000
0.992817 0.103357 0.060257 -9.931196 -0.105731 0.993683 0.037616 107.648094 -0.055988 -0.043717 0.997474 418.759705 0.000000 0.000000 0.000000 1.000000
0.988133 0.148267 0.040117 -10.162435 -0.150231 0.987315 0.051381 106.358978 -0.031990 -0.056798 0.997873 422.999176 0.000000 0.000000 0.000000 1.000000
0.980497 0.194319 0.029430 -10.310387 -0.195717 0.979056 0.056068 104.940941 -0.017918 -0.060735 0.997993 426.423279 0.000000 0.000000 0.000000 1.000000
0.975197 0.219661 0.027204 -10.342230 -0.220859 0.973792 0.054321 103.901810 -0.014559 -0.058982 0.998153 429.495789 0.000000 0.000000 0.000000 1.000000
0.974340 0.223752 0.024418 -10.244619 -0.224727 0.973145 0.049870 103.397278 -0.012603 -0.054078 0.998457 432.470490 0.000000 0.000000 0.000000 1.000000
0.975662 0.219126 0.008223 -9.981621 -0.219273 0.974630 0.044908 103.167572 0.001826 -0.045618 0.998957 435.473694 0.000000 0.000000 0.000000 1.000000
0.977680 0.208276 -0.027610 -9.544982 -0.207050 0.977444 0.041642 103.322495 0.035660 -0.034996 0.998751 438.659668 0.000000 0.000000 0.000000 1.000000
0.979931 0.184701 -0.074968 -8.975159 -0.182165 0.982478 0.039414 104.228653 0.080934 -0.024966 0.996407 441.936523 0.000000 0.000000 0.000000 1.000000
0.982017 0.147147 -0.118277 -8.316660 -0.143955 0.988960 0.035145 105.687599 0.122143 -0.017487 0.992358 445.034454 0.000000 0.000000 0.000000 1.000000
0.983899 0.101830 -0.146878 -7.606930 -0.098483 0.994689 0.029899 107.287170 0.149142 -0.014953 0.988703 447.909912 0.000000 0.000000 0.000000 1.000000
0.985455 0.055916 -0.160472 -6.892841 -0.051951 0.998234 0.028806 108.829247 0.161799 -0.020051 0.986620 450.708710 0.000000 0.000000 0.000000 1.000000
0.985865 0.014276 -0.166934 -6.266325 -0.008813 0.999403 0.033415 109.969536 0.167311 -0.031472 0.985402 453.668945 0.000000 0.000000 0.000000 1.000000
0.984592 -0.014902 -0.174229 -5.763124 0.021900 0.999026 0.038308 110.574982 0.173488 -0.041533 0.983960 457.090668 0.000000 0.000000 0.000000 1.000000
0.982707 -0.030365 -0.182662 -5.329641 0.037469 0.998665 0.035562 110.565285 0.181338 -0.041791 0.982532 461.126099 0.000000 0.000000 0.000000 1.000000
0.982612 -0.037462 -0.181850 -4.895020 0.042333 0.998839 0.022980 109.967934 0.180778 -0.030279 0.983058 465.764618 0.000000 0.000000 0.000000 1.000000
0.985750 -0.049293 -0.160834 -4.422408 0.051316 0.998647 0.008446 109.145096 0.160200 -0.016579 0.986945 470.701416 0.000000 0.000000 0.000000 1.000000
0.989747 -0.072027 -0.123341 -3.905393 0.073141 0.997311 0.004522 108.337616 0.122683 -0.013497 0.992354 475.733856 0.000000 0.000000 0.000000 1.000000
0.990842 -0.104455 -0.085560 -3.330238 0.106118 0.994239 0.015117 107.663742 0.083488 -0.024058 0.996218 480.633392 0.000000 0.000000 0.000000 1.000000
0.987955 -0.143063 -0.058966 -2.714676 0.145086 0.988915 0.031564 107.050797 0.053797 -0.039739 0.997761 484.967194 0.000000 0.000000 0.000000 1.000000
0.982851 -0.179834 -0.040784 -2.120781 0.181660 0.982255 0.046627 106.391808 0.031676 -0.053236 0.998079 488.548889 0.000000 0.000000 0.000000 1.000000
0.978745 -0.203786 -0.023007 -1.592170 0.204849 0.976798 0.062463 105.983055 0.009744 -0.065849 0.997782 491.698914 0.000000 0.000000 0.000000 1.000000
0.976504 -0.215475 -0.003291 -1.231965 0.215057 0.973406 0.078936 105.814209 -0.013806 -0.077789 0.996874 494.596191 0.000000 0.000000 0.000000 1.000000
0.974616 -0.222976 0.020133 -1.202128 0.220361 0.971284 0.089713 105.615372 -0.039558 -0.082999 0.995764 497.224091 0.000000 0.000000 0.000000 1.000000
0.972951 -0.225451 0.050374 -1.524255 0.220099 0.970913 0.094256 105.594261 -0.070159 -0.080619 0.994273 499.724243 0.000000 0.000000 0.000000 1.000000
0.971938 -0.219679 0.084123 -2.071260 0.211419 0.972564 0.097066 105.867805 -0.103139 -0.076557 0.991716 502.118073 0.000000 0.000000 0.000000 1.000000
0.971796 -0.204364 0.117674 -2.774591 0.193605 0.976304 0.096682 106.356979 -0.134644 -0.071173 0.988335 504.395721 0.000000 0.000000 0.000000 1.000000
0.971964 -0.177676 0.154002 -3.683074 0.165678 0.982279 0.087625 107.099014 -0.166842 -0.059654 0.984177 506.559814 0.000000 0.000000 0.000000 1.000000
0.970147 -0.139374 0.198469 -4.825519 0.127765 0.989316 0.070207 108.072662 -0.206133 -0.042754 0.977589 508.623901 0.000000 0.000000 0.000000 1.000000
0.962914 -0.095647 0.252285 -6.078845 0.085596 0.995047 0.050546 109.010078 -0.255870 -0.027076 0.966332 510.805115 0.000000 0.000000 0.000000 1.000000
0.948981 -0.057065 0.310126 -7.201056 0.048808 0.998218 0.034326 109.784180 -0.311532 -0.017438 0.950076 513.351501 0.000000 0.000000 0.000000 1.000000
0.929691 -0.034626 0.366709 -8.049789 0.028081 0.999337 0.023167 110.294525 -0.367268 -0.011241 0.930047 516.394470 0.000000 0.000000 0.000000 1.000000
0.905376 -0.026712 0.423769 -8.715367 0.023262 0.999641 0.013312 110.422592 -0.423972 -0.002195 0.905673 519.933655 0.000000 0.000000 0.000000 1.000000
0.875591 -0.021415 0.482578 -9.341185 0.023449 0.999723 0.001818 110.137665 -0.482483 0.009725 0.875851 523.819092 0.000000 0.000000 0.000000 1.000000
0.845231 -0.015719 0.534169 -9.880688 0.022249 0.999736 -0.005786 109.569160 -0.533937 0.016775 0.845358 527.756470 0.000000 0.000000 0.000000 1.000000
0.824328 -0.019013 0.565793 -10.137680 0.022900 0.999738 0.000230 109.093079 -0.565649 0.012767 0.824547 531.406738 0.000000 0.000000 0.000000 1.000000
0.816684 -0.036970 0.575899 -10.057773 0.029622 0.999316 0.022144 108.999565 -0.576324 -0.001025 0.817221 534.629211 0.000000 0.000000 0.000000 1.000000
0.814738 -0.062113 0.576492 -9.810273 0.039318 0.997876 0.051947 109.315193 -0.578494 -0.019656 0.815450 537.512268 0.000000 0.000000 0.000000 1.000000
0.808926 -0.087589 0.581350 -9.577339 0.050353 0.995528 0.079927 109.828171 -0.585751 -0.035382 0.809719 540.159485 0.000000 0.000000 0.000000 1.000000
0.794680 -0.114326 0.596165 -9.385789 0.066852 0.992613 0.101240 110.340233 -0.603336 -0.040599 0.796453 542.542969 0.000000 0.000000 0.000000 1.000000
0.771536 -0.140761 0.620419 -9.199834 0.087659 0.989435 0.115474 110.764641 -0.630118 -0.034707 0.775723 544.601868 0.000000 0.000000 0.000000 1.000000
0.741580 -0.159023 0.651744 -9.046103 0.103497 0.986988 0.123058 111.062515 -0.662832 -0.023804 0.748389 546.354797 0.000000 0.000000 0.000000 1.000000
0.708652 -0.165662 0.685834 -8.966307 0.109708 0.986094 0.124830 111.223282 -0.696977 -0.013220 0.716972 547.897156 0.000000 0.000000 0.000000 1.000000
0.676415 -0.166256 0.717511 -8.916553 0.110589 0.986072 0.124230 111.248596 -0.728171 -0.004682 0.685380 549.319763 0.000000 0.000000 0.000000 1.000000
0.645900 -0.167510 0.744818 -8.819920 0.110887 0.985869 0.125562 111.152039 -0.755326 0.001490 0.655348 550.658325 0.000000 0.000000 0.000000 1.000000
0.615314 -0.170144 0.769701 -8.657675 0.110650 0.985403 0.129370 110.966179 -0.780478 0.005564 0.625159 551.910706 0.000000 0.000000 0.000000 1.000000
0.583572 -0.171165 0.793818 -8.469085 0.108678 0.985202 0.132538 110.728157 -0.804757 0.008925 0.593538 553.062439 0.000000 0.000000 0.000000 1.000000
0.553472 -0.168455 0.815654 -8.300864 0.105333 0.985626 0.132085 110.472603 -0.826180 0.012810 0.563260 554.086426 0.000000 0.000000 0.000000 1.000000
0.530214 -0.160492 0.832536 -8.178401 0.100665 0.986892 0.126137 110.234406 -0.841867 0.016928 0.539419 554.969421 0.000000 0.000000 0.000000 1.000000
0.516163 -0.146734 0.843827 -8.119823 0.094211 0.988964 0.114343 110.041016 -0.851293 0.020478 0.524291 555.708191 0.000000 0.000000 0.000000 1.000000
0.508341 -0.131224 0.851099 -8.121943 0.088057 0.991062 0.100210 109.908539 -0.856642 0.024005 0.515352 556.313477 0.000000 0.000000 0.000000 1.000000
0.502367 -0.120518 0.856214 -8.159719 0.085961 0.992294 0.089236 109.809799 -0.860371 0.028772 0.508856 556.802307 0.000000 0.000000 0.000000 1.000000
0.496791 -0.115823 0.860107 -8.204160 0.088335 0.992656 0.082650 109.726418 -0.863363 0.034918 0.503374 557.200195 0.000000 0.000000 0.000000 1.000000
0.491870 -0.112055 0.863428 -8.258096 0.091765 0.992832 0.076573 109.657181 -0.865819 0.041568 0.498627 557.526489 0.000000 0.000000 0.000000 1.000000
0.486780 -0.105171 0.867170 -8.345964 0.093098 0.993318 0.068211 109.610809 -0.868549 0.047528 0.493318 557.804871 0.000000 0.000000 0.000000 1.000000
0.480609 -0.096540 0.871605 -8.463889 0.091915 0.993993 0.059413 109.587296 -0.872105 0.051559 0.486595 558.067444 0.000000 0.000000 0.000000 1.000000
0.474317 -0.089629 0.875780 -8.572964 0.089636 0.994551 0.053238 109.575478 -0.875779 0.053250 0.479766 558.334839 0.000000 0.000000 0.000000 1.000000
0.469865 -0.085634 0.878575 -8.638689 0.087628 0.994892 0.050108 109.564507 -0.878378 0.053444 0.474969 558.598755 0.000000 0.000000 0.000000 1.000000
0.468286 -0.083713 0.879602 -8.655550 0.086303 0.995075 0.048756 109.546249 -0.879352 0.053081 0.473204 558.838989 0.000000 0.000000 0.000000 1.000000
0.469004 -0.082910 0.879296 -8.638223 0.085144 0.995191 0.048423 109.524986 -0.879082 0.052156 0.473808 559.048462 0.000000 0.000000 0.000000 1.000000
0.470843 -0.082288 0.878371 -8.613034 0.083294 0.995339 0.048597 109.508163 -0.878276 0.050281 0.475503 559.230652 0.000000 0.000000 0.000000 1.000000
0.473349 -0.080421 0.877196 -8.615483 0.079946 0.995636 0.048139 109.509872 -0.877240 0.047342 0.477713 559.376953 0.000000 0.000000 0.000000 1.000000
0.476226 -0.076026 0.876030 -8.693294 0.075422 0.996116 0.045447 109.547539 -0.876083 0.044429 0.480110 559.431396 0.000000 0.000000 0.000000 1.000000
0.477961 -0.069004 0.875667 -8.891836 0.072244 0.996620 0.039103 109.641655 -0.875405 0.044572 0.481330 559.304321 0.000000 0.000000 0.000000 1.000000
0.476482 -0.060812 0.877079 -9.227352 0.073704 0.996856 0.029076 109.811539 -0.876090 0.050790 0.479466 558.924866 0.000000 0.000000 0.000000 1.000000
0.470088 -0.053426 0.881001 -9.698145 0.080594 0.996595 0.017432 110.063385 -0.878932 0.062809 0.472793 558.298340 0.000000 0.000000 0.000000 1.000000
0.456150 -0.045103 0.888759 -10.361566 0.089984 0.995934 0.004358 110.381432 -0.885342 0.077986 0.458353 557.508240 0.000000 0.000000 0.000000 1.000000
0.430409 -0.026725 0.902238 -11.356561 0.098033 0.995033 -0.017293 110.721336 -0.897295 0.095892 0.430891 556.655457 0.000000 0.000000 0.000000 1.000000
0.390591 0.010845 0.920501 -12.768077 0.104393 0.992959 -0.055995 111.017975 -0.914626 0.117965 0.386708 555.803955 0.000000 0.000000 0.000000 1.000000
0.341000 0.063752 0.937899 -14.445788 0.113097 0.987669 -0.108255 111.260765 -0.933235 0.142989 0.329585 555.006653 0.000000 0.000000 0.000000 1.000000
0.290395 0.118034 0.949599 -16.106628 0.125826 0.979037 -0.160172 111.434196 -0.948598 0.165998 0.269455 554.311096 0.000000 0.000000 0.000000 1.000000
0.243709 0.163782 0.955919 -17.564165 0.141153 0.969153 -0.202036 111.556488 -0.959522 0.184169 0.213073 553.746277 0.000000 0.000000 0.000000 1.000000
0.198606 0.201277 0.959189 -18.792662 0.156816 0.959550 -0.233823 111.621666 -0.967452 0.196855 0.159009 553.331421 0.000000 0.000000 0.000000 1.000000
0.150854 0.234564 0.960324 -19.819736 0.169952 0.950824 -0.258941 111.583862 -0.973837 0.202271 0.103571 553.101746 0.000000 0.000000 0.000000 1.000000
0.098788 0.264020 0.959445 -20.616613 0.179068 0.943706 -0.278127 111.461235 -0.978864 0.199281 0.045950 553.083801 0.000000 0.000000 0.000000 1.000000
0.042287 0.286964 0.957008 -21.111765 0.183224 0.939392 -0.289778 111.276718 -0.982161 0.187601 -0.012855 553.229187 0.000000 0.000000 0.000000 1.000000
-0.020351 0.302199 0.953028 -21.264656 0.180769 0.938627 -0.293772 111.041466 -0.983315 0.166299 -0.073730 553.426880 0.000000 0.000000 0.000000 1.000000
-0.092241 0.310803 0.945988 -21.115683 0.171084 0.940857 -0.292435 110.821548 -0.980929 0.134869 -0.139959 553.629028 0.000000 0.000000 0.000000 1.000000
-0.173131 0.312551 0.933990 -20.696625 0.156183 0.945024 -0.287292 110.707993 -0.972436 0.096134 -0.212428 553.790588 0.000000 0.000000 0.000000 1.000000
-0.257997 0.305265 0.916652 -19.943525 0.138978 0.950631 -0.277465 110.734444 -0.956098 0.055809 -0.287685 553.763367 0.000000 0.000000 0.000000 1.000000
-0.342082 0.289419 0.893989 -18.786905 0.121214 0.957029 -0.263445 110.849457 -0.931819 0.018244 -0.362464 553.403076 0.000000 0.000000 0.000000 1.000000
-0.423444 0.268959 0.865076 -17.304588 0.103768 0.963027 -0.248619 110.975266 -0.899960 -0.015509 -0.435697 552.638123 0.000000 0.000000 0.000000 1.000000
-0.500615 0.245389 0.830162 -15.661408 0.086072 0.968340 -0.234329 111.051620 -0.861380 -0.045855 -0.505887 551.456055 0.000000 0.000000 0.000000 1.000000
-0.571402 0.217606 0.791294 -13.999051 0.067810 0.973427 -0.218726 111.059631 -0.817864 -0.071323 -0.570975 549.834656 0.000000 0.000000 0.000000 1.000000
-0.633988 0.187664 0.750228 -12.406839 0.051515 0.978204 -0.201157 111.036255 -0.771625 -0.088883 -0.629837 547.786194 0.000000 0.000000 0.000000 1.000000
-0.688780 0.160050 0.707083 -10.947303 0.040892 0.982350 -0.182525 111.000084 -0.723816 -0.096806 -0.683168 545.362488 0.000000 0.000000 0.000000 1.000000
-0.738534 0.136776 0.660197 -9.676825 0.037014 0.985955 -0.162859 110.955635 -0.673200 -0.095840 -0.733224 542.648987 0.000000 0.000000 0.000000 1.000000
-0.785592 0.115599 0.607850 -8.644451 0.036144 0.989289 -0.141426 110.903793 -0.617688 -0.089133 -0.781356 539.732483 0.000000 0.000000 0.000000 1.000000
-0.829400 0.094349 0.550630 -7.911170 0.034407 0.992391 -0.118217 110.795364 -0.557594 -0.079104 -0.826336 536.713501 0.000000 0.000000 0.000000 1.000000
-0.867598 0.074847 0.491601 -7.524345 0.032609 0.995043 -0.093948 110.578522 -0.496196 -0.065479 -0.865738 533.725159 0.000000 0.000000 0.000000 1.000000
-0.898681 0.060966 0.434345 -7.463277 0.033959 0.996991 -0.069678 110.236633 -0.437286 -0.047868 -0.898048 530.913269 0.000000 0.000000 0.000000 1.000000
-0.922422 0.054267 0.382353 -7.656961 0.038755 0.998087 -0.048161 109.824364 -0.384235 -0.029607 -0.922760 528.401672 0.000000 0.000000 0.000000 1.000000
-0.938652 0.054735 0.340493 -8.043091 0.046100 0.998378 -0.033407 109.362068 -0.341770 -0.015661 -0.939653 526.304993 0.000000 0.000000 0.000000 1.000000
-0.947770 0.062033 0.312865 -8.542074 0.056578 0.998047 -0.026496 108.772865 -0.313898 -0.007411 -0.949428 524.695618 0.000000 0.000000 0.000000 1.000000
