<?xml version="1.0" encoding="utf-8"?>
<COLLADA xmlns="http://www.collada.org/2005/11/COLLADASchema" version="1.4.1">
  <asset>
    <contributor>
      <author>Mixamo</author>
      <authoring_tool>COLLADA Mixamo exporter</authoring_tool>
      <comments/>
    </contributor>
    <created>2026-01-22T07:58:13Z</created>
    <modified>2026-01-22T07:58:13Z</modified>
    <revision/>
    <title/>
    <unit meter="0.010000"/>
    <up_axis>Y_UP</up_axis>
  </asset>
  <library_animations>
    <animation id="mixamorig_Hips-anim" name="mixamorig_Hips">
      <source id="mixamorig_Hips-Matrix-animation-input">
        <float_array id="mixamorig_Hips-Matrix-animation-input-array" count="42">

0.000000 0.033333 0.066667 0.100000 0.133333 0.166667 0.200000 0.233333 0.266667 0.300000 0.333333 0.366667 0.400000 0.433333 0.466667 0.500000
0.533333 0.566667 0.600000 0.633333 0.666667 0.700000 0.733333 0.766667 0.800000 0.833333 0.866667 0.900000 0.933333 0.966667 1.000000 1.033333
1.066667 1.100000 1.133333 1.166667 1.200000 1.233333 1.266667 1.300000 1.333333 1.366667</float_array>
        <technique_common>
          <accessor source="#mixamorig_Hips-Matrix-animation-input-array" count="42">
            <param name="TIME" type="float"/>
          </accessor>
        </technique_common>
      </source>
      <source id="mixamorig_Hips-Matrix-animation-output-transform">
        <float_array id="mixamorig_Hips-Matrix-animation-output-transform-array" count="672">

0.978421 0.120958 0.167514 -0.827516 -0.119191 0.992658 -0.020601 113.326576 -0.168776 0.000190 0.985654 0.930290 0.000000 0.000000 0.000000 1.000000
0.986102 0.093142 0.137577 -0.711863 -0.091529 0.995639 -0.018014 113.825005 -0.138655 0.005171 0.990327 0.209271 0.000000 0.000000 0.000000 1.000000
0.993219 0.058540 0.100445 -0.471057 -0.057645 0.998267 -0.011792 114.228630 -0.100962 0.005922 0.994873 -0.702529 0.000000 0.000000 0.000000 1.000000
0.997922 0.026815 0.058594 -0.162962 -0.026508 0.999630 -0.006020 114.517464 -0.058733 0.004454 0.998264 -1.274091 0.000000 0.000000 0.000000 1.000000
0.999873 0.003333 0.015589 0.008168 -0.003274 0.999987 -0.003819 114.460205 -0.015601 0.003767 0.999871 -1.619183 0.000000 0.000000 0.000000 1.000000
0.999547 -0.013797 -0.026732 0.266909 0.013648 0.999890 -0.005749 114.297173 0.026808 0.005381 0.999626 -1.660057 0.000000 0.000000 0.000000 1.000000
0.997521 -0.027449 -0.064802 0.507833 0.026754 0.999575 -0.011558 113.532883 0.065092 0.009796 0.997831 -1.588516 0.000000 0.000000 0.000000 1.000000
0.994649 -0.042166 -0.094312 0.719690 0.040475 0.998985 -0.019776 112.674683 0.095050 0.015853 0.995346 -1.367522 0.000000 0.000000 0.000000 1.000000
0.992107 -0.057628 -0.111368 0.879374 0.054883 0.998112 -0.027560 112.075096 0.112746 0.021231 0.993397 -1.052119 0.000000 0.000000 0.000000 1.000000
0.990443 -0.075597 -0.115355 1.018389 0.072445 0.996882 -0.031279 111.594513 0.117360 0.022623 0.992832 -0.924565 0.000000 0.000000 0.000000 1.000000
0.989113 -0.098964 -0.108912 1.020152 0.096474 0.994944 -0.027914 111.154099 0.111124 0.017102 0.993659 -0.479593 0.000000 0.000000 0.000000 1.000000
0.987123 -0.126353 -0.098095 0.816592 0.125304 0.991976 -0.016812 111.143700 0.099432 0.004304 0.995035 0.239242 0.000000 0.000000 0.000000 1.000000
0.983656 -0.156359 -0.089292 0.638633 0.156944 0.987607 -0.000471 110.995720 0.088259 -0.013551 0.996005 0.687789 0.000000 0.000000 0.000000 1.000000
0.978036 -0.188998 -0.087896 0.567380 0.191079 0.981447 0.015813 110.649239 0.083277 -0.032261 0.996004 0.670226 0.000000 0.000000 0.000000 1.000000
0.971604 -0.217561 -0.093023 0.500877 0.220935 0.974900 0.027528 110.412689 0.084699 -0.047298 0.995283 0.519360 0.000000 0.000000 0.000000 1.000000
0.966619 -0.236133 -0.099440 0.547173 0.240367 0.970127 0.032827 110.616119 0.088718 -0.055633 0.994502 0.256395 0.000000 0.000000 0.000000 1.000000
0.964750 -0.242748 -0.101641 0.598442 0.247111 0.968439 0.032603 111.345192 0.090519 -0.056570 0.994287 0.173601 0.000000 0.000000 0.000000 1.000000
0.966314 -0.238843 -0.095874 0.657118 0.242580 0.969690 0.029258 112.180832 0.085980 -0.051529 0.994963 -0.061425 0.000000 0.000000 0.000000 1.000000
0.971303 -0.224232 -0.079308 0.712322 0.226833 0.973603 0.025358 113.127533 0.071529 -0.042620 0.996528 -0.515384 0.000000 0.000000 0.000000 1.000000
0.979273 -0.195985 -0.051136 0.724292 0.197309 0.980090 0.022208 113.904716 0.045765 -0.031837 0.998445 -0.749227 0.000000 0.000000 0.000000 1.000000
0.985342 -0.170032 -0.013797 0.792505 0.170279 0.985205 0.019382 114.475609 0.010298 -0.021447 0.999717 -1.339020 0.000000 0.000000 0.000000 1.000000
0.989047 -0.144416 0.030509 0.805316 0.143961 0.989443 0.016652 114.961121 -0.032592 -0.012078 0.999396 -2.062895 0.000000 0.000000 0.000000 1.000000
0.989360 -0.122455 0.078557 0.694015 0.121731 0.992465 0.013957 115.472046 -0.079674 -0.004245 0.996812 -2.695342 0.000000 0.000000 0.000000 1.000000
0.986317 -0.103787 0.128087 0.525723 0.103146 0.994598 0.011651 115.591034 -0.128604 0.001720 0.991695 -3.157474 0.000000 0.000000 0.000000 1.000000
0.980167 -0.089849 0.176634 0.266417 0.089515 0.995937 0.009875 115.410347 -0.176803 0.006132 0.984227 -3.441490 0.000000 0.000000 0.000000 1.000000
0.971854 -0.077223 0.222567 -0.015849 0.077345 0.996971 0.008183 115.122841 -0.222524 0.009261 0.974883 -3.625576 0.000000 0.000000 0.000000 1.000000
0.962444 -0.065435 0.263475 -0.298517 0.066300 0.997784 0.005614 114.506317 -0.263259 0.012065 0.964650 -3.655224 0.000000 0.000000 0.000000 1.000000
0.953555 -0.054560 0.296237 -0.546424 0.056792 0.998385 0.001072 113.717102 -0.295817 0.015802 0.955114 -3.621794 0.000000 0.000000 0.000000 1.000000
0.947259 -0.043383 0.317518 -0.740148 0.047681 0.998846 -0.005772 112.855881 -0.316901 0.020607 0.948235 -3.447484 0.000000 0.000000 0.000000 1.000000
0.945175 -0.030472 0.325140 -0.863572 0.037038 0.999215 -0.014022 112.283859 -0.324457 0.025295 0.945562 -2.911102 0.000000 0.000000 0.000000 1.000000
0.947482 -0.015793 0.319418 -0.827733 0.023917 0.999482 -0.021526 111.698059 -0.318913 0.028035 0.947369 -1.865195 0.000000 0.000000 0.000000 1.000000
0.952921 0.001735 0.303213 -0.727930 0.006312 0.999653 -0.025557 111.267365 -0.303152 0.026268 0.952580 -0.826924 0.000000 0.000000 0.000000 1.000000
0.959194 0.022770 0.281831 -0.659355 -0.016595 0.999567 -0.024278 110.815514 -0.282262 0.018611 0.959157 0.194441 0.000000 0.000000 0.000000 1.000000
0.964019 0.048241 0.261418 -0.464998 -0.045122 0.998821 -0.017926 110.156067 -0.261974 0.005485 0.965059 0.808560 0.000000 0.000000 0.000000 1.000000
0.966187 0.076435 0.246252 -0.259587 -0.076542 0.997024 -0.009152 109.617432 -0.246219 -0.010006 0.969163 1.382829 0.000000 0.000000 0.000000 1.000000
0.966183 0.102245 0.236721 -0.234681 -0.104809 0.994491 -0.001763 109.331726 -0.235597 -0.023107 0.971576 1.714641 0.000000 0.000000 0.000000 1.000000
0.965388 0.121724 0.230670 -0.438818 -0.125403 0.992105 0.001295 109.707054 -0.228692 -0.030177 0.973031 1.814546 0.000000 0.000000 0.000000 1.000000
0.964489 0.136839 0.225912 -0.569641 -0.140284 0.990111 -0.000816 110.394173 -0.223789 -0.030905 0.974147 1.718128 0.000000 0.000000 0.000000 1.000000
0.964421 0.146828 0.219851 -0.707464 -0.148932 0.988822 -0.007068 111.176033 -0.218431 -0.025926 0.975508 1.546690 0.000000 0.000000 0.000000 1.000000
0.965876 0.150823 0.210562 -0.834014 -0.150980 0.988416 -0.015422 112.024948 -0.210449 -0.016895 0.977459 1.460210 0.000000 0.000000 0.000000 1.000000
0.970610 0.143041 0.193533 -0.886226 -0.141678 0.989691 -0.020939 112.756424 -0.194533 -0.007095 0.980870 1.165438 0.000000 0.000000 0.000000 1.000000
0.978454 0.120671 0.167531 -0.829777 -0.118898 0.992693 -0.020610 113.313339 -0.168793 0.000247 0.985651 0.938850 0.000000 0.000000 0.000000 1.000000</float_array>
        <technique_common>
          <accessor source="#mixamorig_Hips-Matrix-animation-output-transform-array" count="42" stride="16">
            <param type="float4x4"/>
          </accessor>
        </technique_common>
      </source>
      <source id="mixamorig_Hips-Interpolations">
        <Name_array id="mixamorig_Hips-Interpolations-array" count="42">
 LINEAR LINEAR LINEAR LINEAR LINEAR LINEAR LINEAR LINEAR LINEAR LINEAR LINEAR
LINEAR LINEAR LINEAR LINEAR LINEAR LINEAR LINEAR LINEAR LINEAR LINEAR LINEAR LINEAR
LINEAR LINEAR LINEAR LINEAR LINEAR LINEAR LINEAR LINEAR LINEAR LINEAR LINEAR LINEAR
LINEAR LINEAR LINEAR LINEAR LINEAR LINEAR LINEAR</Name_array>
        <technique_common>
          <accessor source="#mixamorig_Hips-Interpolations-array" count="42">
            <param type="name"/>
          </accessor>
        </technique_common>
      </source>
      <sampler id="mixamorig_Hips-Matrix-animation-transform">
        <input semantic="INPUT" source="#mixamorig_Hips-Matrix-animation-input"/>
        <input semantic="OUTPUT" source="#mixamorig_Hips-Matrix-animation-output-transform"/>
        <input semantic="INTERPOLATION" source="#mixamorig_Hips-Interpolations"/>
      </sampler>
      <channel source="#mixamorig_Hips-Matrix-animation-transform" target="mixamorig_Hips/matrix"/>
    </animation>
    <animation id="mixamorig_Spine-anim" name="mixamorig_Spine">
      <source id="mixamorig_Spine-Matrix-animation-input">
        <float_array id="mixamorig_Spine-Matrix-animation-input-array" count="42">

0.000000 0.033333 0.066667 0.100000 0.133333 0.166667 0.200000 0.233333 0.266667 0.300000 0.333333 0.366667 0.400000 0.433333 0.466667 0.500000
0.533333 0.566667 0.600000 0.633333 0.666667 0.700000 0.733333 0.766667 0.800000 0.833333 0.866667 0.900000 0.933333 0.966667 1.000000 1.033333
1.066667 1.100000 1.133333 1.166667 1.200000 1.233333 1.266667 1.300000 1.333333 1.366667</float_array>
        <technique_common>
          <accessor source="#mixamorig_Spine-Matrix-animation-input-array" count="42">
            <param name="TIME" type="float"/>
          </accessor>
        </technique_common>
      </source>
      <source id="mixamorig_Spine-Matrix-animation-output-transform">
        <float_array id="mixamorig_Spine-Matrix-animation-output-transform-array" count="672">

0.999748 -0.022373 0.001852 0.000400 0.022362 0.999732 0.005955 10.664600 -0.001985 -0.005912 0.999981 -0.060300 0.000000 0.000000 0.000000 1.000000
0.999919 -0.007298 0.010396 0.000400 0.007244 0.999960 0.005217 10.664600 -0.010434 -0.005142 0.999932 -0.060300 0.000000 0.000000 0.000000 1.000000
0.999708 0.013538 0.020016 0.000400 -0.013610 0.999901 0.003498 10.664600 -0.019967 -0.003770 0.999794 -0.060300 0.000000 0.000000 0.000000 1.000000
0.998948 0.034471 0.030231 0.000400 -0.034522 0.999403 0.001171 10.664600 -0.030173 -0.002214 0.999542 -0.060300 0.000000 0.000000 0.000000 1.000000
0.998181 0.044693 0.040460 0.000400 -0.044680 0.999001 -0.001228 10.664600 -0.040475 -0.000582 0.999180 -0.060300 0.000000 0.000000 0.000000 1.000000
0.997265 0.054869 0.049524 0.000400 -0.054756 0.998493 -0.003642 10.664600 -0.049650 0.000921 0.998766 -0.060300 0.000000 0.000000 0.000000 1.000000
0.996320 0.064224 0.056762 0.000400 -0.063982 0.997933 -0.006061 10.664600 -0.057034 0.002407 0.998369 -0.060300 0.000000 0.000000 0.000000 1.000000
0.995401 0.073007 0.062027 0.000400 -0.072633 0.997324 -0.008264 10.664600 -0.062464 0.003721 0.998040 -0.060300 0.000000 0.000000 0.000000 1.000000
0.994768 0.078779 0.065041 0.000400 -0.078247 0.996877 -0.010692 10.664600 -0.065681 0.005546 0.997825 -0.060300 0.000000 0.000000 0.000000 1.000000
0.994409 0.082160 0.066340 0.000400 -0.081464 0.996590 -0.013127 10.664600 -0.067192 0.007649 0.997711 -0.060300 0.000000 0.000000 0.000000 1.000000
0.994062 0.086540 0.065967 0.000400 -0.085708 0.996202 -0.015350 10.664600 -0.067045 0.009605 0.997704 -0.060300 0.000000 0.000000 0.000000 1.000000
0.993663 0.092131 0.064393 0.000400 -0.091200 0.995683 -0.017256 10.664600 -0.065705 0.011274 0.997775 -0.060300 0.000000 0.000000 0.000000 1.000000
0.993156 0.099005 0.061960 0.000400 -0.098051 0.995014 -0.018271 10.664600 -0.063460 0.012071 0.997911 -0.060300 0.000000 0.000000 0.000000 1.000000
0.992138 0.109731 0.060178 0.000400 -0.108782 0.993887 -0.018830 10.664600 -0.061876 0.012135 0.998010 -0.060300 0.000000 0.000000 0.000000 1.000000
0.991058 0.120005 0.058339 0.000400 -0.119107 0.992706 -0.018644 10.664600 -0.060150 0.011528 0.998123 -0.060300 0.000000 0.000000 0.000000 1.000000
0.990461 0.126512 0.054615 0.000400 -0.125726 0.991909 -0.017606 10.664600 -0.056400 0.010572 0.998352 -0.060300 0.000000 0.000000 0.000000 1.000000
0.990428 0.129311 0.048274 0.000400 -0.128689 0.991559 -0.015784 10.664600 -0.049907 0.009420 0.998709 -0.060300 0.000000 0.000000 0.000000 1.000000
0.990670 0.130298 0.039952 0.000400 -0.129863 0.991443 -0.013289 10.664600 -0.041341 0.007977 0.999113 -0.060300 0.000000 0.000000 0.000000 1.000000
0.991339 0.127925 0.029712 0.000400 -0.127662 0.991761 -0.010586 10.664600 -0.030821 0.006701 0.999502 -0.060300 0.000000 0.000000 0.000000 1.000000
0.993190 0.115130 0.017850 0.000400 -0.115000 0.993332 -0.008122 10.664600 -0.018667 0.006014 0.999808 -0.060300 0.000000 0.000000 0.000000 1.000000
0.994286 0.106576 0.006065 0.000400 -0.106536 0.994287 -0.006629 10.664600 -0.006736 0.005945 0.999960 -0.060300 0.000000 0.000000 0.000000 1.000000
0.995362 0.096032 -0.005644 0.000400 -0.096067 0.995355 -0.006250 10.664600 0.005017 0.006763 0.999965 -0.060300 0.000000 0.000000 0.000000 1.000000
0.996212 0.085297 -0.016920 0.000400 -0.085423 0.996321 -0.006868 10.664600 0.016272 0.008287 0.999833 -0.060300 0.000000 0.000000 0.000000 1.000000
0.996877 0.073805 -0.028100 0.000400 -0.074059 0.997221 -0.008104 10.664600 0.027424 0.010160 0.999572 -0.060300 0.000000 0.000000 0.000000 1.000000
0.997195 0.064169 -0.038522 0.000400 -0.064566 0.997872 -0.009142 10.664600 0.037853 0.011603 0.999216 -0.060300 0.000000 0.000000 0.000000 1.000000
0.997416 0.053447 -0.048009 0.000400 -0.053977 0.998494 -0.009796 10.664600 0.047413 0.012362 0.998799 -0.060300 0.000000 0.000000 0.000000 1.000000
0.997533 0.042467 -0.055898 0.000400 -0.043084 0.999023 -0.009867 10.664600 0.055424 0.012250 0.998388 -0.060300 0.000000 0.000000 0.000000 1.000000
0.997562 0.032615 -0.061702 0.000400 -0.033256 0.999403 -0.009385 10.664600 0.061359 0.011415 0.998050 -0.060300 0.000000 0.000000 0.000000 1.000000
0.997589 0.023990 -0.065123 0.000400 -0.024597 0.999661 -0.008538 10.664600 0.064897 0.010120 0.997841 -0.060300 0.000000 0.000000 0.000000 1.000000
0.997683 0.016082 -0.066110 0.000400 -0.016620 0.999833 -0.007609 10.664600 0.065976 0.008690 0.997783 -0.060300 0.000000 0.000000 0.000000 1.000000
0.997845 0.009487 -0.064925 0.000400 -0.009935 0.999929 -0.006584 10.664600 0.064858 0.007215 0.997868 -0.060300 0.000000 0.000000 0.000000 1.000000
0.998095 0.003080 -0.061625 0.000400 -0.003420 0.999980 -0.005410 10.664600 0.061607 0.005611 0.998085 -0.060300 0.000000 0.000000 0.000000 1.000000
0.998379 -0.004565 -0.056738 0.000400 0.004335 0.999982 -0.004170 10.664600 0.056756 0.003918 0.998380 -0.060300 0.000000 0.000000 0.000000 1.000000
0.998570 -0.015106 -0.051290 0.000400 0.014976 0.999884 -0.002930 10.664600 0.051328 0.002158 0.998680 -0.060300 0.000000 0.000000 0.000000 1.000000
0.998572 -0.027190 -0.045992 0.000400 0.027147 0.999630 -0.001569 10.664600 0.046018 0.000318 0.998941 -0.060300 0.000000 0.000000 0.000000 1.000000
0.998531 -0.036183 -0.040320 0.000400 0.036212 0.999344 0.000009 10.664600 0.040293 -0.001469 0.999187 -0.060300 0.000000 0.000000 0.000000 1.000000
0.998658 -0.039358 -0.033658 0.000400 0.039436 0.999221 0.001674 10.664600 0.033566 -0.002999 0.999432 -0.060300 0.000000 0.000000 0.000000 1.000000
0.998821 -0.040510 -0.026737 0.000400 0.040609 0.999170 0.003161 10.664600 0.026586 -0.004243 0.999638 -0.060300 0.000000 0.000000 0.000000 1.000000
0.998979 -0.040557 -0.019908 0.000400 0.040653 0.999163 0.004457 10.664600 0.019711 -0.005262 0.999792 -0.060300 0.000000 0.000000 0.000000 1.000000
0.999138 -0.039331 -0.013281 0.000400 0.039409 0.999207 0.005639 10.664600 0.013049 -0.006157 0.999896 -0.060300 0.000000 0.000000 0.000000 1.000000
0.999401 -0.034050 -0.006222 0.000400 0.034089 0.999399 0.006261 10.664600 0.006005 -0.006469 0.999961 -0.060300 0.000000 0.000000 0.000000 1.000000
0.999755 -0.022078 0.001836 0.000400 0.022067 0.999739 0.005962 10.664600 -0.001968 -0.005920 0.999981 -0.060300 0.000000 0.000000 0.000000 1.000000</float_array>
        <technique_common>
          <accessor source="#mixamorig_Spine-Matrix-animation-output-transform-array" count="42" stride="16">
            <param type="float4x4"/>
          </accessor>
        </technique_common>
      </source>
      <source id="mixamorig_Spine-Interpolations">
        <Name_array id="mixamorig_Spine-Interpolations-array" count="42">
 LINEAR LINEAR LINEAR LINEAR LINEAR LINEAR LINEAR LINEAR LINEAR LINEAR LINEAR
LINEAR LINEAR LINEAR LINEAR LINEAR LINEAR LINEAR LINEAR LINEAR LINEAR LINEAR LINEAR
LINEAR LINEAR LINEAR LINEAR LINEAR LINEAR LINEAR LINEAR LINEAR LINEAR LINEAR LINEAR
LINEAR LINEAR LINEAR LINEAR LINEAR LINEAR LINEAR</Name_array>
        <technique_common>
          <accessor source="#mixamorig_Spine-Interpolations-array" count="42">
            <param type="name"/>
          </accessor>
        </technique_common>
      </source>
      <sampler id="mixamorig_Spine-Matrix-animation-transform">
        <input semantic="INPUT" source="#mixamorig_Spine-Matrix-animation-input"/>
        <input semantic="OUTPUT" source="#mixamorig_Spine-Matrix-animation-output-transform"/>
        <input semantic="INTERPOLATION" source="#mixamorig_Spine-Interpolations"/>
      </sampler>
      <channel source="#mixamorig_Spine-Matrix-animation-transform" target="mixamorig_Spine/matrix"/>
    </animation>
    <animation id="mixamorig_Spine1-anim" name="mixamorig_Spine1">
      <source id="mixamorig_Spine1-Matrix-animation-input">
        <float_array id="mixamorig_Spine1-Matrix-animation-input-array" count="42">

0.000000 0.033333 0.066667 0.100000 0.133333 0.166667 0.200000 0.233333 0.266667 0.300000 0.333333 0.366667 0.400000 0.433333 0.466667 0.500000
0.533333 0.566667 0.600000 0.633333 0.666667 0.700000 0.733333 0.766667 0.800000 0.833333 0.866667 0.900000 0.933333 0.966667 1.000000 1.033333
1.066667 1.100000 1.133333 1.166667 1.200000 1.233333 1.266667 1.300000 1.333333 1.366667</float_array>
        <technique_common>
          <accessor source="#mixamorig_Spine1-Matrix-animation-input-array" count="42">
            <param name="TIME" type="float"/>
          </accessor>
        </technique_common>
      </source>
      <source id="mixamorig_Spine1-Matrix-animation-output-transform">
        <float_array id="mixamorig_Spine1-Matrix-animation-output-transform-array" count="672">

0.999781 -0.019176 -0.008410 -0.000000 0.020557 0.975237 0.220207 11.673000 0.003979 -0.220331 0.975417 -0.000000 0.000000 0.000000 0.000000 1.000000
0.999876 -0.010285 0.011966 0.000000 0.007411 0.975619 0.219345 11.673000 -0.013930 -0.219229 0.975574 -0.000000 0.000000 0.000000 0.000000 1.000000
0.999421 -0.006258 0.033440 0.000000 -0.001167 0.976050 0.217545 11.673000 -0.034000 -0.217458 0.975477 -0.000000 0.000000 0.000000 0.000000 1.000000
0.998448 -0.003637 0.055575 0.000000 -0.008422 0.976531 0.215213 11.673000 -0.055053 -0.215347 0.974985 0.000000 0.000000 0.000000 0.000000 1.000000
0.996943 0.003538 0.078053 0.000000 -0.020130 0.976881 0.212835 11.673000 -0.075496 -0.213755 0.973966 0.000000 0.000000 0.000000 0.000000 1.000000
0.995077 0.011311 0.098452 -0.000000 -0.031930 0.977079 0.210470 11.673000 -0.093815 -0.212577 0.972630 0.000000 0.000000 0.000000 0.000000 1.000000
0.993096 0.020079 0.115569 0.000000 -0.043975 0.977116 0.208112 11.673000 -0.108746 -0.211757 0.971253 0.000000 0.000000 0.000000 0.000000 1.000000
0.991263 0.029757 0.128502 -0.000000 -0.056025 0.976958 0.205947 11.673000 -0.119413 -0.211347 0.970089 0.000000 0.000000 0.000000 0.000000 1.000000
0.989733 0.040651 0.137027 0.000000 -0.068293 0.976685 0.203526 11.673000 -0.125558 -0.210795 0.969433 0.000000 0.000000 0.000000 0.000000 1.000000
0.988558 0.052313 0.141482 -0.000000 -0.080438 0.976272 0.201052 11.673000 -0.127608 -0.210132 0.969309 -0.000000 0.000000 0.000000 0.000000 1.000000
0.987684 0.064243 0.142666 0.000000 -0.092186 0.975683 0.198856 11.673000 -0.126421 -0.209559 0.969589 -0.000000 0.000000 0.000000 0.000000 1.000000
0.986993 0.076184 0.141569 0.000000 -0.103517 0.974910 0.197065 11.673000 -0.123004 -0.209157 0.970115 -0.000000 0.000000 0.000000 0.000000 1.000000
0.986403 0.087742 0.138961 0.000000 -0.114270 0.973880 0.196216 11.673000 -0.118115 -0.209427 0.970664 0.000000 0.000000 0.000000 0.000000 1.000000
0.985878 0.098915 0.135129 0.000000 -0.124461 0.972663 0.196054 11.673000 -0.112042 -0.210103 0.971238 0.000000 0.000000 0.000000 0.000000 1.000000
0.985514 0.109120 0.129829 -0.000000 -0.133476 0.971311 0.196825 11.673000 -0.104627 -0.211303 0.971805 0.000000 0.000000 0.000000 0.000000 1.000000
0.985498 0.117470 0.122453 -0.000000 -0.140305 0.969971 0.198672 11.673000 -0.095438 -0.212972 0.972386 -0.000000 0.000000 0.000000 0.000000 1.000000
0.986037 0.122926 0.112344 0.000000 -0.143755 0.968857 0.201618 11.673000 -0.084062 -0.214952 0.973000 0.000000 0.000000 0.000000 0.000000 1.000000
0.987274 0.124456 0.098999 -0.000000 -0.142662 0.968193 0.205548 11.673000 -0.070269 -0.217056 0.973627 -0.000000 0.000000 0.000000 0.000000 1.000000
0.989146 0.121734 0.082282 0.000000 -0.136603 0.968153 0.209809 11.673000 -0.054120 -0.218772 0.974274 0.000000 0.000000 0.000000 0.000000 1.000000
0.991469 0.114499 0.062277 0.000000 -0.125308 0.968828 0.213708 11.673000 -0.035866 -0.219689 0.974910 0.000000 0.000000 0.000000 0.000000 1.000000
0.993653 0.105186 0.039877 -0.000000 -0.111358 0.969958 0.216288 11.673000 -0.015928 -0.219356 0.975515 0.000000 0.000000 0.000000 0.000000 1.000000
0.995405 0.094463 0.015682 0.000000 -0.095611 0.971466 0.217053 11.673000 0.005269 -0.217555 0.976034 0.000000 0.000000 0.000000 0.000000 1.000000
0.996459 0.083545 -0.009460 -0.000000 -0.079541 0.973160 0.215944 11.673000 0.027247 -0.214427 0.976360 0.000000 0.000000 0.000000 0.000000 1.000000
0.996724 0.073099 -0.034607 0.000000 -0.064084 0.974851 0.213447 11.673000 0.049340 -0.210530 0.976341 0.000000 0.000000 0.000000 0.000000 1.000000
0.996263 0.063362 -0.058697 0.000000 -0.049685 0.976306 0.210613 11.673000 0.070651 -0.206909 0.975806 -0.000000 0.000000 0.000000 0.000000 1.000000
0.995290 0.053473 -0.080864 0.000000 -0.035605 0.977454 0.208126 11.673000 0.090170 -0.204266 0.974754 0.000000 0.000000 0.000000 0.000000 1.000000
0.994057 0.042867 -0.100070 -0.000000 -0.021388 0.978198 0.206571 11.673000 0.106743 -0.203203 0.973301 0.000000 0.000000 0.000000 0.000000 1.000000
0.992827 0.031164 -0.115428 0.000000 -0.006769 0.978535 0.205969 11.673000 0.119370 -0.203711 0.971727 0.000000 0.000000 0.000000 0.000000 1.000000
0.991816 0.018431 -0.126340 -0.000000 0.008066 0.978505 0.206066 11.673000 0.127422 -0.205398 0.970348 0.000000 0.000000 0.000000 0.000000 1.000000
0.991159 0.004997 -0.132585 0.000000 0.022683 0.978197 0.206438 11.673000 0.130726 -0.207620 0.969435 0.000000 0.000000 0.000000 0.000000 1.000000
0.990895 -0.008536 -0.134367 0.000000 0.036481 0.977676 0.206925 11.673000 0.129601 -0.209943 0.969086 0.000000 0.000000 0.000000 0.000000 1.000000
0.990985 -0.021562 -0.132226 0.000000 0.048966 0.976973 0.207667 11.673000 0.124703 -0.212270 0.969222 0.000000 0.000000 0.000000 0.000000 1.000000
0.991328 -0.033758 -0.127000 0.000000 0.059979 0.976137 0.208709 11.673000 0.116924 -0.214517 0.969696 0.000000 0.000000 0.000000 0.000000 1.000000
0.991820 -0.044798 -0.119523 0.000000 0.069369 0.975211 0.210121 11.673000 0.107147 -0.216693 0.970342 -0.000000 0.000000 0.000000 0.000000 1.000000
0.992407 -0.054158 -0.110432 0.000000 0.076747 0.974275 0.211893 11.673000 0.096116 -0.218759 0.971034 0.000000 0.000000 0.000000 0.000000 1.000000
0.993105 -0.060985 -0.100114 -0.000000 0.081332 0.973488 0.213788 11.673000 0.084422 -0.220457 0.971736 -0.000000 0.000000 0.000000 0.000000 1.000000
0.993994 -0.064187 -0.088638 0.000000 0.082055 0.973041 0.215541 11.673000 0.072413 -0.221520 0.972464 0.000000 0.000000 0.000000 0.000000 1.000000
0.995151 -0.062606 -0.075858 0.000000 0.077768 0.973032 0.217166 11.673000 0.060217 -0.222012 0.973183 0.000000 0.000000 0.000000 0.000000 1.000000
0.996548 -0.055650 -0.061605 -0.000000 0.067876 0.973440 0.218649 11.673000 0.047801 -0.222075 0.973857 0.000000 0.000000 0.000000 0.000000 1.000000
0.997994 -0.043648 -0.045855 0.000000 0.052709 0.974081 0.219974 11.673000 0.035065 -0.221949 0.974428 0.000000 0.000000 0.000000 0.000000 1.000000
0.999158 -0.029929 -0.028077 -0.000000 0.035396 0.974720 0.220608 11.673000 0.020764 -0.221416 0.974958 0.000000 0.000000 0.000000 0.000000 1.000000
0.999781 -0.019176 -0.008410 0.000000 0.020557 0.975237 0.220207 11.673000 0.003979 -0.220332 0.975417 0.000000 0.000000 0.000000 0.000000 1.000000</float_array>
        <technique_common>
          <accessor source="#mixamorig_Spine1-Matrix-animation-output-transform-array" count="42" stride="16">
            <param type="float4x4"/>
          </accessor>
        </technique_common>
      </source>
      <source id="mixamorig_Spine1-Interpolations">
        <Name_array id="mixamorig_Spine1-Interpolations-array" count="42">
 LINEAR LINEAR LINEAR LINEAR LINEAR LINEAR LINEAR LINEAR LINEAR LINEAR LINEAR
LINEAR LINEAR LINEAR LINEAR LINEAR LINEAR LINEAR LINEAR LINEAR LINEAR LINEAR LINEAR
LINEAR LINEAR LINEAR LINEAR LINEAR LINEAR LINEAR LINEAR LINEAR LINEAR LINEAR LINEAR
LINEAR LINEAR LINEAR LINEAR LINEAR LINEAR LINEAR</Name_array>
        <technique_common>
          <accessor source="#mixamorig_Spine1-Interpolations-array" count="42">
            <param type="name"/>
          </accessor>
        </technique_common>
      </source>
      <sampler id="mixamorig_Spine1-Matrix-animation-transform">
        <input semantic="INPUT" source="#mixamorig_Spine1-Matrix-animation-input"/>
        <input semantic="OUTPUT" source="#mixamorig_Spine1-Matrix-animation-output-transform"/>
        <input semantic="INTERPOLATION" source="#mixamorig_Spine1-Interpolations"/>
      </sampler>
      <channel source="#mixamorig_Spine1-Matrix-animation-transform" target="mixamorig_Spine1/matrix"/>
    </animation>
    <animation id="mixamorig_Spine2-anim" name="mixamorig_Spine2">
      <source id="mixamorig_Spine2-Matrix-animation-input">
        <float_array id="mixamorig_Spine2-Matrix-animation-input-array" count="42">

0.000000 0.033333 0.066667 0.100000 0.133333 0.166667 0.200000 0.233333 0.266667 0.300000 0.333333 0.366667 0.400000 0.433333 0.466667 0.500000
0.533333 0.566667 0.600000 0.633333 0.666667 0.700000 0.733333 0.766667 0.800000 0.833333 0.866667 0.900000 0.933333 0.966667 1.000000 1.033333
1.066667 1.100000 1.133333 1.166667 1.200000 1.233333 1.266667 1.300000 1.333333 1.366667</float_array>
        <technique_common>
          <accessor source="#mixamorig_Spine2-Matrix-animation-input-array" count="42">
            <param name="TIME" type="float"/>
          </accessor>
        </technique_common>
      </source>
      <source id="mixamorig_Spine2-Matrix-animation-output-transform">
        <float_array id="mixamorig_Spine2-Matrix-animation-output-transform-array" count="672">

0.998252 -0.056876 -0.016051 -0.000000 0.055967 0.997062 -0.052304 14.006800 0.018979 0.051314 0.998502 0.000000 0.000000 0.000000 0.000000 1.000000
0.998872 -0.047318 0.004040 0.000000 0.047466 0.997457 -0.053172 14.006800 -0.001514 0.053304 0.998577 0.000000 0.000000 0.000000 0.000000 1.000000
0.998769 -0.042581 0.025459 -0.000000 0.043928 0.997523 -0.054932 14.006800 -0.023057 0.055982 0.998165 0.000000 0.000000 0.000000 0.000000 1.000000
0.998097 -0.039206 0.047594 0.000000 0.041906 0.997488 -0.057117 14.006800 -0.045235 0.059003 0.997232 -0.000000 0.000000 0.000000 0.000000 1.000000
0.997071 -0.031218 0.069817 0.000000 0.035379 0.997620 -0.059176 14.006800 -0.067804 0.061473 0.995803 -0.000000 0.000000 0.000000 0.000000 1.000000
0.995690 -0.022673 0.089929 -0.000000 0.028241 0.997730 -0.061133 14.006800 -0.088339 0.063409 0.994070 0.000000 0.000000 0.000000 0.000000 1.000000
0.994201 -0.013230 0.106722 0.000000 0.020048 0.997808 -0.063063 14.006800 -0.105654 0.064837 0.992287 -0.000000 0.000000 0.000000 0.000000 1.000000
0.992851 -0.003012 0.119321 0.000000 0.010819 0.997837 -0.064833 14.006800 -0.118867 0.065661 0.990737 0.000000 0.000000 0.000000 0.000000 1.000000
0.991802 0.008203 0.127518 0.000000 0.000361 0.997754 -0.066988 14.006800 -0.127781 0.066485 0.989571 0.000000 0.000000 0.000000 0.000000 1.000000
0.991090 0.019983 0.131690 -0.000000 -0.010902 0.997535 -0.069322 14.006800 -0.132751 0.067269 0.988864 0.000000 0.000000 0.000000 0.000000 1.000000
0.990651 0.031899 0.132636 -0.000000 -0.022542 0.997188 -0.071463 14.006800 -0.134542 0.067806 0.988585 0.000000 0.000000 0.000000 0.000000 1.000000
0.990374 0.043756 0.131316 0.000000 -0.034325 0.996723 -0.073246 14.006800 -0.134091 0.068034 0.988631 0.000000 0.000000 0.000000 0.000000 1.000000
0.990178 0.055259 0.128428 0.000000 -0.045986 0.996191 -0.074082 14.006800 -0.132032 0.067449 0.988948 0.000000 0.000000 0.000000 0.000000 1.000000
0.990031 0.066364 0.124235 0.000000 -0.057420 0.995586 -0.074240 14.006800 -0.128613 0.066366 0.989472 0.000000 0.000000 0.000000 0.000000 1.000000
0.990005 0.076468 0.118498 0.000000 -0.068057 0.994972 -0.073478 14.006800 -0.123521 0.064679 0.990232 0.000000 0.000000 0.000000 0.000000 1.000000
0.990247 0.084625 0.110676 -0.000000 -0.076974 0.994453 -0.071675 14.006800 -0.116128 0.062457 0.991269 -0.000000 0.000000 0.000000 0.000000 1.000000
0.990911 0.089741 0.100210 -0.000000 -0.083075 0.994163 -0.068836 14.006800 -0.105803 0.059886 0.992582 -0.000000 0.000000 0.000000 0.000000 1.000000
0.992093 0.090765 0.086684 -0.000000 -0.085274 0.994230 -0.065082 14.006800 -0.092091 0.057175 0.994108 -0.000000 0.000000 0.000000 0.000000 1.000000
0.993713 0.087364 0.070018 0.000000 -0.083145 0.994664 -0.061072 14.006800 -0.074980 0.054866 0.995675 0.000000 0.000000 0.000000 0.000000 1.000000
0.995579 0.079310 0.050313 -0.000000 -0.076394 0.995421 -0.057461 14.006800 -0.054640 0.053363 0.997079 0.000000 0.000000 0.000000 0.000000 1.000000
0.997207 0.069114 0.028320 0.000000 -0.067476 0.996193 -0.055200 14.006800 -0.032027 0.053135 0.998074 -0.000000 0.000000 0.000000 0.000000 1.000000
0.998336 0.057491 0.004582 0.000000 -0.057155 0.996866 -0.054699 14.006800 -0.007712 0.054346 0.998492 0.000000 0.000000 0.000000 0.000000 1.000000
0.998752 0.045696 -0.020135 0.000000 -0.046759 0.997338 -0.055959 14.006800 0.017524 0.056831 0.998230 -0.000000 0.000000 0.000000 0.000000 1.000000
0.998397 0.034424 -0.044927 0.000000 -0.037027 0.997603 -0.058458 14.006800 0.042807 0.060028 0.997278 0.000000 0.000000 0.000000 0.000000 1.000000
0.997347 0.023923 -0.068746 0.000000 -0.028144 0.997734 -0.061113 14.006800 0.067128 0.062886 0.995761 -0.000000 0.000000 0.000000 0.000000 1.000000
0.995794 0.013341 -0.090647 0.000000 -0.019130 0.997811 -0.063300 14.006800 0.089604 0.064768 0.993869 0.000000 0.000000 0.000000 0.000000 1.000000
0.993980 0.002138 -0.109542 -0.000000 -0.009254 0.997875 -0.064499 14.006800 0.109171 0.065124 0.991887 -0.000000 0.000000 0.000000 0.000000 1.000000
0.992167 -0.010037 -0.124514 0.000000 0.001967 0.997898 -0.064772 14.006800 0.124902 0.064020 0.990101 0.000000 0.000000 0.000000 0.000000 1.000000
0.990581 -0.023099 -0.134969 0.000000 0.014488 0.997816 -0.064441 14.006800 0.136163 0.061879 0.988752 -0.000000 0.000000 0.000000 0.000000 1.000000
0.989370 -0.036702 -0.140712 0.000000 0.027907 0.997561 -0.063980 14.006800 0.142717 0.059373 0.987981 0.000000 0.000000 0.000000 0.000000 1.000000
0.988591 -0.050257 -0.141992 0.000000 0.041562 0.997113 -0.063547 14.006800 0.144776 0.056921 0.987826 0.000000 0.000000 0.000000 0.000000 1.000000
0.988220 -0.063200 -0.139382 -0.000000 0.054849 0.996507 -0.062965 14.006800 0.142874 0.054578 0.988235 0.000000 0.000000 0.000000 0.000000 1.000000
0.988158 -0.075235 -0.133729 0.000000 0.067405 0.995788 -0.062153 14.006800 0.137842 0.052403 0.989067 -0.000000 0.000000 0.000000 0.000000 1.000000
0.988307 -0.086061 -0.125868 -0.000000 0.078877 0.995016 -0.061001 14.006800 0.130491 0.050360 0.990170 -0.000000 0.000000 0.000000 0.000000 1.000000
0.988627 -0.095168 -0.116448 0.000000 0.088705 0.994280 -0.059488 14.006800 0.121443 0.048482 0.991414 -0.000000 0.000000 0.000000 0.000000 1.000000
0.989164 -0.101689 -0.105895 -0.000000 0.095964 0.993703 -0.057837 14.006800 0.111109 0.047048 0.992694 0.000000 0.000000 0.000000 0.000000 1.000000
0.990038 -0.104521 -0.094339 0.000000 0.099514 0.993441 -0.056316 14.006800 0.099607 0.046367 0.993946 0.000000 0.000000 0.000000 0.000000 1.000000
0.991372 -0.102515 -0.081682 0.000000 0.098228 0.993649 -0.054896 14.006800 0.086791 0.046399 0.995146 0.000000 0.000000 0.000000 0.000000 1.000000
0.993160 -0.095088 -0.067768 0.000000 0.091546 0.994358 -0.053579 14.006800 0.072480 0.047009 0.996261 -0.000000 0.000000 0.000000 0.000000 1.000000
0.995199 -0.082569 -0.052549 0.000000 0.079823 0.995432 -0.052368 14.006800 0.056633 0.047922 0.997244 0.000000 0.000000 0.000000 0.000000 1.000000
0.997041 -0.068270 -0.035331 0.000000 0.066393 0.996447 -0.051823 14.006800 0.038744 0.049324 0.998031 0.000000 0.000000 0.000000 0.000000 1.000000
0.998252 -0.056876 -0.016051 0.000000 0.055967 0.997062 -0.052304 14.006800 0.018979 0.051314 0.998502 -0.000000 0.000000 0.000000 0.000000 1.000000</float_array>
        <technique_common>
          <accessor source="#mixamorig_Spine2-Matrix-animation-output-transform-array" count="42" stride="16">
            <param type="float4x4"/>
          </accessor>
        </technique_common>
      </source>
      <source id="mixamorig_Spine2-Interpolations">
        <Name_array id="mixamorig_Spine2-Interpolations-array" count="42">
 LINEAR LINEAR LINEAR LINEAR LINEAR LINEAR LINEAR LINEAR LINEAR LINEAR LINEAR
LINEAR LINEAR LINEAR LINEAR LINEAR LINEAR LINEAR LINEAR LINEAR LINEAR LINEAR LINEAR
LINEAR LINEAR LINEAR LINEAR LINEAR LINEAR LINEAR LINEAR LINEAR LINEAR LINEAR LINEAR
LINEAR LINEAR LINEAR LINEAR LINEAR LINEAR LINEAR</Name_array>
        <technique_common>
          <accessor source="#mixamorig_Spine2-Interpolations-array" count="42">
            <param type="name"/>
          </accessor>
        </technique_common>
      </source>
      <sampler id="mixamorig_Spine2-Matrix-animation-transform">
        <input semantic="INPUT" source="#mixamorig_Spine2-Matrix-animation-input"/>
        <input semantic="OUTPUT" source="#mixamorig_Spine2-Matrix-animation-output-transform"/>
        <input semantic="INTERPOLATION" source="#mixamorig_Spine2-Interpolations"/>
      </sampler>
      <channel source="#mixamorig_Spine2-Matrix-animation-transform" target="mixamorig_Spine2/matrix"/>
    </animation>
    <animation id="mixamorig_Neck-anim" name="mixamorig_Neck">
      <source id="mixamorig_Neck-Matrix-animation-input">
        <float_array id="mixamorig_Neck-Matrix-animation-input-array" count="42">

0.000000 0.033333 0.066667 0.100000 0.133333 0.166667 0.200000 0.233333 0.266667 0.300000 0.333333 0.366667 0.400000 0.433333 0.466667 0.500000
0.533333 0.566667 0.600000 0.633333 0.666667 0.700000 0.733333 0.766667 0.800000 0.833333 0.866667 0.900000 0.933333 0.966667 1.000000 1.033333
1.066667 1.100000 1.133333 1.166667 1.200000 1.233333 1.266667 1.300000 1.333333 1.366667</float_array>
        <technique_common>
          <accessor source="#mixamorig_Neck-Matrix-animation-input-array" count="42">
            <param name="TIME" type="float"/>
          </accessor>
        </technique_common>
      </source>
      <source id="mixamorig_Neck-Matrix-animation-output-transform">
        <float_array id="mixamorig_Neck-Matrix-animation-output-transform-array" count="672">

0.999589 0.023039 -0.017063 0.027800 -0.025918 0.980598 -0.194307 18.914400 0.012255 0.194669 0.980792 -0.032000 0.000000 0.000000 0.000000 1.000000
0.999428 0.028453 -0.018271 0.027800 -0.031488 0.980055 -0.196215 18.914400 0.012323 0.196678 0.980391 -0.032000 0.000000 0.000000 0.000000 1.000000
0.999160 0.036438 -0.018763 0.027800 -0.039429 0.979528 -0.197408 18.914400 0.011186 0.197982 0.980142 -0.032000 0.000000 0.000000 0.000000 1.000000
0.998789 0.045447 -0.018830 0.027800 -0.048282 0.978966 -0.198229 18.914400 0.009425 0.198899 0.979975 -0.032000 0.000000 0.000000 0.000000 1.000000
0.998399 0.053450 -0.018493 0.027800 -0.056065 0.978397 -0.198990 18.914400 0.007457 0.199708 0.979827 -0.032000 0.000000 0.000000 0.000000 1.000000
0.998066 0.059505 -0.018008 0.027800 -0.061905 0.977926 -0.199572 18.914400 0.005735 0.200301 0.979718 -0.032000 0.000000 0.000000 0.000000 1.000000
0.997862 0.062948 -0.017603 0.027800 -0.065200 0.977618 -0.200032 18.914400 0.004617 0.200752 0.979631 -0.032000 0.000000 0.000000 0.000000 1.000000
0.997818 0.063651 -0.017542 0.027800 -0.065878 0.977468 -0.200541 18.914400 0.004382 0.201259 0.979528 -0.032000 0.000000 0.000000 0.000000 1.000000
0.997909 0.062067 -0.018016 0.027800 -0.064426 0.977408 -0.201302 18.914400 0.005114 0.202042 0.979363 -0.032000 0.000000 0.000000 0.000000 1.000000
0.998072 0.059086 -0.019003 0.027800 -0.061713 0.977358 -0.202395 18.914400 0.006615 0.203177 0.979120 -0.032000 0.000000 0.000000 0.000000 1.000000
0.998248 0.055608 -0.020235 0.027800 -0.058568 0.977287 -0.203665 18.914400 0.008450 0.204493 0.978832 -0.032000 0.000000 0.000000 0.000000 1.000000
0.998407 0.052273 -0.021219 0.027800 -0.055516 0.977240 -0.204744 18.914400 0.010033 0.205596 0.978586 -0.032000 0.000000 0.000000 0.000000 1.000000
0.998557 0.049257 -0.021396 0.027800 -0.052606 0.977299 -0.205228 18.914400 0.010802 0.206057 0.978480 -0.032000 0.000000 0.000000 0.000000 1.000000
0.998718 0.046341 -0.020368 0.027800 -0.049537 0.977518 -0.204953 18.914400 0.010413 0.205699 0.978560 -0.032000 0.000000 0.000000 0.000000 1.000000
0.998906 0.043150 -0.018006 0.027800 -0.045921 0.977861 -0.204154 18.914400 0.008798 0.204757 0.978773 -0.032000 0.000000 0.000000 0.000000 1.000000
0.999116 0.039443 -0.014525 0.027800 -0.041575 0.978200 -0.203459 18.914400 0.006183 0.203883 0.978976 -0.032000 0.000000 0.000000 0.000000 1.000000
0.999323 0.035286 -0.010366 0.027800 -0.036658 0.978374 -0.203567 18.914400 0.002959 0.203810 0.979006 -0.032000 0.000000 0.000000 0.000000 1.000000
0.999499 0.031060 -0.006082 0.027800 -0.031647 0.978264 -0.204933 18.914400 -0.000416 0.205023 0.978757 -0.032000 0.000000 0.000000 0.000000 1.000000
0.999625 0.027306 -0.002144 0.027800 -0.027156 0.977876 -0.207415 18.914400 -0.003567 0.207396 0.978251 -0.032000 0.000000 0.000000 0.000000 1.000000
0.999700 0.024448 0.001178 0.027800 -0.023654 0.977352 -0.210295 18.914400 -0.006293 0.210204 0.977637 -0.032000 0.000000 0.000000 0.000000 1.000000
0.999737 0.022628 0.003784 0.027800 -0.021308 0.976937 -0.212463 18.914400 -0.008504 0.212327 0.977162 -0.032000 0.000000 0.000000 0.000000 1.000000
0.999752 0.021553 0.005676 0.027800 -0.019851 0.976869 -0.212916 18.914400 -0.010134 0.212751 0.977054 -0.032000 0.000000 0.000000 0.000000 1.000000
0.999764 0.020602 0.006861 0.027800 -0.018688 0.977261 -0.211215 18.914400 -0.011056 0.211037 0.977416 -0.032000 0.000000 0.000000 0.000000 1.000000
0.999793 0.018971 0.007291 0.027800 -0.017044 0.978056 -0.207643 18.914400 -0.011070 0.207476 0.978177 -0.032000 0.000000 0.000000 0.000000 1.000000
0.999847 0.016058 0.006908 0.027800 -0.014320 0.979043 -0.203149 18.914400 -0.010025 0.203019 0.979123 -0.032000 0.000000 0.000000 0.000000 1.000000
0.999914 0.011789 0.005746 0.027800 -0.010411 0.979967 -0.198886 18.914400 -0.007976 0.198809 0.980006 -0.032000 0.000000 0.000000 0.000000 1.000000
0.999969 0.006813 0.004055 0.027800 -0.005887 0.980611 -0.195874 18.914400 -0.005310 0.195844 0.980621 -0.032000 0.000000 0.000000 0.000000 1.000000
