<?xml version="1.0" encoding="utf-8"?>
<COLLADA xmlns="http://www.collada.org/2005/11/COLLADASchema" version="1.4.1">
  <asset>
    <contributor>
      <author>Mixamo</author>
      <authoring_tool>COLLADA Mixamo exporter</authoring_tool>
      <comments/>
    </contributor>
    <created>2026-01-24T14:32:07Z</created>
    <modified>2026-01-24T14:32:07Z</modified>
    <revision/>
    <title/>
    <unit meter="0.010000"/>
    <up_axis>Y_UP</up_axis>
  </asset>
  <library_animations>
    <animation id="mixamorig_Hips-anim" name="mixamorig_Hips">
      <source id="mixamorig_Hips-Matrix-animation-input">
        <float_array id="mixamorig_Hips-Matrix-animation-input-array" count="17">

0.000000 0.033333 0.066667 0.100000 0.133333 0.166667 0.200000 0.233333 0.266667 0.300000 0.333333 0.366667 0.400000 0.433333 0.466667 0.500000
0.533333</float_array>
        <technique_common>
          <accessor source="#mixamorig_Hips-Matrix-animation-input-array" count="17">
            <param name="TIME" type="float"/>
          </accessor>
        </technique_common>
      </source>
      <source id="mixamorig_Hips-Matrix-animation-output-transform">
        <float_array id="mixamorig_Hips-Matrix-animation-output-transform-array" count="272">

0.971848 -0.012346 -0.235284 0.020541 -0.063613 0.947789 -0.312488 102.132889 0.226858 0.318658 0.920322 0.547583 0.000000 0.000000 0.000000 1.000000
0.974398 -0.111646 -0.195150 0.390412 0.044149 0.946107 -0.320832 101.210098 0.220452 0.304002 0.926814 -0.258163 0.000000 0.000000 0.000000 1.000000
0.967600 -0.240042 -0.078295 -0.177197 0.203103 0.924196 -0.323436 100.065361 0.149998 0.297054 0.943005 -1.861373 0.000000 0.000000 0.000000 1.000000
0.978088 -0.208132 0.004919 -1.033625 0.197626 0.920765 -0.336356 101.813400 0.065477 0.329958 0.941722 -2.291964 0.000000 0.000000 0.000000 1.000000
0.994583 -0.094250 0.043833 -1.755051 0.103310 0.942843 -0.316820 104.461296 -0.011468 0.319632 0.947472 -0.876075 0.000000 0.000000 0.000000 1.000000
0.996625 -0.047119 0.067224 -1.774772 0.064595 0.955471 -0.287927 104.767059 -0.050664 0.291298 0.955290 -0.873578 0.000000 0.000000 0.000000 1.000000
0.994345 -0.057092 0.089546 -1.315890 0.080932 0.953333 -0.290872 103.818718 -0.068761 0.296474 0.952562 -1.951518 0.000000 0.000000 0.000000 1.000000
0.987092 -0.054304 0.150665 -1.073035 0.098775 0.946952 -0.305819 102.703812 -0.126065 0.316753 0.940093 -4.150333 0.000000 0.000000 0.000000 1.000000
0.986726 0.012615 0.161905 -0.878853 0.036142 0.954916 -0.294668 102.804153 -0.158323 0.296608 0.941784 -5.316738 0.000000 0.000000 0.000000 1.000000
0.986476 0.150792 0.064238 -0.454128 -0.127109 0.951252 -0.281002 103.355370 -0.103480 0.269037 0.957555 -4.811446 0.000000 0.000000 0.000000 1.000000
0.966567 0.253995 -0.035129 0.014974 -0.252568 0.919459 -0.301336 102.834999 -0.044238 0.300135 0.952871 -5.130236 0.000000 0.000000 0.000000 1.000000
0.981073 0.177030 -0.078464 0.733509 -0.193091 0.924846 -0.327682 104.960220 0.014558 0.336631 0.941524 -3.605071 0.000000 0.000000 0.000000 1.000000
0.993295 0.079753 -0.083691 1.626433 -0.101787 0.946559 -0.306048 105.444885 0.054810 0.312515 0.948330 -2.143416 0.000000 0.000000 0.000000 1.000000
0.995109 0.025795 -0.095358 1.906837 -0.051290 0.959911 -0.275573 105.225243 0.084427 0.279116 0.956539 -0.633602 0.000000 0.000000 0.000000 1.000000
0.992495 0.032613 -0.117859 1.228343 -0.064992 0.957072 -0.282470 103.351013 0.103587 0.288010 0.952008 -0.088991 0.000000 0.000000 0.000000 1.000000
0.979935 0.042266 -0.194787 0.367613 -0.101613 0.946665 -0.305779 101.953499 0.171473 0.319436 0.931964 -0.073363 0.000000 0.000000 0.000000 1.000000
0.971848 -0.012346 -0.235284 0.020538 -0.063612 0.947790 -0.312488 102.132904 0.226858 0.318658 0.920322 0.547584 0.000000 0.000000 0.000000 1.000000</float_array>
        <technique_common>
          <accessor source="#mixamorig_Hips-Matrix-animation-output-transform-array" count="17" stride="16">
            <param type="float4x4"/>
          </accessor>
        </technique_common>
      </source>
      <source id="mixamorig_Hips-Interpolations">
        <Name_array id="mixamorig_Hips-Interpolations-array" count="17">
 LINEAR LINEAR LINEAR LINEAR LINEAR LINEAR LINEAR LINEAR LINEAR LINEAR LINEAR
LINEAR LINEAR LINEAR LINEAR LINEAR LINEAR</Name_array>
        <technique_common>
          <accessor source="#mixamorig_Hips-Interpolations-array" count="17">
            <param type="name"/>
          </accessor>
        </technique_common>
      </source>
      <sampler id="mixamorig_Hips-Matrix-animation-transform">
        <input semantic="INPUT" source="#mixamorig_Hips-Matrix-animation-input"/>
        <input semantic="OUTPUT" source="#mixamorig_Hips-Matrix-animation-output-transform"/>
        <input semantic="INTERPOLATION" source="#mixamorig_Hips-Interpolations"/>
      </sampler>
      <channel source="#mixamorig_Hips-Matrix-animation-transform" target="mixamorig_Hips/matrix"/>
    </animation>
    <animation id="mixamorig_Spine-anim" name="mixamorig_Spine">
      <source id="mixamorig_Spine-Matrix-animation-input">
        <float_array id="mixamorig_Spine-Matrix-animation-input-array" count="17">

0.000000 0.033333 0.066667 0.100000 0.133333 0.166667 0.200000 0.233333 0.266667 0.300000 0.333333 0.366667 0.400000 0.433333 0.466667 0.500000
0.533333</float_array>
        <technique_common>
          <accessor source="#mixamorig_Spine-Matrix-animation-input-array" count="17">
            <param name="TIME" type="float"/>
          </accessor>
        </technique_common>
      </source>
      <source id="mixamorig_Spine-Matrix-animation-output-transform">
        <float_array id="mixamorig_Spine-Matrix-animation-output-transform-array" count="272">

0.993326 -0.005796 0.115195 0.000400 0.017435 0.994805 -0.100290 10.664600 -0.114015 0.101629 0.988267 -0.060300 0.000000 0.000000 0.000000 1.000000
0.980271 0.089139 0.176416 0.000400 -0.073191 0.992789 -0.094941 10.664600 -0.183607 0.080156 0.979726 -0.060300 0.000000 0.000000 0.000000 1.000000
0.950181 0.232156 0.207988 0.000400 -0.208495 0.969405 -0.129548 10.664600 -0.231700 0.079730 0.969514 -0.060300 0.000000 0.000000 0.000000 1.000000
0.950987 0.227778 0.209143 0.000400 -0.205949 0.971041 -0.121100 10.664600 -0.230670 0.072092 0.970358 -0.060300 0.000000 0.000000 0.000000 1.000000
0.977275 0.143034 0.156446 0.000400 -0.126591 0.985782 -0.110492 10.664600 -0.170026 0.088176 0.981487 -0.060300 0.000000 0.000000 0.000000 1.000000
0.991475 0.108925 0.071501 0.000400 -0.099855 0.987732 -0.120061 10.664600 -0.083701 0.111897 0.990188 -0.060300 0.000000 0.000000 0.000000 1.000000
0.993187 0.116147 -0.009432 0.000400 -0.116512 0.988355 -0.097874 10.664600 -0.002045 0.098306 0.995154 -0.060300 0.000000 0.000000 0.000000 1.000000
0.991505 0.099665 -0.083573 0.000400 -0.106320 0.991160 -0.079355 10.664600 0.074925 0.087566 0.993337 -0.060300 0.000000 0.000000 0.000000 1.000000
0.991001 0.020423 -0.132285 0.000400 -0.034979 0.993463 -0.108662 10.664600 0.129201 0.112311 0.985238 -0.060300 0.000000 0.000000 0.000000 1.000000
0.980199 -0.121373 -0.156454 0.000400 0.098447 0.984258 -0.146782 10.664600 0.171807 0.128473 0.976718 -0.060300 0.000000 0.000000 0.000000 1.000000
0.953318 -0.245208 -0.176230 0.000400 0.217511 0.962434 -0.162509 10.664600 0.209458 0.116590 0.970842 -0.060300 0.000000 0.000000 0.000000 1.000000
0.965414 -0.198640 -0.168871 0.000400 0.176476 0.974644 -0.137569 10.664600 0.191916 0.103009 0.975990 -0.060300 0.000000 0.000000 0.000000 1.000000
0.983520 -0.121864 -0.133555 0.000400 0.101575 0.983540 -0.149434 10.664600 0.149568 0.133406 0.979710 -0.060300 0.000000 0.000000 0.000000 1.000000
0.992553 -0.079962 -0.091892 0.000400 0.064339 0.984704 -0.161922 10.664600 0.103434 0.154804 0.982516 -0.060300 0.000000 0.000000 0.000000 1.000000
0.995611 -0.083233 -0.042790 0.000400 0.076830 0.987980 -0.134139 10.664600 0.053440 0.130262 0.990038 -0.060300 0.000000 0.000000 0.000000 1.000000
0.996589 -0.072646 0.039160 0.000400 0.076210 0.992177 -0.098874 10.664600 -0.031671 0.101521 0.994329 -0.060300 0.000000 0.000000 0.000000 1.000000
0.993326 -0.005795 0.115195 0.000400 0.017435 0.994806 -0.100290 10.664600 -0.114015 0.101629 0.988267 -0.060300 0.000000 0.000000 0.000000 1.000000</float_array>
        <technique_common>
          <accessor source="#mixamorig_Spine-Matrix-animation-output-transform-array" count="17" stride="16">
            <param type="float4x4"/>
          </accessor>
        </technique_common>
      </source>
      <source id="mixamorig_Spine-Interpolations">
        <Name_array id="mixamorig_Spine-Interpolations-array" count="17">
 LINEAR LINEAR LINEAR LINEAR LINEAR LINEAR LINEAR LINEAR LINEAR LINEAR LINEAR
LINEAR LINEAR LINEAR LINEAR LINEAR LINEAR</Name_array>
        <technique_common>
          <accessor source="#mixamorig_Spine-Interpolations-array" count="17">
            <param type="name"/>
          </accessor>
        </technique_common>
      </source>
      <sampler id="mixamorig_Spine-Matrix-animation-transform">
        <input semantic="INPUT" source="#mixamorig_Spine-Matrix-animation-input"/>
        <input semantic="OUTPUT" source="#mixamorig_Spine-Matrix-animation-output-transform"/>
        <input semantic="INTERPOLATION" source="#mixamorig_Spine-Interpolations"/>
      </sampler>
      <channel source="#mixamorig_Spine-Matrix-animation-transform" target="mixamorig_Spine/matrix"/>
    </animation>
    <animation id="mixamorig_Spine1-anim" name="mixamorig_Spine1">
      <source id="mixamorig_Spine1-Matrix-animation-input">
        <float_array id="mixamorig_Spine1-Matrix-animation-input-array" count="17">

0.000000 0.033333 0.066667 0.100000 0.133333 0.166667 0.200000 0.233333 0.266667 0.300000 0.333333 0.366667 0.400000 0.433333 0.466667 0.500000
0.533333</float_array>
        <technique_common>
          <accessor source="#mixamorig_Spine1-Matrix-animation-input-array" count="17">
            <param name="TIME" type="float"/>
          </accessor>
        </technique_common>
      </source>
      <source id="mixamorig_Spine1-Matrix-animation-output-transform">
        <float_array id="mixamorig_Spine1-Matrix-animation-output-transform-array" count="272">

0.998937 -0.009952 0.045006 0.000000 0.002208 0.985623 0.168946 11.673000 -0.046040 -0.168667 0.984597 0.000000 0.000000 0.000000 0.000000 1.000000
0.997554 0.005611 0.069673 0.000000 -0.017501 0.985074 0.171238 11.673000 -0.067672 -0.172039 0.982763 -0.000000 0.000000 0.000000 0.000000 1.000000
0.996406 0.020055 0.082295 0.000000 -0.033070 0.986566 0.159979 11.673000 -0.077981 -0.162126 0.983684 -0.000000 0.000000 0.000000 0.000000 1.000000
0.996513 0.022011 0.080480 0.000000 -0.035243 0.985345 0.166890 11.673000 -0.075628 -0.169145 0.982685 0.000000 0.000000 0.000000 0.000000 1.000000
0.998008 0.021059 0.059470 0.000000 -0.031273 0.983815 0.176438 11.673000 -0.054792 -0.177946 0.982514 0.000000 0.000000 0.000000 0.000000 1.000000
0.999056 0.024305 0.036008 -0.000000 -0.030191 0.984428 0.173175 11.673000 -0.031238 -0.174098 0.984233 -0.000000 0.000000 0.000000 0.000000 1.000000
0.999381 0.034176 0.008366 -0.000000 -0.035114 0.983882 0.175340 11.673000 -0.002239 -0.175525 0.984472 0.000000 0.000000 0.000000 0.000000 1.000000
0.998930 0.036775 -0.028031 -0.000000 -0.031358 0.984279 0.173817 11.673000 0.033982 -0.172752 0.984379 -0.000000 0.000000 0.000000 0.000000 1.000000
0.997967 0.021401 -0.060026 0.000000 -0.011684 0.987404 0.157790 11.673000 0.062647 -0.156767 0.985647 0.000000 0.000000 0.000000 0.000000 1.000000
0.997180 -0.003493 -0.074963 0.000000 0.014456 0.989147 0.146215 11.673000 0.073638 -0.146886 0.986409 0.000000 0.000000 0.000000 0.000000 1.000000
0.996156 -0.019369 -0.085434 0.000000 0.031645 0.988959 0.144772 11.673000 0.081686 -0.146919 0.985770 0.000000 0.000000 0.000000 0.000000 1.000000
0.997064 -0.019704 -0.073997 -0.000000 0.031231 0.986943 0.158013 11.673000 0.069917 -0.159860 0.984661 0.000000 0.000000 0.000000 0.000000 1.000000
0.998739 -0.017315 -0.047132 0.000000 0.024580 0.987099 0.158210 11.673000 0.043785 -0.159169 0.986280 0.000000 0.000000 0.000000 0.000000 1.000000
0.998960 -0.016250 -0.042594 0.000000 0.022641 0.987788 0.154153 11.673000 0.039569 -0.154957 0.987128 0.000000 0.000000 0.000000 0.000000 1.000000
0.999178 -0.017027 -0.036785 0.000000 0.022772 0.986547 0.161886 11.673000 0.033534 -0.162591 0.986124 0.000000 0.000000 0.000000 0.000000 1.000000
0.999762 -0.020548 0.007334 -0.000000 0.018964 0.984652 0.173494 11.673000 -0.010787 -0.173313 0.984808 -0.000000 0.000000 0.000000 0.000000 1.000000
0.998937 -0.009952 0.045006 -0.000000 0.002208 0.985623 0.168946 11.673000 -0.046040 -0.168667 0.984597 -0.000000 0.000000 0.000000 0.000000 1.000000</float_array>
        <technique_common>
          <accessor source="#mixamorig_Spine1-Matrix-animation-output-transform-array" count="17" stride="16">
            <param type="float4x4"/>
          </accessor>
        </technique_common>
      </source>
      <source id="mixamorig_Spine1-Interpolations">
        <Name_array id="mixamorig_Spine1-Interpolations-array" count="17">
 LINEAR LINEAR LINEAR LINEAR LINEAR LINEAR LINEAR LINEAR LINEAR LINEAR LINEAR
LINEAR LINEAR LINEAR LINEAR LINEAR LINEAR</Name_array>
        <technique_common>
          <accessor source="#mixamorig_Spine1-Interpolations-array" count="17">
            <param type="name"/>
          </accessor>
        </technique_common>
      </source>
      <sampler id="mixamorig_Spine1-Matrix-animation-transform">
        <input semantic="INPUT" source="#mixamorig_Spine1-Matrix-animation-input"/>
        <input semantic="OUTPUT" source="#mixamorig_Spine1-Matrix-animation-output-transform"/>
        <input semantic="INTERPOLATION" source="#mixamorig_Spine1-Interpolations"/>
      </sampler>
      <channel source="#mixamorig_Spine1-Matrix-animation-transform" target="mixamorig_Spine1/matrix"/>
    </animation>
    <animation id="mixamorig_Spine2-anim" name="mixamorig_Spine2">
      <source id="mixamorig_Spine2-Matrix-animation-input">
        <float_array id="mixamorig_Spine2-Matrix-animation-input-array" count="17">

0.000000 0.033333 0.066667 0.100000 0.133333 0.166667 0.200000 0.233333 0.266667 0.300000 0.333333 0.366667 0.400000 0.433333 0.466667 0.500000
0.533333</float_array>
        <technique_common>
          <accessor source="#mixamorig_Spine2-Matrix-animation-input-array" count="17">
            <param name="TIME" type="float"/>
          </accessor>
        </technique_common>
      </source>
      <source id="mixamorig_Spine2-Matrix-animation-output-transform">
        <float_array id="mixamorig_Spine2-Matrix-animation-output-transform-array" count="272">

0.998170 -0.048040 0.036717 -0.000000 0.051638 0.993201 -0.104333 14.006800 -0.031455 0.106038 0.993864 0.000000 0.000000 0.000000 0.000000 1.000000
0.997592 -0.033703 0.060624 -0.000000 0.039788 0.993974 -0.102141 14.006800 -0.056816 0.104308 0.992921 0.000000 0.000000 0.000000 0.000000 1.000000
0.997068 -0.020835 0.073629 0.000000 0.029126 0.993123 -0.113392 14.006800 -0.070760 0.115204 0.990818 0.000000 0.000000 0.000000 0.000000 1.000000
0.997203 -0.017403 0.072686 -0.000000 0.025047 0.994092 -0.105613 14.006800 -0.070418 0.107138 0.991747 -0.000000 0.000000 0.000000 0.000000 1.000000
0.998537 -0.016520 0.051486 0.000000 0.021423 0.995132 -0.096190 14.006800 -0.049646 0.097152 0.994030 -0.000000 0.000000 0.000000 0.000000 1.000000
0.999521 -0.013163 0.028018 -0.000000 0.015900 0.994877 -0.099837 14.006800 -0.026561 0.100235 0.994609 0.000000 0.000000 0.000000 0.000000 1.000000
0.999993 -0.003650 0.000654 0.000000 0.003696 0.995183 -0.097967 14.006800 -0.000294 0.097969 0.995189 -0.000000 0.000000 0.000000 0.000000 1.000000
0.999382 -0.001079 -0.035124 -0.000000 -0.002436 0.994999 -0.099858 14.006800 0.035056 0.099882 0.994382 0.000000 0.000000 0.000000 0.000000 1.000000
0.997634 -0.015941 -0.066869 0.000000 0.008096 0.993218 -0.115985 14.006800 0.068265 0.115170 0.990997 0.000000 0.000000 0.000000 0.000000 1.000000
0.995852 -0.038421 -0.082477 0.000000 0.027709 0.991477 -0.127298 14.006800 0.086665 0.124485 0.988429 0.000000 0.000000 0.000000 0.000000 1.000000
0.994145 -0.052255 -0.094577 0.000000 0.039915 0.990976 -0.127958 14.006800 0.100410 0.123433 0.987260 0.000000 0.000000 0.000000 0.000000 1.000000
0.995080 -0.054026 -0.083051 0.000000 0.044290 0.992390 -0.114896 14.006800 0.088627 0.110652 0.989900 0.000000 0.000000 0.000000 0.000000 1.000000
0.997079 -0.053195 -0.054803 0.000000 0.046566 0.992174 -0.115851 14.006800 0.060537 0.112961 0.991754 0.000000 0.000000 0.000000 0.000000 1.000000
0.997321 -0.053742 -0.049619 -0.000000 0.047476 0.991662 -0.119804 14.006800 0.055644 0.117127 0.991557 0.000000 0.000000 0.000000 0.000000 1.000000
0.997477 -0.055694 -0.044018 0.000000 0.050488 0.992468 -0.111615 14.006800 0.049903 0.109111 0.992776 0.000000 0.000000 0.000000 0.000000 1.000000
0.998304 -0.058208 -0.000141 0.000000 0.057903 0.993309 -0.099920 14.006800 0.005956 0.099743 0.994995 -0.000000 0.000000 0.000000 0.000000 1.000000
0.998170 -0.048040 0.036717 -0.000000 0.051638 0.993201 -0.104333 14.006800 -0.031455 0.106038 0.993864 0.000000 0.000000 0.000000 0.000000 1.000000</float_array>
        <technique_common>
          <accessor source="#mixamorig_Spine2-Matrix-animation-output-transform-array" count="17" stride="16">
            <param type="float4x4"/>
          </accessor>
        </technique_common>
      </source>
      <source id="mixamorig_Spine2-Interpolations">
        <Name_array id="mixamorig_Spine2-Interpolations-array" count="17">
 LINEAR LINEAR LINEAR LINEAR LINEAR LINEAR LINEAR LINEAR LINEAR LINEAR LINEAR
LINEAR LINEAR LINEAR LINEAR LINEAR LINEAR</Name_array>
        <technique_common>
          <accessor source="#mixamorig_Spine2-Interpolations-array" count="17">
            <param type="name"/>
          </accessor>
        </technique_common>
      </source>
      <sampler id="mixamorig_Spine2-Matrix-animation-transform">
        <input semantic="INPUT" source="#mixamorig_Spine2-Matrix-animation-input"/>
        <input semantic="OUTPUT" source="#mixamorig_Spine2-Matrix-animation-output-transform"/>
        <input semantic="INTERPOLATION" source="#mixamorig_Spine2-Interpolations"/>
      </sampler>
      <channel source="#mixamorig_Spine2-Matrix-animation-transform" target="mixamorig_Spine2/matrix"/>
    </animation>
    <animation id="mixamorig_Neck-anim" name="mixamorig_Neck">
      <source id="mixamorig_Neck-Matrix-animation-input">
        <float_array id="mixamorig_Neck-Matrix-animation-input-array" count="17">

0.000000 0.033333 0.066667 0.100000 0.133333 0.166667 0.200000 0.233333 0.266667 0.300000 0.333333 0.366667 0.400000 0.433333 0.466667 0.500000
0.533333</float_array>
        <technique_common>
          <accessor source="#mixamorig_Neck-Matrix-animation-input-array" count="17">
            <param name="TIME" type="float"/>
          </accessor>
        </technique_common>
      </source>
      <source id="mixamorig_Neck-Matrix-animation-output-transform">
        <float_array id="mixamorig_Neck-Matrix-animation-output-transform-array" count="272">

0.999450 0.031853 0.009255 0.027800 -0.030741 0.994280 -0.102288 18.914400 -0.012461 0.101947 0.994712 -0.032000 0.000000 0.000000 0.000000 1.000000
0.997627 0.067650 -0.012828 0.027800 -0.068785 0.987559 -0.141407 18.914400 0.003103 0.141954 0.989868 -0.032000 0.000000 0.000000 0.000000 1.000000
0.995874 0.080177 -0.042511 0.027800 -0.086875 0.977702 -0.191185 18.914400 0.026234 0.194089 0.980633 -0.032000 0.000000 0.000000 0.000000 1.000000
0.996544 0.059001 -0.058466 0.027800 -0.071066 0.970014 -0.232426 18.914400 0.043000 0.235778 0.970855 -0.032000 0.000000 0.000000 0.000000 1.000000
0.998026 0.039480 -0.048836 0.027800 -0.049598 0.972541 -0.227384 18.914400 0.038518 0.229357 0.972580 -0.032000 0.000000 0.000000 0.000000 1.000000
0.998933 0.030911 -0.034312 0.027800 -0.036948 0.980653 -0.192238 18.914400 0.027706 0.193301 0.980748 -0.032000 0.000000 0.000000 0.000000 1.000000
0.999456 0.023370 -0.023254 0.027800 -0.027082 0.984218 -0.174874 18.914400 0.018800 0.175408 0.984316 -0.032000 0.000000 0.000000 0.000000 1.000000
0.999722 0.020254 -0.012075 0.027800 -0.021913 0.987114 -0.158511 18.914400 0.008709 0.158732 0.987283 -0.032000 0.000000 0.000000 0.000000 1.000000
0.999779 0.019259 0.008432 0.027800 -0.017907 0.990207 -0.138457 18.914400 -0.011016 0.138275 0.990333 -0.032000 0.000000 0.000000 0.000000 1.000000
0.999225 0.015052 0.036358 0.027800 -0.009530 0.989011 -0.147534 18.914400 -0.038179 0.147073 0.988389 -0.032000 0.000000 0.000000 0.000000 1.000000
0.997668 0.026442 0.062918 0.027800 -0.014626 0.983312 -0.181341 18.914400 -0.066663 0.179998 0.981406 -0.032000 0.000000 0.000000 0.000000 1.000000
0.997790 0.022585 0.062489 0.027800 -0.010287 0.981630 -0.190518 18.914400 -0.065644 0.189455 0.979693 -0.032000 0.000000 0.000000 0.000000 1.000000
0.999055 -0.008480 0.042620 0.027800 0.014847 0.988364 -0.151379 18.914400 -0.040840 0.151869 0.987557 -0.032000 0.000000 0.000000 0.000000 1.000000
0.999280 -0.015398 0.034662 0.027800 0.019534 0.992295 -0.122346 18.914400 -0.032511 0.122935 0.991882 -0.032000 0.000000 0.000000 0.000000 1.000000
0.999415 -0.005495 0.033761 0.027800 0.009484 0.992830 -0.119157 18.914400 -0.032864 0.119407 0.992301 -0.032000 0.000000 0.000000 0.000000 1.000000
0.999706 0.007061 0.023196 0.027800 -0.004506 0.994092 -0.108444 18.914400 -0.023825 0.108308 0.993832 -0.032000 0.000000 0.000000 0.000000 1.000000
0.999450 0.031853 0.009255 0.027800 -0.030741 0.994280 -0.102288 18.914400 -0.012461 0.101947 0.994712 -0.032000 0.000000 0.000000 0.000000 1.000000</float_array>
        <technique_common>
          <accessor source="#mixamorig_Neck-Matrix-animation-output-transform-array" count="17" stride="16">
            <param type="float4x4"/>
          </accessor>
        </technique_common>
      </source>
      <source id="mixamorig_Neck-Interpolations">
        <Name_array id="mixamorig_Neck-Interpolations-array" count="17">
 LINEAR LINEAR LINEAR LINEAR LINEAR LINEAR LINEAR LINEAR LINEAR LINEAR LINEAR
LINEAR LINEAR LINEAR LINEAR LINEAR LINEAR</Name_array>
        <technique_common>
          <accessor source="#mixamorig_Neck-Interpolations-array" count="17">
            <param type="name"/>
          </accessor>
        </technique_common>
      </source>
      <sampler id="mixamorig_Neck-Matrix-animation-transform">
        <input semantic="INPUT" source="#mixamorig_Neck-Matrix-animation-input"/>
        <input semantic="OUTPUT" source="#mixamorig_Neck-Matrix-animation-output-transform"/>
        <input semantic="INTERPOLATION" source="#mixamorig_Neck-Interpolations"/>
      </sampler>
      <channel source="#mixamorig_Neck-Matrix-animation-transform" target="mixamorig_Neck/matrix"/>
    </animation>
    <animation id="mixamorig_Head-anim" name="mixamorig_Head">
      <source id="mixamorig_Head-Matrix-animation-input">
        <float_array id="mixamorig_Head-Matrix-animation-input-array" count="17">

0.000000 0.033333 0.066667 0.100000 0.133333 0.166667 0.200000 0.233333 0.266667 0.300000 0.333333 0.366667 0.400000 0.433333 0.466667 0.500000
0.533333</float_array>
        <technique_common>
          <accessor source="#mixamorig_Head-Matrix-animation-input-array" count="17">
            <param name="TIME" type="float"/>
          </accessor>
        </technique_common>
      </source>
      <source id="mixamorig_Head-Matrix-animation-output-transform">
        <float_array id="mixamorig_Head-Matrix-animation-output-transform-array" count="272">

0.998739 0.014141 0.048162 -0.001100 -0.027518 0.956709 0.289741 9.868400 -0.041980 -0.290702 0.955892 4.265200 0.000000 0.000000 0.000000 1.000000
0.993160 -0.010824 -0.116257 -0.001100 0.036810 0.973942 0.223788 9.868400 0.110805 -0.226537 0.967679 4.265200 0.000000 0.000000 0.000000 1.000000
0.955916 -0.069403 -0.285321 -0.001100 0.128622 0.972458 0.194377 9.868400 0.263972 -0.222507 0.938514 4.265200 0.000000 0.000000 0.000000 1.000000
0.936028 -0.096809 -0.338348 -0.001100 0.173647 0.963284 0.204771 9.868400 0.306101 -0.250424 0.918471 4.265200 0.000000 0.000000 0.000000 1.000000
0.949693 -0.130367 -0.284760 -0.001100 0.194420 0.958239 0.209709 9.868400 0.245529 -0.254522 0.935379 4.265200 0.000000 0.000000 0.000000 1.000000
0.963985 -0.160760 -0.211872 -0.001100 0.203170 0.959206 0.196585 9.868400 0.171626 -0.232551 0.957322 4.265200 0.000000 0.000000 0.000000 1.000000
0.973166 -0.172458 -0.152333 -0.001100 0.199812 0.961677 0.187755 9.868400 0.114115 -0.213155 0.970331 4.265200 0.000000 0.000000 0.000000 1.000000
0.978788 -0.176775 -0.103561 -0.001100 0.195704 0.956280 0.217322 9.868400 0.060616 -0.232979 0.970591 4.265200 0.000000 0.000000 0.000000 1.000000
0.985849 -0.167480 -0.007272 -0.001100 0.163434 0.950573 0.264009 9.868400 -0.037304 -0.261461 0.964493 4.265200 0.000000 0.000000 0.000000 1.000000
0.980791 -0.116313 0.156590 -0.001100 0.072052 0.962023 0.263287 9.868400 -0.181266 -0.246947 0.951924 4.265200 0.000000 0.000000 0.000000 1.000000
0.955412 -0.056064 0.289906 -0.001100 -0.020605 0.966757 0.254865 9.868400 -0.294557 -0.249474 0.922496 4.265200 0.000000 0.000000 0.000000 1.000000
0.950722 -0.018685 0.309480 -0.001100 -0.064082 0.964786 0.255111 9.868400 -0.303349 -0.262371 0.916046 4.265200 0.000000 0.000000 0.000000 1.000000
0.962882 0.017972 0.269325 -0.001100 -0.089104 0.963011 0.254302 9.868400 -0.254792 -0.268861 0.928867 4.265200 0.000000 0.000000 0.000000 1.000000
0.971169 0.029106 0.236609 -0.001100 -0.087445 0.966829 0.239989 9.868400 -0.221775 -0.253760 0.941500 4.265200 0.000000 0.000000 0.000000 1.000000
0.977252 0.023141 0.210816 -0.001100 -0.073194 0.969755 0.232846 9.868400 -0.199051 -0.242980 0.949389 4.265200 0.000000 0.000000 0.000000 1.000000
0.987478 0.026435 0.155526 -0.001100 -0.067674 0.961525 0.266250 9.868400 -0.142504 -0.273441 0.951274 4.265200 0.000000 0.000000 0.000000 1.000000
0.998739 0.014141 0.048162 -0.001100 -0.027518 0.956709 0.289741 9.868400 -0.041980 -0.290701 0.955892 4.265200 0.000000 0.000000 0.000000 1.000000</float_array>
        <technique_common>
          <accessor source="#mixamorig_Head-Matrix-animation-output-transform-array" count="17" stride="16">
            <param type="float4x4"/>
          </accessor>
        </technique_common>
      </source>
      <source id="mixamorig_Head-Interpolations">
        <Name_array id="mixamorig_Head-Interpolations-array" count="17">
 LINEAR LINEAR LINEAR LINEAR LINEAR LINEAR LINEAR LINEAR LINEAR LINEAR LINEAR
LINEAR LINEAR LINEAR LINEAR LINEAR LINEAR</Name_array>
        <technique_common>
          <accessor source="#mixamorig_Head-Interpolations-array" count="17">
            <param type="name"/>
          </accessor>
        </technique_common>
      </source>
      <sampler id="mixamorig_Head-Matrix-animation-transform">
        <input semantic="INPUT" source="#mixamorig_Head-Matrix-animation-input"/>
        <input semantic="OUTPUT" source="#mixamorig_Head-Matrix-animation-output-transform"/>
        <input semantic="INTERPOLATION" source="#mixamorig_Head-Interpolations"/>
      </sampler>
      <channel source="#mixamorig_Head-Matrix-animation-transform" target="mixamorig_Head/matrix"/>
    </animation>
    <animation id="mixamorig_LeftShoulder-anim" name="mixamorig_LeftShoulder">
      <source id="mixamorig_LeftShoulder-Matrix-animation-input">
        <float_array id="mixamorig_LeftShoulder-Matrix-animation-input-array" count="17">

0.000000 0.033333 0.066667 0.100000 0.133333 0.166667 0.200000 0.233333 0.266667 0.300000 0.333333 0.366667 0.400000 0.433333 0.466667 0.500000
0.533333</float_array>
        <technique_common>
          <accessor source="#mixamorig_LeftShoulder-Matrix-animation-input-array" count="17">
            <param name="TIME" type="float"/>
          </accessor>
        </technique_common>
      </source>
      <source id="mixamorig_LeftShoulder-Matrix-animation-output-transform">
        <float_array id="mixamorig_LeftShoulder-Matrix-animation-output-transform-array" count="272">

0.224243 0.939660 -0.258369 6.211400 0.201393 -0.304080 -0.931116 13.693400 -0.953497 0.156762 -0.257428 -0.924400 0.000000 0.000000 0.000000 1.000000
0.245402 0.963702 -0.105147 6.211400 0.217279 -0.160382 -0.962843 13.693400 -0.944758 0.213437 -0.248750 -0.924400 0.000000 0.000000 0.000000 1.000000
0.335451 0.941944 0.014641 6.211400 0.228685 -0.066345 -0.971237 13.693400 -0.913880 0.329150 -0.237664 -0.924400 0.000000 0.000000 0.000000 1.000000
0.338945 0.940806 -0.000545 6.211400 0.225364 -0.081754 -0.970838 13.693400 -0.913415 0.328938 -0.239734 -0.924400 0.000000 0.000000 0.000000 1.000000
0.274479 0.950639 -0.144730 6.211400 0.208759 -0.205831 -0.956061 13.693400 -0.938659 0.232205 -0.254951 -0.924400 0.000000 0.000000 0.000000 1.000000
0.238535 0.920731 -0.308796 6.211400 0.193196 -0.356610 -0.914060 13.693400 -0.951723 0.158377 -0.262946 -0.924400 0.000000 0.000000 0.000000 1.000000
0.216642 0.885992 -0.409981 6.211400 0.185444 -0.449656 -0.873739 13.693400 -0.958476 0.113260 -0.261717 -0.924400 0.000000 0.000000 0.000000 1.000000
0.243772 0.885166 -0.396304 6.211400 0.181216 -0.443008 -0.878012 13.693400 -0.952752 0.142218 -0.268399 -0.924400 0.000000 0.000000 0.000000 1.000000
0.320121 0.922582 -0.215327 6.211400 0.192163 -0.285796 -0.938826 13.693400 -0.927683 0.259160 -0.268775 -0.924400 0.000000 0.000000 0.000000 1.000000
0.315364 0.948919 -0.009954 6.211400 0.212480 -0.080831 -0.973817 13.693400 -0.924877 0.304991 -0.227117 -0.924400 0.000000 0.000000 0.000000 1.000000
0.262658 0.964754 -0.016137 6.211400 0.190564 -0.068262 -0.979298 13.693400 -0.945884 0.254145 -0.201777 -0.924400 0.000000 0.000000 0.000000 1.000000
0.252279 0.967464 -0.019217 6.211400 0.198867 -0.071272 -0.977432 13.693400 -0.946999 0.242763 -0.210377 -0.924400 0.000000 0.000000 0.000000 1.000000
0.268417 0.962775 -0.031873 6.211400 0.216888 -0.092639 -0.971791 13.693400 -0.938569 0.253932 -0.233680 -0.924400 0.000000 0.000000 0.000000 1.000000
0.262356 0.951386 -0.161354 6.211400 0.206936 -0.218791 -0.953576 13.693400 -0.942522 0.216786 -0.254277 -0.924400 0.000000 0.000000 0.000000 1.000000
0.247899 0.922976 -0.294382 6.211400 0.193052 -0.344837 -0.918596 13.693400 -0.949356 0.170888 -0.263667 -0.924400 0.000000 0.000000 0.000000 1.000000
0.234071 0.912155 -0.336428 6.211400 0.192398 -0.382658 -0.903635 13.693400 -0.952992 0.146787 -0.265066 -0.924400 0.000000 0.000000 0.000000 1.000000
0.224243 0.939660 -0.258369 6.211400 0.201393 -0.304080 -0.931116 13.693400 -0.953497 0.156762 -0.257428 -0.924400 0.000000 0.000000 0.000000 1.000000</float_array>
        <technique_common>
          <accessor source="#mixamorig_LeftShoulder-Matrix-animation-output-transform-array" count="17" stride="16">
            <param type="float4x4"/>
          </accessor>
        </technique_common>
      </source>
      <source id="mixamorig_LeftShoulder-Interpolations">
        <Name_array id="mixamorig_LeftShoulder-Interpolations-array" count="17">
 LINEAR LINEAR LINEAR LINEAR LINEAR LINEAR LINEAR LINEAR LINEAR LINEAR LINEAR
LINEAR LINEAR LINEAR LINEAR LINEAR LINEAR</Name_array>
        <technique_common>
          <accessor source="#mixamorig_LeftShoulder-Interpolations-array" count="17">
            <param type="name"/>
          </accessor>
        </technique_common>
      </source>
      <sampler id="mixamorig_LeftShoulder-Matrix-animation-transform">
        <input semantic="INPUT" source="#mixamorig_LeftShoulder-Matrix-animation-input"/>
        <input semantic="OUTPUT" source="#mixamorig_LeftShoulder-Matrix-animation-output-transform"/>
        <input semantic="INTERPOLATION" source="#mixamorig_LeftShoulder-Interpolations"/>
      </sampler>
      <channel source="#mixamorig_LeftShoulder-Matrix-animation-transform" target="mixamorig_LeftShoulder/matrix"/>
    </animation>
    <animation id="mixamorig_LeftArm-anim" name="mixamorig_LeftArm">
      <source id="mixamorig_LeftArm-Matrix-animation-input">
        <float_array id="mixamorig_LeftArm-Matrix-animation-input-array" count="17">

0.000000 0.033333 0.066667 0.100000 0.133333 0.166667 0.200000 0.233333 0.266667 0.300000 0.333333 0.366667 0.400000 0.433333 0.466667 0.500000
0.533333</float_array>
        <technique_common>
          <accessor source="#mixamorig_LeftArm-Matrix-animation-input-array" count="17">
            <param name="TIME" type="float"/>
          </accessor>
        </technique_common>
      </source>
      <source id="mixamorig_LeftArm-Matrix-animation-output-transform">
        <float_array id="mixamorig_LeftArm-Matrix-animation-output-transform-array" count="272">

0.680754 0.407501 0.608701 0.000000 0.371643 0.523945 -0.766396 11.085300 -0.631233 0.747947 0.205233 -0.000000 0.000000 0.000000 0.000000 1.000000
0.479378 0.592292 0.647602 0.000000 0.362682 0.538254 -0.760753 11.085300 -0.799162 0.599561 0.043214 0.000000 0.000000 0.000000 0.000000 1.000000
0.411595 0.658910 0.629625 0.000000 0.244036 0.585947 -0.772731 11.085300 -0.878086 0.471704 0.080375 0.000000 0.000000 0.000000 0.000000 1.000000
0.557983 0.628007 0.542460 0.000000 0.113559 0.589750 -0.799562 11.085300 -0.822046 0.507743 0.257754 0.000000 0.000000 0.000000 0.000000 1.000000
0.761271 0.506518 0.404853 0.000000 0.026701 0.599338 -0.800050 11.085300 -0.647884 0.619865 0.442734 0.000000 0.000000 0.000000 0.000000 1.000000
0.914540 0.275133 0.296510 0.000000 0.043144 0.662506 -0.747813 11.085300 -0.402188 0.696697 0.594018 -0.000000 0.000000 0.000000 0.000000 1.000000
0.966384 -0.070286 0.247311 0.000000 0.221862 0.714058 -0.664002 11.085300 -0.129924 0.696549 0.705648 0.000000 0.000000 0.000000 0.000000 1.000000
0.901978 -0.408313 0.140411 -0.000000 0.401120 0.672029 -0.622479 11.085300 0.159806 0.617784 0.769938 0.000000 0.000000 0.000000 0.000000 1.000000
0.760028 -0.639397 -0.116314 0.000000 0.380304 0.582704 -0.718209 11.085300 0.526998 0.501624 0.686037 0.000000 0.000000 0.000000 0.000000 1.000000
0.642313 -0.667360 -0.376914 0.000000 0.224765 0.634162 -0.739811 11.085300 0.732745 0.390473 0.557330 0.000000 0.000000 0.000000 0.000000 1.000000
0.635236 -0.532225 -0.559653 -0.000000 0.191170 0.810448 -0.553740 11.085300 0.748284 0.244767 0.616571 0.000000 0.000000 0.000000 0.000000 1.000000
0.800376 -0.425385 -0.422428 -0.000000 0.175757 0.840174 -0.513047 11.085300 0.573156 0.336386 0.747219 -0.000000 0.000000 0.000000 0.000000 1.000000
0.907429 -0.413934 -0.072327 0.000000 0.279196 0.722558 -0.632423 11.085300 0.314042 0.553686 0.771239 0.000000 0.000000 0.000000 0.000000 1.000000
0.918766 -0.357482 0.167561 0.000000 0.361698 0.592028 -0.720193 11.085300 0.158255 0.722295 0.673235 -0.000000 0.000000 0.000000 0.000000 1.000000
0.905929 -0.308252 0.290299 -0.000000 0.412961 0.491695 -0.766615 11.085300 0.093572 0.814381 0.572737 0.000000 0.000000 0.000000 0.000000 1.000000
0.886191 0.023199 0.462739 0.000000 0.392276 0.493891 -0.776010 11.085300 -0.246545 0.869214 0.428581 -0.000000 0.000000 0.000000 0.000000 1.000000
0.680755 0.407501 0.608701 -0.000000 0.371643 0.523945 -0.766396 11.085300 -0.631233 0.747947 0.205233 0.000000 0.000000 0.000000 0.000000 1.000000</float_array>
        <technique_common>
          <accessor source="#mixamorig_LeftArm-Matrix-animation-output-transform-array" count="17" stride="16">
            <param type="float4x4"/>
          </accessor>
        </technique_common>
      </source>
      <source id="mixamorig_LeftArm-Interpolations">
        <Name_array id="mixamorig_LeftArm-Interpolations-array" count="17">
 LINEAR LINEAR LINEAR LINEAR LINEAR LINEAR LINEAR LINEAR LINEAR LINEAR LINEAR
LINEAR LINEAR LINEAR LINEAR LINEAR LINEAR</Name_array>
        <technique_common>
          <accessor source="#mixamorig_LeftArm-Interpolations-array" count="17">
            <param type="name"/>
          </accessor>
        </technique_common>
      </source>
      <sampler id="mixamorig_LeftArm-Matrix-animation-transform">
        <input semantic="INPUT" source="#mixamorig_LeftArm-Matrix-animation-input"/>
        <input semantic="OUTPUT" source="#mixamorig_LeftArm-Matrix-animation-output-transform"/>
        <input semantic="INTERPOLATION" source="#mixamorig_LeftArm-Interpolations"/>
      </sampler>
      <channel source="#mixamorig_LeftArm-Matrix-animation-transform" target="mixamorig_LeftArm/matrix"/>
    </animation>
    <animation id="mixamorig_LeftForeArm-anim" name="mixamorig_LeftForeArm">
      <source id="mixamorig_LeftForeArm-Matrix-animation-input">
        <float_array id="mixamorig_LeftForeArm-Matrix-animation-input-array" count="17">

0.000000 0.033333 0.066667 0.100000 0.133333 0.166667 0.200000 0.233333 0.266667 0.300000 0.333333 0.366667 0.400000 0.433333 0.466667 0.500000
0.533333</float_array>
        <technique_common>
          <accessor source="#mixamorig_LeftForeArm-Matrix-animation-input-array" count="17">
            <param name="TIME" type="float"/>
          </accessor>
        </technique_common>
      </source>
      <source id="mixamorig_LeftForeArm-Matrix-animation-output-transform">
        <float_array id="mixamorig_LeftForeArm-Matrix-animation-output-transform-array" count="272">

0.795022 -0.606581 -0.000006 -0.000000 0.606581 0.795022 -0.000005 29.324200 0.000008 0.000000 1.000000 0.000000 0.000000 0.000000 0.000000 1.000000
0.570028 -0.821625 -0.000004 -0.000000 0.821625 0.570028 -0.000007 29.324200 0.000008 0.000000 1.000000 0.000000 0.000000 0.000000 0.000000 1.000000
0.369242 -0.929333 -0.000003 0.000000 0.929333 0.369242 -0.000007 29.324200 0.000008 -0.000000 1.000000 -0.000000 0.000000 0.000000 0.000000 1.000000
0.404868 -0.914375 -0.000003 0.000000 0.914375 0.404868 -0.000007 29.324200 0.000008 -0.000000 1.000000 -0.000000 0.000000 0.000000 0.000000 1.000000
0.559683 -0.828707 -0.000005 0.000000 0.828707 0.559683 -0.000006 29.324200 0.000008 -0.000000 1.000000 0.000000 0.000000 0.000000 0.000000 1.000000
0.659116 -0.752041 -0.000005 -0.000000 0.752041 0.659116 -0.000006 29.324200 0.000008 -0.000000 1.000000 0.000000 0.000000 0.000000 0.000000 1.000000
0.709514 -0.704692 -0.000006 0.000000 0.704692 0.709514 -0.000006 29.324200 0.000008 -0.000000 1.000000 0.000000 0.000000 0.000000 0.000000 1.000000
0.601944 -0.798538 -0.000005 -0.000000 0.798538 0.601944 -0.000006 29.324200 0.000008 -0.000000 1.000000 -0.000000 0.000000 0.000000 0.000000 1.000000
0.379696 -0.925111 -0.000003 0.000000 0.925111 0.379696 -0.000008 29.324200 0.000008 0.000000 1.000000 -0.000000 0.000000 0.000000 0.000000 1.000000
0.030735 -0.999528 -0.000000 -0.000000 0.999528 0.030735 -0.000008 29.324200 0.000008 0.000000 1.000000 0.000000 0.000000 0.000000 0.000000 1.000000
-0.285977 -0.958236 0.000002 -0.000000 0.958236 -0.285977 -0.000008 29.324200 0.000008 -0.000000 1.000000 0.000000 0.000000 0.000000 0.000000 1.000000
-0.384524 -0.923115 0.000003 -0.000000 0.923115 -0.384524 -0.000007 29.324200 0.000008 0.000000 1.000000 0.000000 0.000000 0.000000 0.000000 1.000000
-0.068605 -0.997644 0.000000 0.000000 0.997644 -0.068605 -0.000008 29.324200 0.000008 -0.000000 1.000000 0.000000 0.000000 0.000000 0.000000 1.000000
0.563475 -0.826133 -0.000005 -0.000000 0.826133 0.563475 -0.000006 29.324200 0.000008 -0.000000 1.000000 0.000000 0.000000 0.000000 0.000000 1.000000
0.989079 -0.147389 -0.000008 -0.000000 0.147389 0.989079 -0.000001 29.324200 0.000008 -0.000000 1.000000 0.000000 0.000000 0.000000 0.000000 1.000000
0.990710 -0.135992 -0.000008 0.000000 0.135992 0.990710 -0.000001 29.324200 0.000008 -0.000000 1.000000 -0.000000 0.000000 0.000000 0.000000 1.000000
0.795022 -0.606581 -0.000007 0.000000 0.606581 0.795022 -0.000005 29.324200 0.000008 -0.000000 1.000000 0.000000 0.000000 0.000000 0.000000 1.000000</float_array>
        <technique_common>
          <accessor source="#mixamorig_LeftForeArm-Matrix-animation-output-transform-array" count="17" stride="16">
