<?xml version="1.0" encoding="utf-8"?>
<COLLADA xmlns="http://www.collada.org/2005/11/COLLADASchema" version="1.4.1">
  <asset>
    <contributor>
      <author>Mixamo</author>
      <authoring_tool>COLLADA Mixamo exporter</authoring_tool>
      <comments/>
    </contributor>
    <created>2026-01-24T17:43:36Z</created>
    <modified>2026-01-24T17:43:36Z</modified>
    <revision/>
    <title/>
    <unit meter="0.010000"/>
    <up_axis>Y_UP</up_axis>
  </asset>
  <library_animations>
    <animation id="mixamorig_Hips-anim" name="mixamorig_Hips">
      <source id="mixamorig_Hips-Matrix-animation-input">
        <float_array id="mixamorig_Hips-Matrix-animation-input-array" count="339">

0.000000 0.033333 0.066667 0.100000 0.133333 0.166667 0.200000 0.233333 0.266667 0.300000 0.333333 0.366667 0.400000 0.433333 0.466667 0.500000
0.533333 0.566667 0.600000 0.633333 0.666667 0.700000 0.733333 0.766667 0.800000 0.833333 0.866667 0.900000 0.933333 0.966667 1.000000 1.033333
1.066667 1.100000 1.133333 1.166667 1.200000 1.233333 1.266667 1.300000 1.333333 1.366667 1.400000 1.433333 1.466667 1.500000 1.533333 1.566667
1.600000 1.633333 1.666667 1.700000 1.733333 1.766667 1.800000 1.833333 1.866667 1.900000 1.933333 1.966667 2.000000 2.033333 2.066667 2.100000
2.133333 2.166667 2.200000 2.233333 2.266667 2.300000 2.333333 2.366667 2.400000 2.433333 2.466667 2.500000 2.533333 2.566667 2.600000 2.633333
2.666667 2.700000 2.733333 2.766667 2.800000 2.833333 2.866667 2.900000 2.933333 2.966667 3.000000 3.033333 3.066667 3.100000 3.133333 3.166667
3.200000 3.233333 3.266667 3.300000 3.333333 3.366667 3.400000 3.433333 3.466667 3.500000 3.533333 3.566667 3.600000 3.633333 3.666667 3.700000
3.733333 3.766667 3.800000 3.833333 3.866667 3.900000 3.933333 3.966667 4.000000 4.033333 4.066667 4.100000 4.133333 4.166667 4.200000 4.233333
4.266667 4.300000 4.333333 4.366667 4.400000 4.433333 4.466667 4.500000 4.533333 4.566667 4.600000 4.633333 4.666667 4.700000 4.733333 4.766667
4.800000 4.833333 4.866667 4.900000 4.933333 4.966667 5.000000 5.033333 5.066667 5.100000 5.133333 5.166667 5.200000 5.233333 5.266667 5.300000
5.333333 5.366667 5.400000 5.433333 5.466667 5.500000 5.533333 5.566667 5.600000 5.633333 5.666667 5.700000 5.733333 5.766667 5.800000 5.833333
5.866667 5.900000 5.933333 5.966667 6.000000 6.033333 6.066667 6.100000 6.133333 6.166667 6.200000 6.233333 6.266667 6.300000 6.333333 6.366667
6.400000 6.433333 6.466667 6.500000 6.533333 6.566667 6.600000 6.633333 6.666667 6.700000 6.733333 6.766667 6.800000 6.833333 6.866667 6.900000
6.933333 6.966667 7.000000 7.033333 7.066667 7.100000 7.133333 7.166667 7.200000 7.233333 7.266667 7.300000 7.333333 7.366667 7.400000 7.433333
7.466667 7.500000 7.533333 7.566667 7.600000 7.633333 7.666667 7.700000 7.733333 7.766667 7.800000 7.833333 7.866667 7.900000 7.933333 7.966667
8.000000 8.033333 8.066667 8.100000 8.133333 8.166667 8.200000 8.233333 8.266667 8.300000 8.333333 8.366667 8.400000 8.433333 8.466667 8.500000
8.533333 8.566667 8.600000 8.633333 8.666667 8.700000 8.733333 8.766667 8.800000 8.833333 8.866667 8.900000 8.933333 8.966667 9.000000 9.033333
9.066667 9.100000 9.133333 9.166667 9.200000 9.233333 9.266667 9.300000 9.333333 9.366667 9.400000 9.433333 9.466667 9.500000 9.533333 9.566667
9.600000 9.633333 9.666667 9.700000 9.733333 9.766667 9.800000 9.833333 9.866667 9.900000 9.933333 9.966667 10.000000 10.033333 10.066667 10.100000
10.133333 10.166667 10.200000 10.233333 10.266667 10.300000 10.333333 10.366667 10.400000 10.433333 10.466667 10.500000 10.533333 10.566667 10.600000 10.633333
10.666667 10.700000 10.733333 10.766667 10.800000 10.833333 10.866667 10.900000 10.933333 10.966667 11.000000 11.033333 11.066667 11.100000 11.133333 11.166667
11.200000 11.233333 11.266667</float_array>
        <technique_common>
          <accessor source="#mixamorig_Hips-Matrix-animation-input-array" count="339">
            <param name="TIME" type="float"/>
          </accessor>
        </technique_common>
      </source>
      <source id="mixamorig_Hips-Matrix-animation-output-transform">
        <float_array id="mixamorig_Hips-Matrix-animation-output-transform-array" count="5424">

0.978118 0.012015 -0.207702 -0.107933 -0.020881 0.998959 -0.040547 109.235535 0.206999 0.043997 0.977351 0.480951 0.000000 0.000000 0.000000 1.000000
0.978271 0.011975 -0.206984 -0.158434 -0.020700 0.998984 -0.040039 109.156258 0.206294 0.043454 0.977525 0.444189 0.000000 0.000000 0.000000 1.000000
0.978460 0.011839 -0.206096 -0.210500 -0.020408 0.999011 -0.039503 109.051666 0.205424 0.042858 0.977734 0.379744 0.000000 0.000000 0.000000 1.000000
0.978668 0.011616 -0.205118 -0.264059 -0.020040 0.999037 -0.039037 108.925369 0.204467 0.042315 0.977958 0.290955 0.000000 0.000000 0.000000 1.000000
0.978896 0.011315 -0.204047 -0.319032 -0.019601 0.999061 -0.038634 108.781113 0.203418 0.041818 0.978198 0.180548 0.000000 0.000000 0.000000 1.000000
0.979141 0.010944 -0.202886 -0.375331 -0.019101 0.999084 -0.038292 108.622681 0.202281 0.041368 0.978453 0.051272 0.000000 0.000000 0.000000 1.000000
0.979404 0.010511 -0.201638 -0.432878 -0.018547 0.999105 -0.038009 108.453812 0.201059 0.040966 0.978722 -0.094106 0.000000 0.000000 0.000000 1.000000
0.979682 0.010026 -0.200308 -0.491558 -0.017950 0.999125 -0.037784 108.278275 0.199754 0.040612 0.979004 -0.252824 0.000000 0.000000 0.000000 1.000000
0.979974 0.009496 -0.198898 -0.551303 -0.017316 0.999142 -0.037615 108.099823 0.198370 0.040306 0.979298 -0.422129 0.000000 0.000000 0.000000 1.000000
0.980280 0.008932 -0.197412 -0.612020 -0.016656 0.999158 -0.037501 107.922218 0.196911 0.040050 0.979603 -0.599255 0.000000 0.000000 0.000000 1.000000
0.980597 0.008344 -0.195854 -0.673599 -0.015979 0.999171 -0.037439 107.749191 0.195380 0.039843 0.979918 -0.781446 0.000000 0.000000 0.000000 1.000000
0.980926 0.007739 -0.194228 -0.735947 -0.015294 0.999182 -0.037429 107.584541 0.193779 0.039685 0.980242 -0.965940 0.000000 0.000000 0.000000 1.000000
0.981265 0.007147 -0.192533 -0.798892 -0.014628 0.999191 -0.037463 107.432045 0.192109 0.039578 0.980575 -1.149989 0.000000 0.000000 0.000000 1.000000
0.981613 0.006497 -0.190771 -0.862673 -0.013923 0.999195 -0.037614 107.295425 0.190373 0.039579 0.980914 -1.331004 0.000000 0.000000 0.000000 1.000000
0.981969 0.005807 -0.188953 -0.927317 -0.013178 0.999199 -0.037776 107.178482 0.188583 0.039585 0.981259 -1.505929 0.000000 0.000000 0.000000 1.000000
0.982331 0.005071 -0.187082 -0.992837 -0.012385 0.999203 -0.037947 107.085007 0.186740 0.039594 0.981611 -1.672011 0.000000 0.000000 0.000000 1.000000
0.982698 0.004287 -0.185163 -1.059103 -0.011550 0.999205 -0.038163 107.018715 0.184853 0.039642 0.981966 -1.826672 0.000000 0.000000 0.000000 1.000000
0.983071 0.003115 -0.183198 -1.127997 -0.010398 0.999193 -0.038808 106.983322 0.182929 0.040056 0.982310 -1.965689 0.000000 0.000000 0.000000 1.000000
0.983447 0.001473 -0.181188 -1.199954 -0.008871 0.999159 -0.040027 106.982895 0.180977 0.040972 0.982634 -2.085234 0.000000 0.000000 0.000000 1.000000
0.983824 -0.000439 -0.179139 -1.273791 -0.007188 0.999095 -0.041924 106.988014 0.178995 0.042533 0.982930 -2.181625 0.000000 0.000000 0.000000 1.000000
0.984200 -0.001961 -0.177052 -1.345584 -0.005881 0.999025 -0.043759 107.009232 0.176965 0.044109 0.983228 -2.255704 0.000000 0.000000 0.000000 1.000000
0.984576 -0.003085 -0.174931 -1.415300 -0.004922 0.998960 -0.045320 107.035912 0.174889 0.045482 0.983537 -2.305744 0.000000 0.000000 0.000000 1.000000
0.984954 -0.003684 -0.172778 -1.482118 -0.004372 0.998922 -0.046223 107.063057 0.172762 0.046282 0.983876 -2.341055 0.000000 0.000000 0.000000 1.000000
0.985316 -0.004084 -0.170694 -1.547928 -0.004001 0.998887 -0.046997 107.091751 0.170696 0.046989 0.984203 -2.368360 0.000000 0.000000 0.000000 1.000000
0.985658 -0.004533 -0.168691 -1.614013 -0.003582 0.998852 -0.047769 107.123276 0.168714 0.047688 0.984511 -2.387146 0.000000 0.000000 0.000000 1.000000
0.985972 -0.005657 -0.166817 -1.684099 -0.002499 0.998813 -0.048646 107.170364 0.166895 0.048380 0.984787 -2.397291 0.000000 0.000000 0.000000 1.000000
0.986271 -0.007146 -0.164979 -1.756359 -0.001056 0.998770 -0.049573 107.254097 0.165130 0.049067 0.985050 -2.398589 0.000000 0.000000 0.000000 1.000000
0.986552 -0.008483 -0.163230 -1.827608 0.000236 0.998725 -0.050472 107.318344 0.163450 0.049755 0.985296 -2.390053 0.000000 0.000000 0.000000 1.000000
0.986807 -0.009483 -0.161625 -1.896841 0.001192 0.998682 -0.051318 107.401886 0.161898 0.050448 0.985517 -2.368810 0.000000 0.000000 0.000000 1.000000
0.987034 -0.009679 -0.160216 -1.961049 0.001347 0.998644 -0.052035 107.506599 0.160503 0.051145 0.985709 -2.331590 0.000000 0.000000 0.000000 1.000000
0.987219 -0.009994 -0.159057 -2.025981 0.001586 0.998598 -0.052901 107.610107 0.159362 0.051973 0.985851 -2.278907 0.000000 0.000000 0.000000 1.000000
0.987354 -0.010284 -0.158200 -2.090880 0.001740 0.998537 -0.054053 107.749817 0.158524 0.053094 0.985927 -2.192278 0.000000 0.000000 0.000000 1.000000
0.987431 -0.010592 -0.157696 -2.155062 0.001781 0.998434 -0.055910 107.897728 0.158042 0.054926 0.985904 -2.096159 0.000000 0.000000 0.000000 1.000000
0.987447 -0.010471 -0.157606 -2.216638 0.001257 0.998290 -0.058447 108.051987 0.157948 0.057515 0.985771 -1.980359 0.000000 0.000000 0.000000 1.000000
0.987390 -0.010154 -0.157981 -2.276611 0.000340 0.998075 -0.062023 108.178093 0.158307 0.061187 0.985492 -1.804255 0.000000 0.000000 0.000000 1.000000
0.987249 -0.009950 -0.158871 -2.336887 -0.000568 0.997818 -0.066023 108.315384 0.159181 0.065271 0.985089 -1.602188 0.000000 0.000000 0.000000 1.000000
0.987014 -0.009977 -0.160326 -2.398196 -0.001280 0.997549 -0.069959 108.488525 0.160631 0.069255 0.984582 -1.401456 0.000000 0.000000 0.000000 1.000000
0.986671 -0.010356 -0.162398 -2.461384 -0.001614 0.997301 -0.073404 108.639343 0.162720 0.072688 0.983991 -1.193929 0.000000 0.000000 0.000000 1.000000
0.986208 -0.011079 -0.165137 -2.527818 -0.001602 0.997071 -0.076460 108.771866 0.165500 0.075670 0.983302 -1.000600 0.000000 0.000000 0.000000 1.000000
0.985613 -0.011736 -0.168607 -2.593532 -0.001606 0.996891 -0.078780 108.891975 0.169008 0.077917 0.982530 -0.820351 0.000000 0.000000 0.000000 1.000000
0.984884 -0.011853 -0.172809 -2.676417 -0.001908 0.996853 -0.079245 108.987762 0.173204 0.078377 0.981762 -0.674601 0.000000 0.000000 0.000000 1.000000
0.983998 -0.011189 -0.177829 -2.743596 -0.002612 0.997013 -0.077184 109.052139 0.178162 0.076413 0.981030 -0.536648 0.000000 0.000000 0.000000 1.000000
0.983000 -0.010058 -0.183329 -2.802150 -0.003519 0.997283 -0.073581 109.103882 0.183571 0.072975 0.980294 -0.419266 0.000000 0.000000 0.000000 1.000000
0.981960 -0.009239 -0.188861 -2.856536 -0.004013 0.997562 -0.069664 109.147499 0.189044 0.069165 0.979530 -0.334470 0.000000 0.000000 0.000000 1.000000
0.981027 -0.009188 -0.193651 -2.926230 -0.003577 0.997848 -0.065465 109.145912 0.193836 0.064915 0.978884 -0.265236 0.000000 0.000000 0.000000 1.000000
0.980355 -0.009202 -0.197024 -2.986058 -0.002812 0.998158 -0.060611 109.151009 0.197219 0.059974 0.978523 -0.223193 0.000000 0.000000 0.000000 1.000000
0.980147 -0.009189 -0.198061 -3.053834 -0.001968 0.998425 -0.056062 109.140785 0.198264 0.055339 0.978585 -0.206332 0.000000 0.000000 0.000000 1.000000
0.980522 -0.009419 -0.196182 -3.126209 -0.000799 0.998650 -0.051941 109.131470 0.196406 0.051086 0.979191 -0.227289 0.000000 0.000000 0.000000 1.000000
0.981444 -0.010298 -0.191473 -3.195952 0.001078 0.998838 -0.048191 109.100235 0.191747 0.047091 0.980314 -0.303053 0.000000 0.000000 0.000000 1.000000
0.982877 -0.011265 -0.183918 -3.287343 0.003093 0.998998 -0.044658 109.022568 0.184237 0.043325 0.981927 -0.444623 0.000000 0.000000 0.000000 1.000000
0.984715 -0.012345 -0.173738 -3.383237 0.005228 0.999131 -0.041361 108.908447 0.174098 0.039820 0.983923 -0.631256 0.000000 0.000000 0.000000 1.000000
0.986928 -0.013292 -0.160610 -3.490195 0.007230 0.999241 -0.038269 108.747131 0.160997 0.036607 0.986276 -0.875945 0.000000 0.000000 0.000000 1.000000
0.989015 -0.013895 -0.147158 -3.609268 0.008765 0.999333 -0.035451 108.550499 0.147552 0.033772 0.988478 -1.152742 0.000000 0.000000 0.000000 1.000000
0.990863 -0.014444 -0.134097 -3.720291 0.010096 0.999403 -0.033043 108.345161 0.134495 0.031387 0.990417 -1.413014 0.000000 0.000000 0.000000 1.000000
0.992354 -0.015029 -0.122505 -3.846475 0.011289 0.999451 -0.031165 108.117363 0.122906 0.029544 0.991978 -1.693406 0.000000 0.000000 0.000000 1.000000
0.993541 -0.015380 -0.112425 -3.956926 0.012091 0.999481 -0.029875 107.908188 0.112826 0.028323 0.993211 -1.937803 0.000000 0.000000 0.000000 1.000000
0.994455 -0.015503 -0.104012 -4.038999 0.012494 0.999486 -0.029513 107.744156 0.104416 0.028050 0.994138 -2.125305 0.000000 0.000000 0.000000 1.000000
0.995066 -0.015740 -0.097956 -4.127693 0.012876 0.999473 -0.029801 107.588455 0.098374 0.028393 0.994744 -2.325380 0.000000 0.000000 0.000000 1.000000
0.995396 -0.016309 -0.094450 -4.187147 0.013451 0.999435 -0.030809 107.446472 0.094899 0.029396 0.995053 -2.490562 0.000000 0.000000 0.000000 1.000000
0.995551 -0.017187 -0.092646 -4.212661 0.014196 0.999360 -0.032848 107.336395 0.093152 0.031387 0.995157 -2.628773 0.000000 0.000000 0.000000 1.000000
0.995759 -0.017970 -0.090231 -4.228405 0.014799 0.999253 -0.035689 107.235115 0.090805 0.034202 0.995281 -2.747865 0.000000 0.000000 0.000000 1.000000
0.996121 -0.018379 -0.086049 -4.210320 0.015119 0.999149 -0.038381 107.114021 0.086681 0.036931 0.995551 -2.855498 0.000000 0.000000 0.000000 1.000000
0.996684 -0.018469 -0.079240 -4.172888 0.015358 0.999094 -0.039692 107.005768 0.079901 0.038344 0.996065 -2.934465 0.000000 0.000000 0.000000 1.000000
0.997438 -0.018657 -0.069057 -4.123140 0.015852 0.999036 -0.040942 106.927406 0.069754 0.039743 0.996772 -2.967334 0.000000 0.000000 0.000000 1.000000
0.998279 -0.018529 -0.055631 -4.027038 0.016202 0.998987 -0.041983 106.850777 0.056353 0.041010 0.997568 -2.991708 0.000000 0.000000 0.000000 1.000000
0.998988 -0.018050 -0.041195 -3.908733 0.016290 0.998957 -0.042651 106.804077 0.041922 0.041936 0.998240 -2.954444 0.000000 0.000000 0.000000 1.000000
0.999445 -0.017798 -0.028143 -3.775219 0.016575 0.998932 -0.043128 106.794785 0.028880 0.042638 0.998673 -2.853998 0.000000 0.000000 0.000000 1.000000
0.999684 -0.018083 -0.017486 -3.568596 0.017294 0.998870 -0.044266 106.845436 0.018267 0.043949 0.998867 -2.699254 0.000000 0.000000 0.000000 1.000000
0.999791 -0.018550 -0.008565 -3.349673 0.018139 0.998790 -0.045719 106.918549 0.009403 0.045555 0.998918 -2.513714 0.000000 0.000000 0.000000 1.000000
0.999851 -0.017236 -0.000310 -3.124194 0.017203 0.998760 -0.046714 107.018692 0.001114 0.046702 0.998908 -2.294176 0.000000 0.000000 0.000000 1.000000
0.999883 -0.013445 0.007289 -2.852795 0.013772 0.998807 -0.046842 107.145790 -0.006651 0.046937 0.998876 -2.045255 0.000000 0.000000 0.000000 1.000000
0.999864 -0.008227 0.014277 -2.573036 0.008893 0.998845 -0.047210 107.270416 -0.013872 0.047331 0.998783 -1.749400 0.000000 0.000000 0.000000 1.000000
0.999754 -0.003486 0.021926 -2.245041 0.004545 0.998816 -0.048440 107.433388 -0.021731 0.048528 0.998585 -1.449766 0.000000 0.000000 0.000000 1.000000
0.999518 -0.000203 0.031050 -1.867058 0.001800 0.998676 -0.051403 107.587753 -0.030999 0.051434 0.998195 -1.158313 0.000000 0.000000 0.000000 1.000000
0.999134 0.001779 0.041568 -1.454859 0.000519 0.998475 -0.055209 107.718292 -0.041602 0.055183 0.997609 -0.886273 0.000000 0.000000 0.000000 1.000000
0.998604 0.002707 0.052752 -1.010369 0.000385 0.998286 -0.058514 107.840332 -0.052820 0.058453 0.996892 -0.593701 0.000000 0.000000 0.000000 1.000000
0.997968 0.003417 0.063623 -0.528927 0.000441 0.998166 -0.060536 107.938377 -0.063713 0.060441 0.996136 -0.303281 0.000000 0.000000 0.000000 1.000000
0.997344 0.004746 0.072674 -0.023100 -0.000273 0.998111 -0.061432 108.007980 -0.072828 0.061249 0.995462 -0.036221 0.000000 0.000000 0.000000 1.000000
0.996804 0.006758 0.079601 0.485579 -0.001862 0.998110 -0.061424 108.064751 -0.079866 0.061080 0.994932 0.223213 0.000000 0.000000 0.000000 1.000000
0.996468 0.008951 0.083495 0.985820 -0.003806 0.998095 -0.061578 108.100677 -0.083887 0.061043 0.994604 0.475534 0.000000 0.000000 0.000000 1.000000
0.996378 0.011663 0.084228 1.493342 -0.006405 0.998029 -0.062431 108.116013 -0.084790 0.061665 0.994489 0.705060 0.000000 0.000000 0.000000 1.000000
0.996567 0.014275 0.081545 1.987263 -0.009109 0.997949 -0.063370 108.086525 -0.082282 0.062410 0.994653 0.975020 0.000000 0.000000 0.000000 1.000000
0.996902 0.016858 0.076830 2.567829 -0.011929 0.997868 -0.064170 108.062881 -0.077748 0.063055 0.994977 1.249151 0.000000 0.000000 0.000000 1.000000
0.997278 0.018448 0.071387 3.123124 -0.013844 0.997824 -0.064458 108.039108 -0.072421 0.063294 0.995364 1.550926 0.000000 0.000000 0.000000 1.000000
0.997610 0.019773 0.066207 3.700495 -0.015434 0.997739 -0.065419 107.999535 -0.067350 0.064241 0.995659 1.869566 0.000000 0.000000 0.000000 1.000000
0.997899 0.019931 0.061646 4.281570 -0.015771 0.997611 -0.067256 107.944580 -0.062839 0.066143 0.995829 2.200341 0.000000 0.000000 0.000000 1.000000
0.998167 0.019565 0.057262 4.846972 -0.015588 0.997487 -0.069107 107.898674 -0.058470 0.068088 0.995964 2.602559 0.000000 0.000000 0.000000 1.000000
0.998436 0.019317 0.052460 5.383819 -0.015637 0.997447 -0.069673 107.920769 -0.053672 0.068744 0.996190 3.051961 0.000000 0.000000 0.000000 1.000000
0.998749 0.018797 0.046330 5.871656 -0.015570 0.997491 -0.069056 108.027763 -0.047511 0.068248 0.996536 3.508867 0.000000 0.000000 0.000000 1.000000
0.999131 0.017047 0.038036 6.291032 -0.014431 0.997579 -0.068031 108.199539 -0.039104 0.067423 0.996958 3.951826 0.000000 0.000000 0.000000 1.000000
0.999534 0.013876 0.027198 6.660480 -0.012000 0.997616 -0.067952 108.408264 -0.028076 0.067594 0.997318 4.359671 0.000000 0.000000 0.000000 1.000000
0.999832 0.009809 0.015498 6.969069 -0.008720 0.997589 -0.068847 108.632187 -0.016136 0.068700 0.997507 4.709912 0.000000 0.000000 0.000000 1.000000
0.999974 0.004688 0.005461 7.213829 -0.004292 0.997510 -0.070399 108.837868 -0.005777 0.070374 0.997504 5.021667 0.000000 0.000000 0.000000 1.000000
0.999998 -0.000374 -0.001974 7.409236 0.000230 0.997366 -0.072531 109.018028 0.001996 0.072530 0.997364 5.283334 0.000000 0.000000 0.000000 1.000000
0.999955 -0.005132 -0.007920 7.522079 0.004527 0.997205 -0.074571 109.168579 0.008281 0.074532 0.997184 5.437661 0.000000 0.000000 0.000000 1.000000
0.999838 -0.008718 -0.015717 7.597386 0.007490 0.997037 -0.076554 109.287888 0.016338 0.076424 0.996942 5.555490 0.000000 0.000000 0.000000 1.000000
0.999575 -0.010677 -0.027117 7.629456 0.008540 0.996938 -0.077730 109.378258 0.027864 0.077466 0.996606 5.607661 0.000000 0.000000 0.000000 1.000000
0.999065 -0.011210 -0.041743 7.560978 0.007907 0.996886 -0.078462 109.453491 0.042493 0.078058 0.996043 5.647498 0.000000 0.000000 0.000000 1.000000
0.998248 -0.010015 -0.058313 7.506477 0.005417 0.996901 -0.078481 109.497543 0.058919 0.078027 0.995209 5.610351 0.000000 0.000000 0.000000 1.000000
0.997080 -0.008321 -0.075905 7.393198 0.002367 0.996936 -0.078190 109.525253 0.076323 0.077782 0.994045 5.528865 0.000000 0.000000 0.000000 1.000000
0.995685 -0.005438 -0.092636 7.283474 -0.001772 0.996985 -0.077569 109.528526 0.092778 0.077399 0.992674 5.431139 0.000000 0.000000 0.000000 1.000000
0.994191 -0.002770 -0.107594 7.155492 -0.005527 0.997036 -0.076732 109.516884 0.107488 0.076881 0.991229 5.303096 0.000000 0.000000 0.000000 1.000000
0.992574 -0.001096 -0.121641 7.044427 -0.008189 0.997089 -0.075810 109.483978 0.121370 0.076243 0.989675 5.140968 0.000000 0.000000 0.000000 1.000000
0.990758 0.000052 -0.135644 6.940502 -0.010291 0.997146 -0.074787 109.434631 0.135253 0.075491 0.987931 4.953254 0.000000 0.000000 0.000000 1.000000
0.988537 0.000714 -0.150974 6.801432 -0.011974 0.997210 -0.073682 109.369392 0.150501 0.074645 0.985788 4.709449 0.000000 0.000000 0.000000 1.000000
0.985658 0.001418 -0.168749 6.687726 -0.013835 0.997277 -0.072431 109.277367 0.168187 0.073727 0.982994 4.467018 0.000000 0.000000 0.000000 1.000000
0.981833 0.001509 -0.189742 6.625671 -0.015281 0.997349 -0.071142 109.175110 0.189132 0.072749 0.979253 4.210794 0.000000 0.000000 0.000000 1.000000
0.977163 0.001217 -0.212488 6.501599 -0.016422 0.997425 -0.069809 109.076065 0.211856 0.071705 0.974667 3.985651 0.000000 0.000000 0.000000 1.000000
0.971459 0.001572 -0.237203 6.383992 -0.018276 0.997501 -0.068242 108.973160 0.236503 0.070629 0.969060 3.737270 0.000000 0.000000 0.000000 1.000000
0.964865 0.002780 -0.262733 6.315535 -0.020943 0.997576 -0.066355 108.840698 0.261911 0.069526 0.962584 3.380131 0.000000 0.000000 0.000000 1.000000
0.957978 0.003572 -0.286821 6.177220 -0.023031 0.997652 -0.064498 108.733978 0.285917 0.068394 0.955810 3.087604 0.000000 0.000000 0.000000 1.000000
0.951394 0.005089 -0.307933 6.062329 -0.025541 0.997723 -0.062425 108.607262 0.306914 0.067256 0.949358 2.752537 0.000000 0.000000 0.000000 1.000000
0.945595 0.006727 -0.325277 5.947262 -0.027852 0.997790 -0.060333 108.470589 0.324153 0.066111 0.943692 2.412415 0.000000 0.000000 0.000000 1.000000
0.940816 0.007854 -0.338827 5.831271 -0.029387 0.997857 -0.058469 108.379311 0.337642 0.064966 0.939030 2.074510 0.000000 0.000000 0.000000 1.000000
0.937088 0.008119 -0.348998 5.703818 -0.029871 0.997928 -0.056989 108.284798 0.347812 0.063829 0.935389 1.748383 0.000000 0.000000 0.000000 1.000000
0.934394 0.007575 -0.356161 5.563321 -0.029401 0.998003 -0.055905 108.178932 0.355026 0.062709 0.932751 1.421156 0.000000 0.000000 0.000000 1.000000
0.932630 0.006939 -0.360767 5.411291 -0.028697 0.998075 -0.054987 108.070984 0.359690 0.061635 0.931034 1.116348 0.000000 0.000000 0.000000 1.000000
0.931584 0.006036 -0.363475 5.252279 -0.027637 0.998144 -0.054258 107.966339 0.362473 0.060591 0.930022 0.827525 0.000000 0.000000 0.000000 1.000000
0.931070 0.004800 -0.364810 5.083586 -0.026038 0.998238 -0.053320 107.860168 0.363911 0.059144 0.929554 0.538333 0.000000 0.000000 0.000000 1.000000
0.931022 0.003666 -0.364946 4.914895 -0.024261 0.998359 -0.051865 107.749588 0.364157 0.057141 0.929583 0.281326 0.000000 0.000000 0.000000 1.000000
0.931473 0.002977 -0.363798 4.716959 -0.022697 0.998494 -0.049943 107.648613 0.363101 0.054778 0.930138 0.038666 0.000000 0.000000 0.000000 1.000000
0.932327 0.002633 -0.361605 4.493995 -0.021526 0.998604 -0.048228 107.553864 0.360974 0.052749 0.931083 -0.212405 0.000000 0.000000 0.000000 1.000000
0.933715 0.002587 -0.358008 4.244762 -0.020653 0.998698 -0.046646 107.465111 0.357421 0.050948 0.932553 -0.434663 0.000000 0.000000 0.000000 1.000000
0.935329 0.002279 -0.353772 3.977235 -0.019545 0.998785 -0.045239 107.390762 0.353239 0.049228 0.934237 -0.651621 0.000000 0.000000 0.000000 1.000000
0.937150 0.001897 -0.348921 3.710796 -0.018304 0.998876 -0.043729 107.351624 0.348446 0.047367 0.936131 -0.841995 0.000000 0.000000 0.000000 1.000000
0.938979 0.001835 -0.343969 3.438378 -0.017408 0.998958 -0.042191 107.335327 0.343533 0.045604 0.938033 -0.992651 0.000000 0.000000 0.000000 1.000000
0.940777 0.002209 -0.339018 3.165414 -0.017039 0.999023 -0.040774 107.356079 0.338597 0.044136 0.939896 -1.108236 0.000000 0.000000 0.000000 1.000000
0.942837 0.002923 -0.333241 2.905111 -0.016995 0.999082 -0.039318 107.447769 0.332820 0.042734 0.942022 -1.171102 0.000000 0.000000 0.000000 1.000000
0.945257 0.003593 -0.326306 2.646567 -0.016989 0.999125 -0.038213 107.545418 0.325883 0.041665 0.944492 -1.191354 0.000000 0.000000 0.000000 1.000000
0.948052 0.004014 -0.318089 2.384138 -0.016990 0.999132 -0.038028 107.678505 0.317660 0.041457 0.947298 -1.142724 0.000000 0.000000 0.000000 1.000000
0.950864 0.004214 -0.309580 2.134300 -0.017039 0.999104 -0.038737 107.838280 0.309140 0.042109 0.950084 -1.058053 0.000000 0.000000 0.000000 1.000000
0.953139 0.004354 -0.302501 1.890253 -0.017295 0.999045 -0.040115 108.013420 0.302038 0.043467 0.952304 -0.933155 0.000000 0.000000 0.000000 1.000000
0.954957 0.004257 -0.296713 1.649778 -0.017493 0.998966 -0.041969 108.221100 0.296228 0.045269 0.954044 -0.760357 0.000000 0.000000 0.000000 1.000000
0.956383 0.003564 -0.292095 1.415173 -0.017386 0.998847 -0.044739 108.397766 0.291599 0.047866 0.955342 -0.583043 0.000000 0.000000 0.000000 1.000000
0.957598 0.002716 -0.288093 1.199251 -0.017344 0.998685 -0.048235 108.547981 0.287584 0.051187 0.956387 -0.415265 0.000000 0.000000 0.000000 1.000000
0.958785 0.001608 -0.284128 0.951917 -0.016992 0.998519 -0.051686 108.680321 0.283624 0.054383 0.957392 -0.247968 0.000000 0.000000 0.000000 1.000000
0.960002 0.001034 -0.279991 0.779371 -0.017040 0.998355 -0.054737 108.795395 0.279474 0.057319 0.958441 -0.093423 0.000000 0.000000 0.000000 1.000000
0.961141 0.000012 -0.276059 0.587648 -0.016559 0.998202 -0.057609 108.888184 0.275562 0.059941 0.959413 0.026906 0.000000 0.000000 0.000000 1.000000
0.962478 -0.000507 -0.271360 0.381007 -0.016519 0.998034 -0.060454 108.963905 0.270857 0.062668 0.960577 0.150185 0.000000 0.000000 0.000000 1.000000
0.964222 -0.001098 -0.265094 0.173645 -0.016113 0.997900 -0.062742 109.050049 0.264606 0.064769 0.962179 0.248802 0.000000 0.000000 0.000000 1.000000
0.966176 -0.001867 -0.257876 -0.024181 -0.015264 0.997807 -0.064414 109.121437 0.257431 0.066171 0.964028 0.345552 0.000000 0.000000 0.000000 1.000000
0.968257 -0.002452 -0.249945 -0.240139 -0.014394 0.997745 -0.065550 109.196426 0.249542 0.067067 0.966039 0.427910 0.000000 0.000000 0.000000 1.000000
0.970597 -0.002458 -0.240698 -0.459545 -0.014022 0.997673 -0.066729 109.278824 0.240302 0.068142 0.968303 0.468858 0.000000 0.000000 0.000000 1.000000
0.973094 -0.002116 -0.230398 -0.677085 -0.013904 0.997596 -0.067885 109.345604 0.229988 0.069262 0.970726 0.459133 0.000000 0.000000 0.000000 1.000000
0.975571 -0.001554 -0.219680 -0.908694 -0.013897 0.997536 -0.068771 109.396355 0.219246 0.070144 0.973145 0.429617 0.000000 0.000000 0.000000 1.000000
0.977823 -0.000619 -0.209431 -1.150655 -0.014099 0.997533 -0.068776 109.422379 0.208957 0.070203 0.975402 0.355918 0.000000 0.000000 0.000000 1.000000
0.979814 0.000675 -0.199912 -1.383438 -0.014598 0.997566 -0.068182 109.427948 0.199380 0.069724 0.977439 0.255121 0.000000 0.000000 0.000000 1.000000
0.981465 0.001626 -0.191635 -1.619066 -0.014814 0.997616 -0.067405 109.408981 0.191068 0.068994 0.979149 0.121092 0.000000 0.000000 0.000000 1.000000
0.982847 0.002454 -0.184406 -1.849734 -0.014961 0.997677 -0.066462 109.385254 0.183814 0.068081 0.980601 -0.036111 0.000000 0.000000 0.000000 1.000000
0.984012 0.002926 -0.178077 -2.080341 -0.014822 0.997742 -0.065509 109.361458 0.177483 0.067101 0.981834 -0.217582 0.000000 0.000000 0.000000 1.000000
0.984991 0.002844 -0.172585 -2.305985 -0.014228 0.997799 -0.064761 109.304153 0.172021 0.066245 0.982863 -0.445325 0.000000 0.000000 0.000000 1.000000
0.985792 0.002231 -0.167954 -2.520371 -0.013230 0.997836 -0.064400 109.217644 0.167447 0.065707 0.983689 -0.700199 0.000000 0.000000 0.000000 1.000000
0.986414 0.001148 -0.164277 -2.702780 -0.011775 0.997898 -0.063727 109.101334 0.163858 0.064795 0.984354 -0.998571 0.000000 0.000000 0.000000 1.000000
0.986958 -0.000616 -0.160977 -2.863365 -0.009640 0.997972 -0.062919 108.943748 0.160689 0.063650 0.984951 -1.306131 0.000000 0.000000 0.000000 1.000000
0.987502 -0.002470 -0.157589 -3.026233 -0.007374 0.998058 -0.061847 108.760529 0.157436 0.062236 0.985566 -1.605356 0.000000 0.000000 0.000000 1.000000
0.988103 -0.004004 -0.153740 -3.141808 -0.005428 0.998130 -0.060883 108.547562 0.153696 0.060993 0.986234 -1.899544 0.000000 0.000000 0.000000 1.000000
0.988688 -0.005442 -0.149886 -3.210943 -0.003541 0.998216 -0.059604 108.314468 0.149943 0.059461 0.986905 -2.183519 0.000000 0.000000 0.000000 1.000000
0.989286 -0.006791 -0.145830 -3.265667 -0.001496 0.998393 -0.056642 108.067932 0.145981 0.056253 0.987687 -2.431282 0.000000 0.000000 0.000000 1.000000
0.989879 -0.007706 -0.141704 -3.299997 0.000272 0.998626 -0.052407 107.847855 0.141913 0.051838 0.988521 -2.636719 0.000000 0.000000 0.000000 1.000000
0.990508 -0.008485 -0.137194 -3.283965 0.001935 0.998855 -0.047807 107.649277 0.137443 0.047088 0.989390 -2.835399 0.000000 0.000000 0.000000 1.000000
0.991082 -0.009695 -0.132898 -3.279164 0.003853 0.999018 -0.044145 107.468475 0.133196 0.043239 0.990146 -3.003537 0.000000 0.000000 0.000000 1.000000
0.991679 -0.010638 -0.128299 -3.251286 0.005349 0.999124 -0.041494 107.301361 0.128628 0.040463 0.990867 -3.164399 0.000000 0.000000 0.000000 1.000000
0.992256 -0.011269 -0.123695 -3.206578 0.006454 0.999208 -0.039254 107.133881 0.124040 0.038152 0.991544 -3.326329 0.000000 0.000000 0.000000 1.000000
0.992820 -0.011539 -0.119057 -3.143120 0.007157 0.999283 -0.037167 106.994591 0.119401 0.036048 0.992192 -3.454039 0.000000 0.000000 0.000000 1.000000
0.993383 -0.011331 -0.114285 -3.071552 0.007353 0.999354 -0.035169 106.866158 0.114609 0.034096 0.992825 -3.577967 0.000000 0.000000 0.000000 1.000000
0.993940 -0.011319 -0.109335 -2.982767 0.007656 0.999397 -0.033869 106.729149 0.109653 0.032827 0.993428 -3.699953 0.000000 0.000000 0.000000 1.000000
0.994466 -0.011788 -0.104395 -2.858195 0.008420 0.999432 -0.032642 106.645851 0.104720 0.031583 0.994000 -3.819775 0.000000 0.000000 0.000000 1.000000
0.994913 -0.012543 -0.099954 -2.763772 0.009415 0.999453 -0.031700 106.546829 0.100297 0.030597 0.994487 -3.893386 0.000000 0.000000 0.000000 1.000000
0.995281 -0.012888 -0.096177 -2.657093 0.009931 0.999465 -0.031165 106.444290 0.096527 0.030062 0.994876 -3.948118 0.000000 0.000000 0.000000 1.000000
0.995576 -0.012838 -0.093079 -2.554517 0.010032 0.999483 -0.030553 106.370613 0.093423 0.029484 0.995190 -3.973952 0.000000 0.000000 0.000000 1.000000
0.995824 -0.012491 -0.090431 -2.458902 0.009811 0.999501 -0.030029 106.322502 0.090761 0.029016 0.995450 -3.964265 0.000000 0.000000 0.000000 1.000000
0.996072 -0.011830 -0.087756 -2.371202 0.009240 0.999511 -0.029862 106.278107 0.088066 0.028934 0.995694 -3.939872 0.000000 0.000000 0.000000 1.000000
0.996335 -0.011232 -0.084797 -2.292962 0.008714 0.999512 -0.030000 106.252289 0.085093 0.029151 0.995946 -3.879248 0.000000 0.000000 0.000000 1.000000
0.996678 -0.010845 -0.080714 -2.236182 0.008444 0.999514 -0.030024 106.251022 0.081001 0.029242 0.996285 -3.792393 0.000000 0.000000 0.000000 1.000000
0.997151 -0.010492 -0.074701 -2.175933 0.008265 0.999514 -0.030048 106.271454 0.074980 0.029345 0.996753 -3.690805 0.000000 0.000000 0.000000 1.000000
0.997658 -0.010293 -0.067626 -2.119122 0.008268 0.999511 -0.030156 106.308914 0.067903 0.029526 0.997255 -3.579729 0.000000 0.000000 0.000000 1.000000
0.998082 -0.010113 -0.061071 -2.080143 0.008283 0.999511 -0.030136 106.378258 0.061346 0.029573 0.997678 -3.428273 0.000000 0.000000 0.000000 1.000000
0.998418 -0.009969 -0.055340 -2.048684 0.008310 0.999511 -0.030131 106.476166 0.055614 0.029623 0.998013 -3.252061 0.000000 0.000000 0.000000 1.000000
0.998681 -0.009870 -0.050391 -2.024728 0.008346 0.999504 -0.030371 106.616615 0.050666 0.029910 0.998268 -3.056319 0.000000 0.000000 0.000000 1.000000
0.998852 -0.009847 -0.046875 -2.009047 0.008388 0.999477 -0.031220 106.792023 0.047158 0.030791 0.998413 -2.836852 0.000000 0.000000 0.000000 1.000000
0.998929 -0.009928 -0.045203 -1.994702 0.008430 0.999413 -0.033211 106.995804 0.045506 0.032794 0.998426 -2.588607 0.000000 0.000000 0.000000 1.000000
0.998939 -0.009942 -0.044974 -1.984377 0.008334 0.999324 -0.035793 107.224419 0.045300 0.035381 0.998347 -2.326904 0.000000 0.000000 0.000000 1.000000
0.998888 -0.009601 -0.046169 -1.966470 0.007811 0.999216 -0.038800 107.484459 0.046505 0.038396 0.998180 -2.038193 0.000000 0.000000 0.000000 1.000000
0.998784 -0.008886 -0.048501 -1.963221 0.006848 0.999093 -0.042032 107.746773 0.048830 0.041649 0.997938 -1.718191 0.000000 0.000000 0.000000 1.000000
0.998640 -0.007736 -0.051556 -1.929569 0.005380 0.998941 -0.045693 107.995316 0.051855 0.045353 0.997624 -1.425761 0.000000 0.000000 0.000000 1.000000
0.998492 -0.006725 -0.054491 -1.874532 0.004046 0.998784 -0.049124 108.220375 0.054755 0.048829 0.997305 -1.142345 0.000000 0.000000 0.000000 1.000000
0.998314 -0.006044 -0.057724 -1.789684 0.003019 0.998624 -0.052346 108.425880 0.057960 0.052084 0.996959 -0.867703 0.000000 0.000000 0.000000 1.000000
0.998118 -0.005854 -0.061036 -1.702166 0.002478 0.998470 -0.055240 108.586060 0.061266 0.054985 0.996606 -0.624137 0.000000 0.000000 0.000000 1.000000
0.997887 -0.005843 -0.064718 -1.604339 0.002106 0.998333 -0.057673 108.713249 0.064947 0.057415 0.996236 -0.403593 0.000000 0.000000 0.000000 1.000000
0.997611 -0.005988 -0.068823 -1.488286 0.001855 0.998199 -0.059960 108.833481 0.069058 0.059689 0.995825 -0.219059 0.000000 0.000000 0.000000 1.000000
0.997342 -0.006116 -0.072611 -1.380545 0.001551 0.998027 -0.062769 108.960556 0.072852 0.062489 0.995383 -0.066314 0.000000 0.000000 0.000000 1.000000
0.997112 -0.006077 -0.075707 -1.286954 0.001080 0.997828 -0.065862 109.076019 0.075943 0.065590 0.994953 0.052675 0.000000 0.000000 0.000000 1.000000
0.996924 -0.005742 -0.078160 -1.194325 0.000354 0.997632 -0.068774 109.176941 0.078370 0.068535 0.994566 0.174094 0.000000 0.000000 0.000000 1.000000
0.996750 -0.005098 -0.080391 -1.113007 -0.000581 0.997515 -0.070459 109.278870 0.080550 0.070276 0.994270 0.258147 0.000000 0.000000 0.000000 1.000000
0.996609 -0.004210 -0.082171 -1.066804 -0.001665 0.997454 -0.071295 109.377777 0.082262 0.071190 0.994065 0.339947 0.000000 0.000000 0.000000 1.000000
0.996457 -0.003114 -0.084042 -1.017410 -0.002922 0.997429 -0.071597 109.460732 0.084049 0.071589 0.993887 0.371527 0.000000 0.000000 0.000000 1.000000
0.996270 -0.002145 -0.086267 -0.971800 -0.004071 0.997410 -0.071805 109.519089 0.086197 0.071888 0.993681 0.348866 0.000000 0.000000 0.000000 1.000000
0.996069 -0.001600 -0.088568 -0.945451 -0.004795 0.997397 -0.071946 109.543701 0.088453 0.072088 0.993468 0.294225 0.000000 0.000000 0.000000 1.000000
0.995862 -0.001785 -0.090862 -0.932490 -0.004797 0.997382 -0.072159 109.529755 0.090753 0.072296 0.993246 0.194473 0.000000 0.000000 0.000000 1.000000
0.995579 -0.002537 -0.093893 -0.911254 -0.004275 0.997375 -0.072277 109.462822 0.093830 0.072359 0.992955 0.013025 0.000000 0.000000 0.000000 1.000000
0.995261 -0.003113 -0.097190 -0.912491 -0.003892 0.997412 -0.071799 109.358337 0.097162 0.071837 0.992673 -0.168037 0.000000 0.000000 0.000000 1.000000
0.994952 -0.002993 -0.100310 -0.949623 -0.004077 0.997525 -0.070196 109.246124 0.100272 0.070251 0.992477 -0.360958 0.000000 0.000000 0.000000 1.000000
0.994666 -0.003456 -0.103095 -1.024575 -0.003548 0.997701 -0.067675 109.113647 0.103092 0.067679 0.992367 -0.565894 0.000000 0.000000 0.000000 1.000000
0.994362 -0.005055 -0.105919 -1.121571 -0.001802 0.997913 -0.064551 108.947327 0.106024 0.064378 0.992277 -0.777298 0.000000 0.000000 0.000000 1.000000
0.994008 -0.007130 -0.109073 -1.249831 0.000421 0.998113 -0.061410 108.732750 0.109305 0.060997 0.992135 -1.014864 0.000000 0.000000 0.000000 1.000000
0.993609 -0.008919 -0.112520 -1.391947 0.002376 0.998305 -0.058151 108.512207 0.112848 0.057512 0.991946 -1.265844 0.000000 0.000000 0.000000 1.000000
0.993162 -0.010885 -0.116235 -1.552879 0.004472 0.998460 -0.055293 108.299530 0.116657 0.054396 0.991681 -1.525603 0.000000 0.000000 0.000000 1.000000
0.992719 -0.013390 -0.119708 -1.746131 0.007019 0.998544 -0.053487 108.086311 0.120250 0.052257 0.991367 -1.776564 0.000000 0.000000 0.000000 1.000000
0.992203 -0.015915 -0.123616 -1.958825 0.009529 0.998597 -0.052081 107.883469 0.124271 0.050497 0.990963 -2.023500 0.000000 0.000000 0.000000 1.000000
0.991638 -0.017554 -0.127849 -2.175205 0.011155 0.998657 -0.050597 107.705971 0.128565 0.048748 0.990502 -2.229194 0.000000 0.000000 0.000000 1.000000
0.991055 -0.018803 -0.132120 -2.419401 0.012369 0.998705 -0.049348 107.545258 0.132877 0.047272 0.990005 -2.404308 0.000000 0.000000 0.000000 1.000000
0.990475 -0.020425 -0.136173 -2.682451 0.013875 0.998708 -0.048877 107.443504 0.136995 0.046522 0.989479 -2.585781 0.000000 0.000000 0.000000 1.000000
0.989853 -0.022517 -0.140297 -2.971697 0.015696 0.998649 -0.049537 107.370148 0.141222 0.046832 0.988870 -2.745785 0.000000 0.000000 0.000000 1.000000
0.989225 -0.025298 -0.144203 -3.269444 0.018157 0.998553 -0.050625 107.322174 0.145275 0.047461 0.988252 -2.914227 0.000000 0.000000 0.000000 1.000000
0.988702 -0.028494 -0.147159 -3.592903 0.020989 0.998411 -0.052303 107.285118 0.148416 0.048624 0.987729 -3.060153 0.000000 0.000000 0.000000 1.000000
0.988377 -0.031733 -0.148676 -3.948941 0.023968 0.998268 -0.053734 107.255264 0.150124 0.049546 0.987425 -3.203562 0.000000 0.000000 0.000000 1.000000
0.988205 -0.034235 -0.149259 -4.350006 0.026330 0.998160 -0.054621 107.217964 0.150854 0.050047 0.987288 -3.359785 0.000000 0.000000 0.000000 1.000000
0.988109 -0.035863 -0.149512 -4.777146 0.027958 0.998114 -0.054643 107.181046 0.151190 0.049813 0.987249 -3.479635 0.000000 0.000000 0.000000 1.000000
0.988113 -0.036812 -0.149257 -5.228947 0.029079 0.998136 -0.053664 107.137886 0.150954 0.048686 0.987341 -3.589642 0.000000 0.000000 0.000000 1.000000
0.988368 -0.036705 -0.147587 -5.695249 0.029328 0.998224 -0.051859 107.076538 0.149228 0.046928 0.987689 -3.691205 0.000000 0.000000 0.000000 1.000000
0.988825 -0.035755 -0.144731 -6.146414 0.028937 0.998382 -0.048947 107.020470 0.146247 0.044212 0.988260 -3.743150 0.000000 0.000000 0.000000 1.000000
0.989384 -0.034009 -0.141288 -6.553638 0.027956 0.998614 -0.044603 106.995132 0.142609 0.040180 0.988963 -3.754090 0.000000 0.000000 0.000000 1.000000
0.990012 -0.031896 -0.137327 -6.938245 0.026769 0.998880 -0.039019 106.966278 0.138418 0.034953 0.989757 -3.694285 0.000000 0.000000 0.000000 1.000000
0.990786 -0.029442 -0.132197 -7.270812 0.025308 0.999140 -0.032848 106.952530 0.133050 0.029200 0.990679 -3.584519 0.000000 0.000000 0.000000 1.000000
0.991594 -0.027022 -0.126538 -7.544360 0.023757 0.999347 -0.027241 106.972458 0.127191 0.024006 0.991588 -3.420386 0.000000 0.000000 0.000000 1.000000
0.992329 -0.024633 -0.121143 -7.769612 0.022048 0.999501 -0.022632 107.043213 0.121640 0.019787 0.992377 -3.205061 0.000000 0.000000 0.000000 1.000000
0.992868 -0.022850 -0.117008 -7.936646 0.020671 0.999590 -0.019807 107.167526 0.117412 0.017247 0.992933 -2.947550 0.000000 0.000000 0.000000 1.000000
0.993294 -0.021360 -0.113623 -8.024441 0.019355 0.999637 -0.018727 107.334808 0.113982 0.016402 0.993347 -2.668463 0.000000 0.000000 0.000000 1.000000
0.993661 -0.020074 -0.110610 -8.059039 0.018054 0.999652 -0.019231 107.556015 0.110957 0.017112 0.993678 -2.336471 0.000000 0.000000 0.000000 1.000000
0.993968 -0.018616 -0.108076 -8.036082 0.016441 0.999645 -0.020974 107.796600 0.108428 0.019070 0.993921 -2.001877 0.000000 0.000000 0.000000 1.000000
0.994227 -0.016981 -0.105943 -7.949390 0.014484 0.999600 -0.024294 108.036919 0.106313 0.022620 0.994075 -1.668443 0.000000 0.000000 0.000000 1.000000
0.994517 -0.015242 -0.103462 -7.825454 0.012352 0.999517 -0.028516 108.258949 0.103846 0.027082 0.994225 -1.336565 0.000000 0.000000 0.000000 1.000000
0.994923 -0.012977 -0.099799 -7.658944 0.009822 0.999438 -0.032046 108.472984 0.100158 0.030903 0.994491 -1.002086 0.000000 0.000000 0.000000 1.000000
0.995357 -0.010691 -0.095661 -7.463636 0.007402 0.999371 -0.034681 108.667656 0.095971 0.033812 0.994810 -0.695306 0.000000 0.000000 0.000000 1.000000
0.995809 -0.008953 -0.091014 -7.221852 0.005573 0.999288 -0.037324 108.821571 0.091284 0.036660 0.995150 -0.434770 0.000000 0.000000 0.000000 1.000000
0.996327 -0.007326 -0.085312 -6.943517 0.003960 0.999210 -0.039556 108.931610 0.085534 0.039073 0.995569 -0.234507 0.000000 0.000000 0.000000 1.000000
0.996896 -0.006609 -0.078451 -6.653396 0.003401 0.999156 -0.040946 109.011414 0.078655 0.040552 0.996077 -0.075642 0.000000 0.000000 0.000000 1.000000
