<?xml version="1.0" encoding="utf-8"?>
<COLLADA xmlns="http://www.collada.org/2005/11/COLLADASchema" version="1.4.1">
  <asset>
    <contributor>
      <author>Mixamo</author>
      <authoring_tool>COLLADA Mixamo exporter</authoring_tool>
      <comments/>
    </contributor>
    <created>2026-01-22T12:19:34Z</created>
    <modified>2026-01-22T12:19:34Z</modified>
    <revision/>
    <title/>
    <unit meter="0.010000"/>
    <up_axis>Y_UP</up_axis>
  </asset>
  <library_animations>
    <animation id="mixamorig_Hips-anim" name="mixamorig_Hips">
      <source id="mixamorig_Hips-Matrix-animation-input">
        <float_array id="mixamorig_Hips-Matrix-animation-input-array" count="76">

0.000000 0.033333 0.066667 0.100000 0.133333 0.166667 0.200000 0.233333 0.266667 0.300000 0.333333 0.366667 0.400000 0.433333 0.466667 0.500000
0.533333 0.566667 0.600000 0.633333 0.666667 0.700000 0.733333 0.766667 0.800000 0.833333 0.866667 0.900000 0.933333 0.966667 1.000000 1.033333
1.066667 1.100000 1.133333 1.166667 1.200000 1.233333 1.266667 1.300000 1.333333 1.366667 1.400000 1.433333 1.466667 1.500000 1.533333 1.566667
1.600000 1.633333 1.666667 1.700000 1.733333 1.766667 1.800000 1.833333 1.866667 1.900000 1.933333 1.966667 2.000000 2.033333 2.066667 2.100000
2.133333 2.166667 2.200000 2.233333 2.266667 2.300000 2.333333 2.366667 2.400000 2.433333 2.466667 2.500000</float_array>
        <technique_common>
          <accessor source="#mixamorig_Hips-Matrix-animation-input-array" count="76">
            <param name="TIME" type="float"/>
          </accessor>
        </technique_common>
      </source>
      <source id="mixamorig_Hips-Matrix-animation-output-transform">
        <float_array id="mixamorig_Hips-Matrix-animation-output-transform-array" count="1216">

0.845352 -0.036766 -0.532942 0.054373 0.232497 0.923511 0.305076 281.150116 0.480962 -0.381805 0.789241 -0.796772 0.000000 0.000000 0.000000 1.000000
0.855919 -0.054037 -0.514279 0.113218 0.210868 0.944554 0.251701 281.221985 0.472163 -0.323880 0.819856 3.418035 0.000000 0.000000 0.000000 1.000000
0.867768 -0.069232 -0.492124 0.259183 0.201680 0.954100 0.221401 279.874908 0.454208 -0.291376 0.841900 8.391036 0.000000 0.000000 0.000000 1.000000
0.882070 -0.075992 -0.464950 0.385373 0.188715 0.961261 0.200907 277.697968 0.431671 -0.264957 0.862240 13.882839 0.000000 0.000000 0.000000 1.000000
0.898133 -0.074746 -0.433324 0.442962 0.166283 0.970003 0.177327 274.527527 0.407071 -0.231318 0.883621 19.756910 0.000000 0.000000 0.000000 1.000000
0.913803 -0.069148 -0.400227 0.466944 0.139470 0.978905 0.149311 269.986450 0.381460 -0.192260 0.904171 25.890709 0.000000 0.000000 0.000000 1.000000
0.928236 -0.060476 -0.367044 0.503837 0.112762 0.986016 0.122708 263.986664 0.354490 -0.155291 0.922074 32.207386 0.000000 0.000000 0.000000 1.000000
0.941395 -0.047375 -0.333963 0.563259 0.085518 0.991261 0.100445 256.634949 0.326285 -0.123119 0.937219 38.774944 0.000000 0.000000 0.000000 1.000000
0.952762 -0.032080 -0.302018 0.618076 0.058496 0.995170 0.078832 247.971741 0.298030 -0.092775 0.950037 45.698860 0.000000 0.000000 0.000000 1.000000
0.961676 -0.017408 -0.273636 0.660205 0.033481 0.997970 0.054179 238.097763 0.272138 -0.061264 0.960306 52.896374 0.000000 0.000000 0.000000 1.000000
0.968176 -0.005045 -0.250219 0.690111 0.012510 0.999523 0.028251 227.048721 0.249957 -0.030482 0.967777 60.203796 0.000000 0.000000 0.000000 1.000000
0.972765 0.004335 -0.231754 0.691078 -0.002903 0.999975 0.006518 214.731216 0.231776 -0.005668 0.972753 67.543793 0.000000 0.000000 0.000000 1.000000
0.975978 0.007859 -0.217726 0.618940 -0.010300 0.999896 -0.010078 200.961243 0.217624 0.012078 0.975958 74.883682 0.000000 0.000000 0.000000 1.000000
0.977474 0.004541 -0.211009 0.467297 -0.010187 0.999618 -0.025678 186.039459 0.210812 0.027249 0.977147 82.154823 0.000000 0.000000 0.000000 1.000000
0.977014 -0.004498 -0.213126 0.279391 -0.004613 0.999097 -0.042232 170.087875 0.213124 0.042244 0.976112 89.207214 0.000000 0.000000 0.000000 1.000000
0.975130 -0.017469 -0.220943 0.145396 0.005464 0.998481 -0.054830 152.057999 0.221565 0.052259 0.973744 95.748894 0.000000 0.000000 0.000000 1.000000
0.971625 -0.027257 -0.234951 0.453924 0.012116 0.997769 -0.065648 131.950607 0.236217 0.060939 0.969788 101.011368 0.000000 0.000000 0.000000 1.000000
0.965058 -0.033519 -0.259886 1.909288 0.006871 0.994681 -0.102776 113.395660 0.261948 0.097399 0.960154 103.503128 0.000000 0.000000 0.000000 1.000000
0.956261 -0.045246 -0.288995 4.643816 -0.016682 0.977922 -0.208305 97.488281 0.292040 0.204014 0.934393 102.197067 0.000000 0.000000 0.000000 1.000000
0.948277 -0.067547 -0.310175 7.565550 -0.049590 0.933582 -0.354915 83.533272 0.313547 0.351939 0.881945 99.286629 0.000000 0.000000 0.000000 1.000000
0.952069 -0.094085 -0.291053 8.739210 -0.069120 0.860733 -0.504342 73.456810 0.297970 0.500286 0.812975 97.902466 0.000000 0.000000 0.000000 1.000000
0.963968 -0.124639 -0.235011 8.666220 -0.063178 0.750899 -0.657388 66.395981 0.258406 0.648549 0.715969 97.587540 0.000000 0.000000 0.000000 1.000000
0.973124 -0.155800 -0.169574 8.221194 -0.033985 0.631150 -0.774916 60.424927 0.227759 0.759853 0.608892 98.771156 0.000000 0.000000 0.000000 1.000000
0.979373 -0.169524 -0.109954 7.682127 -0.000182 0.543425 -0.839458 55.743004 0.202060 0.822163 0.532185 101.657127 0.000000 0.000000 0.000000 1.000000
0.986011 -0.153427 -0.065138 6.798302 0.017897 0.485985 -0.873784 53.472473 0.165718 0.860394 0.481933 105.294830 0.000000 0.000000 0.000000 1.000000
0.992694 -0.114819 -0.037078 5.271192 0.018215 0.446390 -0.894653 53.608971 0.119274 0.887442 0.445220 108.714767 0.000000 0.000000 0.000000 1.000000
0.997506 -0.069811 -0.010359 3.089801 0.021141 0.435603 -0.899890 54.926346 0.067334 0.897427 0.435993 111.736885 0.000000 0.000000 0.000000 1.000000
0.999084 -0.028505 0.031925 0.630562 0.041446 0.458347 -0.887806 56.483379 0.010674 0.888316 0.459109 114.700653 0.000000 0.000000 0.000000 1.000000
0.996114 0.007686 0.087733 -1.727420 0.072233 0.498625 -0.863803 58.070580 -0.050385 0.866784 0.496132 117.866142 0.000000 0.000000 0.000000 1.000000
0.988145 0.037344 0.148915 -3.961192 0.106537 0.531616 -0.840258 59.640865 -0.110544 0.846162 0.521335 121.033646 0.000000 0.000000 0.000000 1.000000
0.976091 0.060383 0.208807 -6.140537 0.143933 0.540300 -0.829072 61.055740 -0.162880 0.839303 0.518691 123.902046 0.000000 0.000000 0.000000 1.000000
0.962340 0.079057 0.260098 -8.141159 0.180648 0.528999 -0.829172 62.102390 -0.203143 0.844932 0.494795 126.432999 0.000000 0.000000 0.000000 1.000000
0.950268 0.093880 0.296948 -9.769559 0.209264 0.513680 -0.832071 62.639252 -0.230651 0.852830 0.468487 128.671341 0.000000 0.000000 0.000000 1.000000
0.942099 0.103669 0.318907 -10.969600 0.226553 0.504377 -0.833233 62.700653 -0.247230 0.857238 0.451687 130.593384 0.000000 0.000000 0.000000 1.000000
0.938060 0.108203 0.329144 -11.808160 0.234149 0.502230 -0.832429 62.423084 -0.255378 0.857937 0.445787 132.137360 0.000000 0.000000 0.000000 1.000000
0.937043 0.108629 0.331888 -12.343581 0.235551 0.505017 -0.830345 61.928223 -0.257809 0.856246 0.447635 133.236435 0.000000 0.000000 0.000000 1.000000
0.937168 0.106672 0.332170 -12.596746 0.234873 0.511116 -0.826798 61.280128 -0.257973 0.852867 0.453947 133.819565 0.000000 0.000000 0.000000 1.000000
0.937767 0.103401 0.331513 -12.588421 0.233221 0.519784 -0.821847 60.564034 -0.257295 0.848017 0.463321 133.888321 0.000000 0.000000 0.000000 1.000000
0.939818 0.098919 0.327043 -12.354714 0.228550 0.529507 -0.816938 59.884380 -0.253982 0.842519 0.475032 133.488495 0.000000 0.000000 0.000000 1.000000
0.943872 0.093155 0.316904 -11.924835 0.220155 0.537819 -0.813808 59.327194 -0.246247 0.837898 0.487123 132.643097 0.000000 0.000000 0.000000 1.000000
0.948736 0.086423 0.304025 -11.314136 0.211071 0.542741 -0.812946 58.943123 -0.235264 0.835442 0.496676 131.310059 0.000000 0.000000 0.000000 1.000000
0.953083 0.078903 0.292245 -10.535431 0.204346 0.544560 -0.813448 58.766846 -0.223329 0.835002 0.502887 129.417572 0.000000 0.000000 0.000000 1.000000
0.957000 0.069223 0.281707 -9.575193 0.199810 0.546718 -0.813127 58.820595 -0.210301 0.834450 0.509378 126.956581 0.000000 0.000000 0.000000 1.000000
0.960972 0.054069 0.271309 -8.393186 0.197534 0.552499 -0.809769 59.117317 -0.193681 0.831758 0.520255 123.991615 0.000000 0.000000 0.000000 1.000000
0.964691 0.030726 0.261585 -6.958730 0.200269 0.559485 -0.804282 59.703140 -0.171065 0.828271 0.533577 120.705444 0.000000 0.000000 0.000000 1.000000
0.967551 0.001152 0.252675 -5.295776 0.208173 0.563139 -0.799712 60.648506 -0.143213 0.826361 0.544625 117.434097 0.000000 0.000000 0.000000 1.000000
0.970082 -0.027129 0.241256 -3.523493 0.213679 0.567138 -0.795422 61.940731 -0.115246 0.823176 0.555968 114.515831 0.000000 0.000000 0.000000 1.000000
0.974158 -0.045996 0.221133 -1.828120 0.206226 0.580441 -0.787756 63.534592 -0.092121 0.813002 0.574927 112.090942 0.000000 0.000000 0.000000 1.000000
0.980324 -0.054311 0.189775 -0.368464 0.183620 0.603737 -0.775748 65.467331 -0.072442 0.795331 0.601831 110.135139 0.000000 0.000000 0.000000 1.000000
0.986586 -0.057835 0.152654 0.795652 0.154634 0.630760 -0.760414 67.800858 -0.052309 0.773820 0.631242 108.601837 0.000000 0.000000 0.000000 1.000000
0.991386 -0.060697 0.116056 1.693597 0.127104 0.659594 -0.740797 70.454147 -0.031585 0.749167 0.661628 107.458778 0.000000 0.000000 0.000000 1.000000
0.994781 -0.062248 0.080849 2.409979 0.101414 0.690520 -0.716168 73.278427 -0.011248 0.720629 0.693229 106.635574 0.000000 0.000000 0.000000 1.000000
0.996896 -0.063091 0.047101 3.008152 0.078161 0.721007 -0.688505 76.125290 0.009478 0.690049 0.723700 106.058578 0.000000 0.000000 0.000000 1.000000
0.997777 -0.065115 0.014189 3.525349 0.058341 0.750546 -0.658237 78.929077 0.032212 0.657602 0.752677 105.710625 0.000000 0.000000 0.000000 1.000000
0.997478 -0.067711 -0.021300 3.968409 0.039781 0.781782 -0.622282 81.723999 0.058787 0.619865 0.782503 105.579407 0.000000 0.000000 0.000000 1.000000
0.995444 -0.069415 -0.065368 4.311364 0.018729 0.814556 -0.579782 84.673859 0.093491 0.575916 0.812145 105.622154 0.000000 0.000000 0.000000 1.000000
0.989676 -0.072130 -0.123850 4.672198 -0.005608 0.843981 -0.536343 88.007607 0.143214 0.531501 0.834863 105.797401 0.000000 0.000000 0.000000 1.000000
0.977266 -0.080525 -0.196132 5.215690 -0.028343 0.867148 -0.497244 91.726166 0.210116 0.491498 0.845151 106.135315 0.000000 0.000000 0.000000 1.000000
0.957716 -0.094434 -0.271776 5.890179 -0.044180 0.885130 -0.463241 95.506859 0.284303 0.455661 0.843531 106.663116 0.000000 0.000000 0.000000 1.000000
0.934888 -0.106183 -0.338688 6.443974 -0.054358 0.900117 -0.432243 98.697784 0.350756 0.422509 0.835737 107.380402 0.000000 0.000000 0.000000 1.000000
0.914734 -0.111621 -0.388333 6.606844 -0.057418 0.915423 -0.398376 100.875305 0.399956 0.386705 0.830960 108.177162 0.000000 0.000000 0.000000 1.000000
0.901143 -0.108883 -0.419625 6.195443 -0.050855 0.934713 -0.351747 101.588707 0.430528 0.338314 0.836773 109.038986 0.000000 0.000000 0.000000 1.000000
0.891765 -0.091074 -0.443238 5.280763 -0.047456 0.955310 -0.291771 100.912277 0.450003 0.281225 0.847590 110.099182 0.000000 0.000000 0.000000 1.000000
0.881648 -0.065212 -0.467381 4.026965 -0.050773 0.971549 -0.231333 99.955986 0.469169 0.227685 0.853253 110.928406 0.000000 0.000000 0.000000 1.000000
0.864706 -0.042940 -0.500439 2.888297 -0.054213 0.982539 -0.177981 99.096085 0.499344 0.181032 0.847280 111.343849 0.000000 0.000000 0.000000 1.000000
0.839632 -0.024801 -0.542588 2.231875 -0.055366 0.989845 -0.130922 98.931221 0.540326 0.139967 0.829733 111.559494 0.000000 0.000000 0.000000 1.000000
0.811869 -0.006150 -0.583807 1.723672 -0.057167 0.994302 -0.089973 99.542374 0.581033 0.106420 0.806892 111.627403 0.000000 0.000000 0.000000 1.000000
0.789592 0.012999 -0.613495 1.017104 -0.058693 0.996792 -0.054420 100.697342 0.610819 0.078978 0.787822 111.586029 0.000000 0.000000 0.000000 1.000000
0.777580 0.028201 -0.628151 0.145359 -0.055010 0.998214 -0.023281 101.997803 0.626373 0.052658 0.777743 111.550163 0.000000 0.000000 0.000000 1.000000
0.772154 0.035918 -0.634419 -0.641650 -0.044818 0.998993 0.002010 103.095573 0.633853 0.026881 0.772987 111.563446 0.000000 0.000000 0.000000 1.000000
0.765475 0.037921 -0.642347 -1.157826 -0.032694 0.999265 0.020031 103.888092 0.642634 0.005667 0.766152 111.568207 0.000000 0.000000 0.000000 1.000000
0.755073 0.038050 -0.654536 -1.402564 -0.022522 0.999231 0.032108 104.366219 0.655254 -0.009502 0.755349 111.471893 0.000000 0.000000 0.000000 1.000000
0.744377 0.038486 -0.666650 -1.472029 -0.014884 0.999046 0.041056 104.533180 0.667594 -0.020639 0.744239 111.258926 0.000000 0.000000 0.000000 1.000000
0.736790 0.040140 -0.674929 -1.480545 -0.009454 0.998750 0.049078 104.458069 0.676056 -0.029779 0.736249 111.007774 0.000000 0.000000 0.000000 1.000000
0.732907 0.043823 -0.678916 -1.520744 -0.006319 0.998319 0.057618 104.312263 0.680299 -0.037939 0.731952 110.799782 0.000000 0.000000 0.000000 1.000000
0.731160 0.049243 -0.680427 -1.619511 -0.004384 0.997710 0.067494 104.279114 0.682192 -0.046366 0.729701 110.673813 0.000000 0.000000 0.000000 1.000000</float_array>
        <technique_common>
          <accessor source="#mixamorig_Hips-Matrix-animation-output-transform-array" count="76" stride="16">
            <param type="float4x4"/>
          </accessor>
        </technique_common>
      </source>
      <source id="mixamorig_Hips-Interpolations">
        <Name_array id="mixamorig_Hips-Interpolations-array" count="76">
 LINEAR LINEAR LINEAR LINEAR LINEAR LINEAR LINEAR LINEAR LINEAR LINEAR LINEAR
LINEAR LINEAR LINEAR LINEAR LINEAR LINEAR LINEAR LINEAR LINEAR LINEAR LINEAR LINEAR
LINEAR LINEAR LINEAR LINEAR LINEAR LINEAR LINEAR LINEAR LINEAR LINEAR LINEAR LINEAR
LINEAR LINEAR LINEAR LINEAR LINEAR LINEAR LINEAR LINEAR LINEAR LINEAR LINEAR LINEAR
LINEAR LINEAR LINEAR LINEAR LINEAR LINEAR LINEAR LINEAR LINEAR LINEAR LINEAR LINEAR
LINEAR LINEAR LINEAR LINEAR LINEAR LINEAR LINEAR LINEAR LINEAR LINEAR LINEAR LINEAR
LINEAR LINEAR LINEAR LINEAR LINEAR</Name_array>
        <technique_common>
          <accessor source="#mixamorig_Hips-Interpolations-array" count="76">
            <param type="name"/>
          </accessor>
        </technique_common>
      </source>
      <sampler id="mixamorig_Hips-Matrix-animation-transform">
        <input semantic="INPUT" source="#mixamorig_Hips-Matrix-animation-input"/>
        <input semantic="OUTPUT" source="#mixamorig_Hips-Matrix-animation-output-transform"/>
        <input semantic="INTERPOLATION" source="#mixamorig_Hips-Interpolations"/>
      </sampler>
      <channel source="#mixamorig_Hips-Matrix-animation-transform" target="mixamorig_Hips/matrix"/>
    </animation>
    <animation id="mixamorig_Spine-anim" name="mixamorig_Spine">
      <source id="mixamorig_Spine-Matrix-animation-input">
        <float_array id="mixamorig_Spine-Matrix-animation-input-array" count="76">

0.000000 0.033333 0.066667 0.100000 0.133333 0.166667 0.200000 0.233333 0.266667 0.300000 0.333333 0.366667 0.400000 0.433333 0.466667 0.500000
0.533333 0.566667 0.600000 0.633333 0.666667 0.700000 0.733333 0.766667 0.800000 0.833333 0.866667 0.900000 0.933333 0.966667 1.000000 1.033333
1.066667 1.100000 1.133333 1.166667 1.200000 1.233333 1.266667 1.300000 1.333333 1.366667 1.400000 1.433333 1.466667 1.500000 1.533333 1.566667
1.600000 1.633333 1.666667 1.700000 1.733333 1.766667 1.800000 1.833333 1.866667 1.900000 1.933333 1.966667 2.000000 2.033333 2.066667 2.100000
2.133333 2.166667 2.200000 2.233333 2.266667 2.300000 2.333333 2.366667 2.400000 2.433333 2.466667 2.500000</float_array>
        <technique_common>
          <accessor source="#mixamorig_Spine-Matrix-animation-input-array" count="76">
            <param name="TIME" type="float"/>
          </accessor>
        </technique_common>
      </source>
      <source id="mixamorig_Spine-Matrix-animation-output-transform">
        <float_array id="mixamorig_Spine-Matrix-animation-output-transform-array" count="1216">

0.998251 0.058873 -0.005388 0.000400 -0.058351 0.966557 -0.249725 10.664600 -0.009494 0.249603 0.968302 -0.060300 0.000000 0.000000 0.000000 1.000000
0.998583 0.052965 -0.005163 0.000400 -0.052683 0.970232 -0.236377 10.664600 -0.007510 0.236314 0.971648 -0.060300 0.000000 0.000000 0.000000 1.000000
0.998758 0.049524 -0.005507 0.000400 -0.049492 0.973073 -0.225121 10.664600 -0.005790 0.225114 0.974315 -0.060300 0.000000 0.000000 0.000000 1.000000
0.998982 0.044758 -0.005555 0.000400 -0.044914 0.976055 -0.212836 10.664600 -0.004104 0.212869 0.977072 -0.060300 0.000000 0.000000 0.000000 1.000000
0.999288 0.037382 -0.005086 0.000400 -0.037650 0.979587 -0.197463 10.664600 -0.002400 0.197514 0.980297 -0.060300 0.000000 0.000000 0.000000 1.000000
0.999557 0.029460 -0.004266 0.000400 -0.029747 0.983259 -0.179768 10.664600 -0.001101 0.179815 0.983700 -0.060300 0.000000 0.000000 0.000000 1.000000
0.999728 0.023035 -0.003514 0.000400 -0.023300 0.986576 -0.161633 10.664600 -0.000256 0.161671 0.986845 -0.060300 0.000000 0.000000 0.000000 1.000000
0.999844 0.017390 -0.003225 0.000400 -0.017674 0.989380 -0.144270 10.664600 0.000682 0.144305 0.989533 -0.060300 0.000000 0.000000 0.000000 1.000000
0.999938 0.010799 -0.002791 0.000400 -0.011067 0.991705 -0.128060 10.664600 0.001385 0.128083 0.991762 -0.060300 0.000000 0.000000 0.000000 1.000000
0.999994 0.003059 -0.001453 0.000400 -0.003203 0.993621 -0.112724 10.664600 0.001099 0.112728 0.993625 -0.060300 0.000000 0.000000 0.000000 1.000000
0.999991 -0.004254 0.000048 0.000400 0.004239 0.995287 -0.096877 10.664600 0.000365 0.096877 0.995296 -0.060300 0.000000 0.000000 0.000000 1.000000
0.999953 -0.009627 0.000672 0.000400 0.009650 0.996709 -0.080482 10.664600 0.000105 0.080484 0.996756 -0.060300 0.000000 0.000000 0.000000 1.000000
0.999924 -0.012284 0.000367 0.000400 0.012283 0.997888 -0.063786 10.664600 0.000417 0.063786 0.997964 -0.060300 0.000000 0.000000 0.000000 1.000000
0.999929 -0.011881 0.000142 0.000400 0.011874 0.998827 -0.046937 10.664600 0.000416 0.046935 0.998898 -0.060300 0.000000 0.000000 0.000000 1.000000
0.999961 -0.008773 0.000886 0.000400 0.008796 0.999481 -0.030996 10.664600 -0.000614 0.031003 0.999519 -0.060300 0.000000 0.000000 0.000000 1.000000
0.999986 -0.004624 0.002667 0.000400 0.004674 0.999808 -0.019029 10.664600 -0.002578 0.019042 0.999815 -0.060300 0.000000 0.000000 0.000000 1.000000
0.999985 -0.003181 0.004396 0.000400 0.003241 0.999903 -0.013572 10.664600 -0.004352 0.013586 0.999898 -0.060300 0.000000 0.000000 0.000000 1.000000
0.999990 -0.003281 0.003149 0.000400 0.003324 0.999899 -0.013826 10.664600 -0.003104 0.013836 0.999899 -0.060300 0.000000 0.000000 0.000000 1.000000
0.999992 -0.003837 -0.000903 0.000400 0.003821 0.999837 -0.017668 10.664600 0.000971 0.017665 0.999843 -0.060300 0.000000 0.000000 0.000000 1.000000
1.000000 0.000575 -0.000804 0.000400 -0.000598 0.999578 -0.029038 10.664600 0.000787 0.029039 0.999578 -0.060300 0.000000 0.000000 0.000000 1.000000
0.999961 0.006387 0.006038 0.000400 -0.006100 0.998905 -0.046386 10.664600 -0.006328 0.046348 0.998905 -0.060300 0.000000 0.000000 0.000000 1.000000
0.999855 0.010414 0.013486 0.000400 -0.009612 0.998257 -0.058229 10.664600 -0.014069 0.058091 0.998212 -0.060300 0.000000 0.000000 0.000000 1.000000
0.999741 0.012647 0.018917 0.000400 -0.011470 0.998065 -0.061114 10.664600 -0.019653 0.060882 0.997951 -0.060300 0.000000 0.000000 0.000000 1.000000
0.999645 0.010746 0.024397 0.000400 -0.009213 0.998027 -0.062109 10.664600 -0.025016 0.061862 0.997771 -0.060300 0.000000 0.000000 0.000000 1.000000
0.999580 0.007163 0.028074 0.000400 -0.005331 0.997883 -0.064813 10.664600 -0.028479 0.064636 0.997502 -0.060300 0.000000 0.000000 0.000000 1.000000
0.999628 0.006183 0.026560 0.000400 -0.004374 0.997700 -0.067639 10.664600 -0.026918 0.067497 0.997356 -0.060300 0.000000 0.000000 0.000000 1.000000
0.999744 0.007141 0.021484 0.000400 -0.005609 0.997493 -0.070540 10.664600 -0.021933 0.070401 0.997278 -0.060300 0.000000 0.000000 0.000000 1.000000
0.999853 0.007482 0.015436 0.000400 -0.006312 0.997200 -0.074516 10.664600 -0.015950 0.074407 0.997100 -0.060300 0.000000 0.000000 0.000000 1.000000
0.999926 0.006926 0.009992 0.000400 -0.006097 0.996717 -0.080734 10.664600 -0.010518 0.080667 0.996686 -0.060300 0.000000 0.000000 0.000000 1.000000
0.999968 0.006387 0.004894 0.000400 -0.005933 0.996132 -0.087674 10.664600 -0.005435 0.087643 0.996137 -0.060300 0.000000 0.000000 0.000000 1.000000
0.999946 0.006989 -0.007648 0.000400 -0.007671 0.995626 -0.093110 10.664600 0.006964 0.093164 0.995626 -0.060300 0.000000 0.000000 0.000000 1.000000
0.999636 0.008347 -0.025641 0.000400 -0.010776 0.995310 -0.096138 10.664600 0.024718 0.096379 0.995038 -0.060300 0.000000 0.000000 0.000000 1.000000
0.999019 0.010025 -0.043123 0.000400 -0.014186 0.995155 -0.097287 10.664600 0.041938 0.097803 0.994322 -0.060300 0.000000 0.000000 0.000000 1.000000
0.998559 0.011179 -0.052486 0.000400 -0.016261 0.995109 -0.097437 10.664600 0.051140 0.098150 0.993857 -0.060300 0.000000 0.000000 0.000000 1.000000
0.998577 0.011437 -0.052096 0.000400 -0.016544 0.994980 -0.098693 10.664600 0.050706 0.099414 0.993753 -0.060300 0.000000 0.000000 0.000000 1.000000
0.998938 0.011401 -0.044639 0.000400 -0.015915 0.994647 -0.102098 10.664600 0.043236 0.102700 0.993772 -0.060300 0.000000 0.000000 0.000000 1.000000
0.999400 0.011499 -0.032662 0.000400 -0.014933 0.994155 -0.106928 10.664600 0.031242 0.107351 0.993730 -0.060300 0.000000 0.000000 0.000000 1.000000
0.999748 0.011614 -0.019236 0.000400 -0.013696 0.993624 -0.111907 10.664600 0.017814 0.112142 0.993532 -0.060300 0.000000 0.000000 0.000000 1.000000
0.999903 0.011601 -0.007736 0.000400 -0.012419 0.993197 -0.115786 10.664600 0.006340 0.115871 0.993244 -0.060300 0.000000 0.000000 0.000000 1.000000
0.999933 0.011569 -0.000332 0.000400 -0.011527 0.992966 -0.117840 10.664600 -0.001034 0.117836 0.993033 -0.060300 0.000000 0.000000 0.000000 1.000000
0.999924 0.011025 0.005574 0.000400 -0.010288 0.992924 -0.118308 10.664600 -0.006839 0.118242 0.992961 -0.060300 0.000000 0.000000 0.000000 1.000000
0.999884 0.009793 0.011628 0.000400 -0.008358 0.993019 -0.117655 10.664600 -0.012699 0.117544 0.992986 -0.060300 0.000000 0.000000 0.000000 1.000000
0.999796 0.008446 0.018363 0.000400 -0.006250 0.993173 -0.116484 10.664600 -0.019222 0.116345 0.993023 -0.060300 0.000000 0.000000 0.000000 1.000000
0.999665 0.007563 0.024764 0.000400 -0.004656 0.993305 -0.115430 10.664600 -0.025471 0.115276 0.993007 -0.060300 0.000000 0.000000 0.000000 1.000000
0.999529 0.007319 0.029811 0.000400 -0.003858 0.993412 -0.114535 10.664600 -0.030453 0.114366 0.992972 -0.060300 0.000000 0.000000 0.000000 1.000000
0.999374 0.007386 0.034594 0.000400 -0.003413 0.993531 -0.113513 10.664600 -0.035209 0.113324 0.992934 -0.060300 0.000000 0.000000 0.000000 1.000000
0.999132 0.007098 0.041045 0.000400 -0.002428 0.993624 -0.112714 10.664600 -0.041583 0.112517 0.992779 -0.060300 0.000000 0.000000 0.000000 1.000000
0.998802 0.005914 0.048579 0.000400 -0.000427 0.993687 -0.112185 10.664600 -0.048935 0.112030 0.992499 -0.060300 0.000000 0.000000 0.000000 1.000000
0.998519 0.003796 0.054279 0.000400 0.002273 0.993782 -0.111319 10.664600 -0.054365 0.111278 0.992301 -0.060300 0.000000 0.000000 0.000000 1.000000
0.998388 0.001766 0.056723 0.000400 0.004530 0.993846 -0.110679 10.664600 -0.056570 0.110758 0.992236 -0.060300 0.000000 0.000000 0.000000 1.000000
0.998365 0.000827 0.057150 0.000400 0.005562 0.993744 -0.111540 10.664600 -0.056884 0.111676 0.992115 -0.060300 0.000000 0.000000 0.000000 1.000000
0.998322 0.000490 0.057902 0.000400 0.006078 0.993553 -0.113206 10.664600 -0.057584 0.113368 0.991883 -0.060300 0.000000 0.000000 0.000000 1.000000
0.998225 0.000235 0.059561 0.000400 0.006569 0.993458 -0.114011 10.664600 -0.059198 0.114200 0.991692 -0.060300 0.000000 0.000000 0.000000 1.000000
0.998086 -0.000232 0.061840 0.000400 0.007265 0.993508 -0.113532 10.664600 -0.061413 0.113764 0.991608 -0.060300 0.000000 0.000000 0.000000 1.000000
0.997943 -0.001122 0.064098 0.000400 0.008384 0.993543 -0.113148 10.664600 -0.063557 0.113453 0.991508 -0.060300 0.000000 0.000000 0.000000 1.000000
0.997837 -0.002508 0.065684 0.000400 0.009993 0.993445 -0.113871 10.664600 -0.064968 0.114281 0.991322 -0.060300 0.000000 0.000000 0.000000 1.000000
0.997772 -0.003996 0.066596 0.000400 0.011654 0.993297 -0.115004 10.664600 -0.065690 0.115524 0.991130 -0.060300 0.000000 0.000000 0.000000 1.000000
0.997718 -0.004089 0.067390 0.000400 0.011829 0.993311 -0.114863 10.664600 -0.066470 0.115398 0.991093 -0.060300 0.000000 0.000000 0.000000 1.000000
0.997643 -0.001463 0.068608 0.000400 0.009189 0.993616 -0.112442 10.664600 -0.068006 0.112808 0.991287 -0.060300 0.000000 0.000000 0.000000 1.000000
0.997498 0.002498 0.070651 0.000400 0.005130 0.994183 -0.107582 10.664600 -0.070508 0.107675 0.991683 -0.060300 0.000000 0.000000 0.000000 1.000000
0.997488 0.008364 0.070337 0.000400 -0.001220 0.994886 -0.100995 10.664600 -0.070822 0.100656 0.992397 -0.060300 0.000000 0.000000 0.000000 1.000000
0.997622 0.015488 0.067166 0.000400 -0.009097 0.995490 -0.094430 10.664600 -0.068326 0.093594 0.993263 -0.060300 0.000000 0.000000 0.000000 1.000000
0.997628 0.018587 0.066272 0.000400 -0.012657 0.995969 -0.088801 10.664600 -0.067655 0.087751 0.993842 -0.060300 0.000000 0.000000 0.000000 1.000000
0.997569 0.018874 0.067080 0.000400 -0.013159 0.996324 -0.084645 10.664600 -0.068431 0.083556 0.994151 -0.060300 0.000000 0.000000 0.000000 1.000000
0.997460 0.018821 0.068699 0.000400 -0.013086 0.996464 -0.082994 10.664600 -0.070018 0.081885 0.994179 -0.060300 0.000000 0.000000 0.000000 1.000000
0.997353 0.018845 0.070233 0.000400 -0.012931 0.996405 -0.083722 10.664600 -0.071558 0.082592 0.994011 -0.060300 0.000000 0.000000 0.000000 1.000000
0.997354 0.017178 0.070635 0.000400 -0.011145 0.996325 -0.084927 10.664600 -0.071834 0.083915 0.993880 -0.060300 0.000000 0.000000 0.000000 1.000000
0.997432 0.014787 0.070081 0.000400 -0.008771 0.996309 -0.085385 10.664600 -0.071085 0.084551 0.993880 -0.060300 0.000000 0.000000 0.000000 1.000000
0.997456 0.014012 0.069896 0.000400 -0.008023 0.996328 -0.085243 10.664600 -0.070834 0.084466 0.993905 -0.060300 0.000000 0.000000 0.000000 1.000000
0.997388 0.015183 0.070621 0.000400 -0.009155 0.996346 -0.084911 10.664600 -0.071652 0.084043 0.993883 -0.060300 0.000000 0.000000 0.000000 1.000000
0.997225 0.016878 0.072502 0.000400 -0.010694 0.996336 -0.084851 10.664600 -0.073668 0.083840 0.993752 -0.060300 0.000000 0.000000 0.000000 1.000000
0.996988 0.018019 0.075437 0.000400 -0.011512 0.996244 -0.085821 10.664600 -0.076700 0.084694 0.993451 -0.060300 0.000000 0.000000 0.000000 1.000000
0.996737 0.018436 0.078580 0.000400 -0.011485 0.996054 -0.088007 10.664600 -0.079893 0.086818 0.993016 -0.060300 0.000000 0.000000 0.000000 1.000000
0.996573 0.018340 0.080661 0.000400 -0.010994 0.995828 -0.090580 10.664600 -0.081986 0.089383 0.992617 -0.060300 0.000000 0.000000 0.000000 1.000000
0.996550 0.017736 0.081083 0.000400 -0.010181 0.995646 -0.092661 10.664600 -0.082373 0.091515 0.992391 -0.060300 0.000000 0.000000 0.000000 1.000000
0.996590 0.016974 0.080743 0.000400 -0.009326 0.995512 -0.094178 10.664600 -0.081980 0.093104 0.992276 -0.060300 0.000000 0.000000 0.000000 1.000000</float_array>
        <technique_common>
          <accessor source="#mixamorig_Spine-Matrix-animation-output-transform-array" count="76" stride="16">
            <param type="float4x4"/>
          </accessor>
        </technique_common>
      </source>
      <source id="mixamorig_Spine-Interpolations">
        <Name_array id="mixamorig_Spine-Interpolations-array" count="76">
 LINEAR LINEAR LINEAR LINEAR LINEAR LINEAR LINEAR LINEAR LINEAR LINEAR LINEAR
LINEAR LINEAR LINEAR LINEAR LINEAR LINEAR LINEAR LINEAR LINEAR LINEAR LINEAR LINEAR
LINEAR LINEAR LINEAR LINEAR LINEAR LINEAR LINEAR LINEAR LINEAR LINEAR LINEAR LINEAR
LINEAR LINEAR LINEAR LINEAR LINEAR LINEAR LINEAR LINEAR LINEAR LINEAR LINEAR LINEAR
LINEAR LINEAR LINEAR LINEAR LINEAR LINEAR LINEAR LINEAR LINEAR LINEAR LINEAR LINEAR
LINEAR LINEAR LINEAR LINEAR LINEAR LINEAR LINEAR LINEAR LINEAR LINEAR LINEAR LINEAR
LINEAR LINEAR LINEAR LINEAR LINEAR</Name_array>
        <technique_common>
          <accessor source="#mixamorig_Spine-Interpolations-array" count="76">
            <param type="name"/>
          </accessor>
        </technique_common>
      </source>
      <sampler id="mixamorig_Spine-Matrix-animation-transform">
        <input semantic="INPUT" source="#mixamorig_Spine-Matrix-animation-input"/>
        <input semantic="OUTPUT" source="#mixamorig_Spine-Matrix-animation-output-transform"/>
        <input semantic="INTERPOLATION" source="#mixamorig_Spine-Interpolations"/>
      </sampler>
      <channel source="#mixamorig_Spine-Matrix-animation-transform" target="mixamorig_Spine/matrix"/>
    </animation>
    <animation id="mixamorig_Spine1-anim" name="mixamorig_Spine1">
      <source id="mixamorig_Spine1-Matrix-animation-input">
        <float_array id="mixamorig_Spine1-Matrix-animation-input-array" count="76">

0.000000 0.033333 0.066667 0.100000 0.133333 0.166667 0.200000 0.233333 0.266667 0.300000 0.333333 0.366667 0.400000 0.433333 0.466667 0.500000
0.533333 0.566667 0.600000 0.633333 0.666667 0.700000 0.733333 0.766667 0.800000 0.833333 0.866667 0.900000 0.933333 0.966667 1.000000 1.033333
1.066667 1.100000 1.133333 1.166667 1.200000 1.233333 1.266667 1.300000 1.333333 1.366667 1.400000 1.433333 1.466667 1.500000 1.533333 1.566667
1.600000 1.633333 1.666667 1.700000 1.733333 1.766667 1.800000 1.833333 1.866667 1.900000 1.933333 1.966667 2.000000 2.033333 2.066667 2.100000
2.133333 2.166667 2.200000 2.233333 2.266667 2.300000 2.333333 2.366667 2.400000 2.433333 2.466667 2.500000</float_array>
        <technique_common>
          <accessor source="#mixamorig_Spine1-Matrix-animation-input-array" count="76">
            <param name="TIME" type="float"/>
          </accessor>
        </technique_common>
      </source>
      <source id="mixamorig_Spine1-Matrix-animation-output-transform">
        <float_array id="mixamorig_Spine1-Matrix-animation-output-transform-array" count="1216">

0.992710 0.120524 -0.000773 0.000000 -0.116141 0.954859 -0.273415 11.673000 -0.032215 0.271512 0.961896 -0.000000 0.000000 0.000000 0.000000 1.000000
0.993593 0.112947 -0.003902 -0.000000 -0.110418 0.962829 -0.246512 11.673000 -0.024086 0.245364 0.969132 0.000000 0.000000 0.000000 0.000000 1.000000
0.994259 0.106830 -0.005984 0.000000 -0.105453 0.968897 -0.223873 11.673000 -0.018118 0.223219 0.974600 0.000000 0.000000 0.000000 0.000000 1.000000
0.995077 0.098846 -0.007209 0.000000 -0.098297 0.975036 -0.199102 11.673000 -0.012651 0.198830 0.979952 0.000000 0.000000 0.000000 0.000000 1.000000
0.996216 0.086546 -0.007979 0.000000 -0.086654 0.981967 -0.168021 11.673000 -0.006706 0.168077 0.985751 -0.000000 0.000000 0.000000 0.000000 1.000000
0.997313 0.072843 -0.007817 -0.000000 -0.073236 0.988509 -0.132239 11.673000 -0.001905 0.132457 0.991187 0.000000 0.000000 0.000000 0.000000 1.000000
0.998117 0.060964 -0.006816 0.000000 -0.061336 0.993528 -0.095603 11.673000 0.000944 0.095841 0.995396 0.000000 0.000000 0.000000 0.000000 1.000000
0.998743 0.049740 -0.006245 0.000000 -0.050027 0.996911 -0.060538 11.673000 0.003214 0.060774 0.998146 0.000000 0.000000 0.000000 0.000000 1.000000
0.999335 0.035989 -0.005889 0.000000 -0.036139 0.998959 -0.027834 11.673000 0.004881 0.028029 0.999595 0.000000 0.000000 0.000000 0.000000 1.000000
0.999795 0.019725 -0.004656 0.000000 -0.019711 0.999801 0.003042 11.673000 0.004715 -0.002949 0.999985 0.000000 0.000000 0.000000 0.000000 1.000000
0.999980 0.005363 -0.003466 0.000000 -0.005239 0.999377 0.034899 11.673000 0.003651 -0.034880 0.999385 0.000000 0.000000 0.000000 0.000000 1.000000
0.999987 -0.003693 -0.003506 0.000000 0.003922 0.997691 0.067805 11.673000 0.003247 -0.067818 0.997692 0.000000 0.000000 0.000000 0.000000 1.000000
0.999966 -0.006980 -0.004356 -0.000000 0.007385 0.994838 0.101206 11.673000 0.003627 -0.101235 0.994856 0.000000 0.000000 0.000000 0.000000 1.000000
0.999977 -0.005515 -0.003988 0.000000 0.006002 0.990863 0.134741 11.673000 0.003208 -0.134762 0.990873 0.000000 0.000000 0.000000 0.000000 1.000000
0.999999 -0.001267 -0.001054 0.000000 0.001425 0.986085 0.166235 11.673000 0.000829 -0.166236 0.986086 0.000000 0.000000 0.000000 0.000000 1.000000
0.999990 0.002257 0.003948 0.000000 -0.002965 0.981843 0.189671 11.673000 -0.003448 -0.189681 0.981840 0.000000 0.000000 0.000000 0.000000 1.000000
0.999971 0.001116 0.007470 0.000000 -0.002590 0.979734 0.200285 11.673000 -0.007095 -0.200299 0.979709 0.000000 0.000000 0.000000 0.000000 1.000000
0.999991 -0.000062 0.004245 0.000000 -0.000788 0.979844 0.199764 11.673000 -0.004172 -0.199765 0.979835 0.000000 0.000000 0.000000 0.000000 1.000000
0.999936 0.009242 -0.006454 -0.000000 -0.007827 0.981266 0.192497 11.673000 0.008112 -0.192435 0.981276 -0.000000 0.000000 0.000000 0.000000 1.000000
0.999602 0.024977 -0.013140 0.000000 -0.022376 0.985126 0.170369 11.673000 0.017200 -0.170007 0.985293 0.000000 0.000000 0.000000 0.000000 1.000000
0.999367 0.034160 -0.009936 0.000000 -0.032495 0.990185 0.135931 11.673000 0.014482 -0.135522 0.990669 0.000000 0.000000 0.000000 0.000000 1.000000
0.999505 0.031453 0.001046 0.000000 -0.031372 0.993211 0.112018 11.673000 0.002484 -0.111995 0.993706 -0.000000 0.000000 0.000000 0.000000 1.000000
0.999543 0.025642 0.015983 0.000000 -0.027195 0.993994 0.106001 11.673000 -0.013168 -0.106387 0.994238 0.000000 0.000000 0.000000 0.000000 1.000000
0.999412 0.014891 0.030892 0.000000 -0.018030 0.994419 0.103953 11.673000 -0.029172 -0.104449 0.994102 0.000000 0.000000 0.000000 0.000000 1.000000
0.999246 0.004478 0.038557 0.000000 -0.008265 0.995090 0.098629 11.673000 -0.037926 -0.098873 0.994377 0.000000 0.000000 0.000000 0.000000 1.000000
0.999464 0.003673 0.032522 0.000000 -0.006685 0.995642 0.093017 11.673000 -0.032038 -0.093184 0.995133 0.000000 0.000000 0.000000 0.000000 1.000000
0.999786 0.009790 0.018202 0.000000 -0.011342 0.996123 0.087233 11.673000 -0.017277 -0.087421 0.996022 0.000000 0.000000 0.000000 0.000000 1.000000
0.999873 0.014836 0.005809 -0.000000 -0.015250 0.996730 0.079352 11.673000 -0.004613 -0.079430 0.996830 0.000000 0.000000 0.000000 0.000000 1.000000
0.999873 0.015877 -0.001260 0.000000 -0.015757 0.997631 0.066962 11.673000 0.002320 -0.066933 0.997755 -0.000000 0.000000 0.000000 0.000000 1.000000
0.999870 0.014764 -0.006443 0.000000 -0.014402 0.998488 0.053058 11.673000 0.007217 -0.052958 0.998571 0.000000 0.000000 0.000000 0.000000 1.000000
0.999507 0.017596 -0.026005 0.000000 -0.016490 0.998974 0.042168 11.673000 0.026720 -0.041718 0.998772 -0.000000 0.000000 0.000000 0.000000 1.000000
0.998170 0.023285 -0.055809 0.000000 -0.021288 0.999121 0.036101 11.673000 0.056601 -0.034847 0.997789 -0.000000 0.000000 0.000000 0.000000 1.000000
0.995950 0.029428 -0.084962 0.000000 -0.026639 0.999074 0.033777 11.673000 0.085877 -0.031377 0.995812 -0.000000 0.000000 0.000000 0.000000 1.000000
0.994441 0.032512 -0.100153 0.000000 -0.029298 0.999013 0.033396 11.673000 0.101139 -0.030276 0.994411 0.000000 0.000000 0.000000 0.000000 1.000000
0.994634 0.031531 -0.098531 0.000000 -0.028626 0.999117 0.030759 11.673000 0.099413 -0.027774 0.994659 0.000000 0.000000 0.000000 0.000000 1.000000
0.995999 0.028194 -0.084801 0.000000 -0.026262 0.999371 0.023813 11.673000 0.085419 -0.021491 0.996113 -0.000000 0.000000 0.000000 0.000000 1.000000
0.997759 0.023846 -0.062511 0.000000 -0.023012 0.999637 0.014028 11.673000 0.062823 -0.012558 0.997946 0.000000 0.000000 0.000000 0.000000 1.000000
0.999112 0.019387 -0.037399 0.000000 -0.019252 0.999807 0.003985 11.673000 0.037469 -0.003262 0.999292 0.000000 0.000000 0.000000 0.000000 1.000000
0.999742 0.015965 -0.016150 0.000000 -0.016028 0.999864 -0.003794 11.673000 0.016087 0.004052 0.999862 0.000000 0.000000 0.000000 0.000000 1.000000
0.999891 0.014501 -0.002786 -0.000000 -0.014523 0.999863 -0.007882 11.673000 0.002672 0.007922 0.999965 0.000000 0.000000 0.000000 0.000000 1.000000
0.999887 0.012827 0.007864 -0.000000 -0.012758 0.999880 -0.008777 11.673000 -0.007975 0.008675 0.999931 0.000000 0.000000 0.000000 0.000000 1.000000
0.999770 0.009725 0.019108 -0.000000 -0.009585 0.999927 -0.007411 11.673000 -0.019179 0.007226 0.999790 0.000000 0.000000 0.000000 0.000000 1.000000
0.999480 0.005819 0.031709 0.000000 -0.005664 0.999971 -0.004998 11.673000 -0.031738 0.004815 0.999485 -0.000000 0.000000 0.000000 0.000000 1.000000
0.999025 0.002373 0.044086 0.000000 -0.002251 0.999993 -0.002820 11.673000 -0.044092 0.002718 0.999024 -0.000000 0.000000 0.000000 0.000000 1.000000
0.998458 -0.000310 0.055513 0.000000 0.000364 0.999999 -0.000963 11.673000 -0.055513 0.000981 0.998457 0.000000 0.000000 0.000000 0.000000 1.000000
0.997651 -0.003168 0.068423 0.000000 0.003094 0.999995 0.001179 11.673000 -0.068426 -0.000965 0.997656 -0.000000 0.000000 0.000000 0.000000 1.000000
0.996377 -0.007310 0.084727 0.000000 0.007086 0.999971 0.002946 11.673000 -0.084746 -0.002335 0.996400 0.000000 0.000000 0.000000 0.000000 1.000000
0.994855 -0.012700 0.100514 -0.000000 0.012337 0.999915 0.004229 11.673000 -0.100559 -0.002968 0.994927 0.000000 0.000000 0.000000 0.000000 1.000000
0.993865 -0.017995 0.109128 0.000000 0.017428 0.999829 0.006143 11.673000 -0.109219 -0.004203 0.994009 0.000000 0.000000 0.000000 0.000000 1.000000
0.993750 -0.020938 0.109645 0.000000 0.020242 0.999767 0.007462 11.673000 -0.109776 -0.005196 0.993943 0.000000 0.000000 0.000000 0.000000 1.000000
0.994033 -0.020826 0.107072 0.000000 0.020337 0.999777 0.005661 11.673000 -0.107166 -0.003450 0.994235 -0.000000 0.000000 0.000000 0.000000 1.000000
0.994208 -0.019368 0.105711 0.000000 0.019242 0.999812 0.002210 11.673000 -0.105734 -0.000163 0.994394 0.000000 0.000000 0.000000 0.000000 1.000000
0.994111 -0.018112 0.106839 -0.000000 0.018162 0.999835 0.000501 11.673000 -0.106830 0.001443 0.994276 0.000000 0.000000 0.000000 0.000000 1.000000
0.993801 -0.017580 0.109772 0.000000 0.017533 0.999845 0.001389 11.673000 -0.109779 0.000545 0.993956 -0.000000 0.000000 0.000000 0.000000 1.000000
0.993460 -0.017594 0.112813 0.000000 0.017471 0.999845 0.002078 11.673000 -0.112832 -0.000094 0.993614 0.000000 0.000000 0.000000 0.000000 1.000000
0.993311 -0.017434 0.114149 0.000000 0.017491 0.999847 0.000504 11.673000 -0.114140 0.001496 0.993463 0.000000 0.000000 0.000000 0.000000 1.000000
0.993418 -0.015882 0.113438 0.000000 0.016212 0.999867 -0.001984 11.673000 -0.113391 0.003810 0.993543 -0.000000 0.000000 0.000000 0.000000 1.000000
0.993509 -0.011613 0.113162 0.000000 0.011914 0.999927 -0.001987 11.673000 -0.113130 0.003323 0.993575 -0.000000 0.000000 0.000000 0.000000 1.000000
0.993214 -0.004129 0.116225 -0.000000 0.003860 0.999989 0.002538 11.673000 -0.116235 -0.002073 0.993220 0.000000 0.000000 0.000000 0.000000 1.000000
0.992551 0.005100 0.121726 0.000000 -0.006592 0.999908 0.011862 11.673000 -0.121654 -0.012576 0.992493 0.000000 0.000000 0.000000 0.000000 1.000000
0.991912 0.013146 0.126245 -0.000000 -0.016413 0.999556 0.024877 11.673000 -0.125862 -0.026748 0.991687 0.000000 0.000000 0.000000 0.000000 1.000000
0.991588 0.018719 0.128077 0.000000 -0.023788 0.998988 0.038164 11.673000 -0.127233 -0.040890 0.991030 0.000000 0.000000 0.000000 0.000000 1.000000
0.991296 0.020994 0.129967 0.000000 -0.027628 0.998394 0.049449 11.673000 -0.128720 -0.052609 0.990285 0.000000 0.000000 0.000000 0.000000 1.000000
0.990888 0.022978 0.132717 0.000000 -0.030849 0.997866 0.057553 11.673000 -0.131111 -0.061122 0.989482 0.000000 0.000000 0.000000 0.000000 1.000000
0.990246 0.027507 0.136586 0.000000 -0.036039 0.997524 0.060392 11.673000 -0.134587 -0.064726 0.988786 -0.000000 0.000000 0.000000 0.000000 1.000000
