<?xml version="1.0" encoding="utf-8"?>
<COLLADA xmlns="http://www.collada.org/2005/11/COLLADASchema" version="1.4.1">
  <asset>
    <contributor>
      <author>Mixamo</author>
      <authoring_tool>COLLADA Mixamo exporter</authoring_tool>
      <comments/>
    </contributor>
    <created>2026-01-22T11:01:34Z</created>
    <modified>2026-01-22T11:01:34Z</modified>
    <revision/>
    <title/>
    <unit meter="0.010000"/>
    <up_axis>Y_UP</up_axis>
  </asset>
  <library_animations>
    <animation id="mixamorig_Hips-anim" name="mixamorig_Hips">
      <source id="mixamorig_Hips-Matrix-animation-input">
        <float_array id="mixamorig_Hips-Matrix-animation-input-array" count="192">

0.000000 0.033333 0.066667 0.100000 0.133333 0.166667 0.200000 0.233333 0.266667 0.300000 0.333333 0.366667 0.400000 0.433333 0.466667 0.500000
0.533333 0.566667 0.600000 0.633333 0.666667 0.700000 0.733333 0.766667 0.800000 0.833333 0.866667 0.900000 0.933333 0.966667 1.000000 1.033333
1.066667 1.100000 1.133333 1.166667 1.200000 1.233333 1.266667 1.300000 1.333333 1.366667 1.400000 1.433333 1.466667 1.500000 1.533333 1.566667
1.600000 1.633333 1.666667 1.700000 1.733333 1.766667 1.800000 1.833333 1.866667 1.900000 1.933333 1.966667 2.000000 2.033333 2.066667 2.100000
2.133333 2.166667 2.200000 2.233333 2.266667 2.300000 2.333333 2.366667 2.400000 2.433333 2.466667 2.500000 2.533333 2.566667 2.600000 2.633333
2.666667 2.700000 2.733333 2.766667 2.800000 2.833333 2.866667 2.900000 2.933333 2.966667 3.000000 3.033333 3.066667 3.100000 3.133333 3.166667
3.200000 3.233333 3.266667 3.300000 3.333333 3.366667 3.400000 3.433333 3.466667 3.500000 3.533333 3.566667 3.600000 3.633333 3.666667 3.700000
3.733333 3.766667 3.800000 3.833333 3.866667 3.900000 3.933333 3.966667 4.000000 4.033333 4.066667 4.100000 4.133333 4.166667 4.200000 4.233333
4.266667 4.300000 4.333333 4.366667 4.400000 4.433333 4.466667 4.500000 4.533333 4.566667 4.600000 4.633333 4.666667 4.700000 4.733333 4.766667
4.800000 4.833333 4.866667 4.900000 4.933333 4.966667 5.000000 5.033333 5.066667 5.100000 5.133333 5.166667 5.200000 5.233333 5.266667 5.300000
5.333333 5.366667 5.400000 5.433333 5.466667 5.500000 5.533333 5.566667 5.600000 5.633333 5.666667 5.700000 5.733333 5.766667 5.800000 5.833333
5.866667 5.900000 5.933333 5.966667 6.000000 6.033333 6.066667 6.100000 6.133333 6.166667 6.200000 6.233333 6.266667 6.300000 6.333333 6.366667</float_array>
        <technique_common>
          <accessor source="#mixamorig_Hips-Matrix-animation-input-array" count="192">
            <param name="TIME" type="float"/>
          </accessor>
        </technique_common>
      </source>
      <source id="mixamorig_Hips-Matrix-animation-output-transform">
        <float_array id="mixamorig_Hips-Matrix-animation-output-transform-array" count="3072">

0.999411 0.006836 0.033631 0.087407 -0.005713 0.999427 -0.033357 110.407356 -0.033840 0.033145 0.998877 0.262044 0.000000 0.000000 0.000000 1.000000
0.999692 -0.002704 0.024656 0.257786 0.003324 0.999678 -0.025157 110.326233 -0.024580 0.025231 0.999379 0.381603 0.000000 0.000000 0.000000 1.000000
0.999850 -0.013714 0.010574 0.489535 0.013899 0.999748 -0.017613 110.425125 -0.010330 0.017757 0.999789 0.649851 0.000000 0.000000 0.000000 1.000000
0.999673 -0.025122 -0.004742 0.793497 0.025070 0.999628 -0.010714 110.541039 0.005010 0.010592 0.999931 1.093765 0.000000 0.000000 0.000000 1.000000
0.999194 -0.034808 -0.019979 1.165832 0.034751 0.999391 -0.003204 110.573219 0.020079 0.002507 0.999795 1.720217 0.000000 0.000000 0.000000 1.000000
0.998464 -0.041967 -0.036162 1.601978 0.042089 0.999110 0.002602 110.495842 0.036021 -0.004120 0.999343 2.509603 0.000000 0.000000 0.000000 1.000000
0.997358 -0.045934 -0.056272 2.111548 0.046329 0.998910 0.005739 110.343185 0.055947 -0.008331 0.998399 3.467052 0.000000 0.000000 0.000000 1.000000
0.995542 -0.047473 -0.081502 2.662828 0.048447 0.998775 0.010020 110.236130 0.080927 -0.013924 0.996623 4.561391 0.000000 0.000000 0.000000 1.000000
0.993068 -0.053090 -0.104864 3.177685 0.055117 0.998343 0.016517 110.237709 0.103813 -0.022182 0.994349 5.636470 0.000000 0.000000 0.000000 1.000000
0.990610 -0.060774 -0.122468 3.649462 0.064333 0.997607 0.025316 110.315193 0.120636 -0.032957 0.992150 6.636341 0.000000 0.000000 0.000000 1.000000
0.987364 -0.062049 -0.145816 4.216883 0.067879 0.997067 0.035347 110.451019 0.143195 -0.044798 0.988680 7.681864 0.000000 0.000000 0.000000 1.000000
0.981733 -0.057501 -0.181368 4.985332 0.066454 0.996833 0.043675 110.551765 0.178282 -0.054929 0.982445 8.808032 0.000000 0.000000 0.000000 1.000000
0.974930 -0.051394 -0.216496 5.873593 0.063372 0.996799 0.048748 110.428795 0.213298 -0.061246 0.975066 9.889799 0.000000 0.000000 0.000000 1.000000
0.968977 -0.048556 -0.242336 6.702431 0.062633 0.996747 0.050723 109.957283 0.239085 -0.064327 0.968866 10.778199 0.000000 0.000000 0.000000 1.000000
0.963142 -0.048930 -0.264506 7.399086 0.064709 0.996586 0.051270 109.250015 0.261095 -0.066497 0.963020 11.508427 0.000000 0.000000 0.000000 1.000000
0.957674 -0.051055 -0.283290 7.964301 0.068133 0.996384 0.050758 108.461700 0.279674 -0.067911 0.957690 12.129930 0.000000 0.000000 0.000000 1.000000
0.956205 -0.052721 -0.287910 8.397985 0.069212 0.996475 0.047396 107.947075 0.284396 -0.065247 0.956484 12.696026 0.000000 0.000000 0.000000 1.000000
0.959414 -0.050650 -0.277417 8.671316 0.065016 0.996965 0.042827 107.933456 0.274406 -0.059125 0.959795 13.298524 0.000000 0.000000 0.000000 1.000000
0.963196 -0.041910 -0.265514 8.776595 0.054707 0.997661 0.040984 108.313560 0.263175 -0.054001 0.963235 13.990509 0.000000 0.000000 0.000000 1.000000
0.965087 -0.029476 -0.260267 8.720011 0.041736 0.998258 0.041705 108.778870 0.258584 -0.051112 0.964636 14.751137 0.000000 0.000000 0.000000 1.000000
0.966497 -0.017584 -0.256075 8.529407 0.029459 0.998657 0.042612 109.197075 0.254982 -0.048728 0.965717 15.559246 0.000000 0.000000 0.000000 1.000000
0.969037 -0.007658 -0.246798 8.220719 0.018490 0.998963 0.041606 109.503082 0.246224 -0.044881 0.968173 16.364485 0.000000 0.000000 0.000000 1.000000
0.972747 -0.000938 -0.231868 7.784459 0.010274 0.999184 0.039063 109.681015 0.231642 -0.040381 0.971963 17.127935 0.000000 0.000000 0.000000 1.000000
0.977605 -0.000533 -0.210450 7.246395 0.008804 0.999225 0.038367 109.871239 0.210266 -0.039360 0.976852 17.875978 0.000000 0.000000 0.000000 1.000000
0.983009 -0.008138 -0.183374 6.600088 0.015937 0.999028 0.041096 110.046913 0.182862 -0.043320 0.982184 18.646311 0.000000 0.000000 0.000000 1.000000
0.987003 -0.022273 -0.159150 5.781432 0.029509 0.998629 0.043246 110.077774 0.157969 -0.047381 0.986307 19.403648 0.000000 0.000000 0.000000 1.000000
0.988816 -0.035368 -0.144889 4.850848 0.041976 0.998201 0.042803 110.085373 0.143115 -0.048406 0.988522 20.093779 0.000000 0.000000 0.000000 1.000000
0.990049 -0.037964 -0.135502 3.913332 0.044382 0.998016 0.044658 110.163956 0.133538 -0.050227 0.989770 20.735523 0.000000 0.000000 0.000000 1.000000
0.992005 -0.033269 -0.121731 2.912324 0.039463 0.998027 0.048830 110.307487 0.119866 -0.053244 0.991361 21.333780 0.000000 0.000000 0.000000 1.000000
0.994536 -0.030663 -0.099788 1.757158 0.035884 0.998056 0.050953 110.438370 0.098032 -0.054255 0.993703 21.884474 0.000000 0.000000 0.000000 1.000000
0.997048 -0.032057 -0.069767 0.512541 0.035728 0.998006 0.052034 110.557877 0.067960 -0.054373 0.996205 22.376593 0.000000 0.000000 0.000000 1.000000
0.998841 -0.033560 -0.034504 -0.741965 0.035357 0.997975 0.052869 110.706223 0.032659 -0.054028 0.998005 22.803770 0.000000 0.000000 0.000000 1.000000
0.999419 -0.034050 0.001267 -1.945422 0.033933 0.997986 0.053592 110.873474 -0.003089 -0.053518 0.998562 23.168367 0.000000 0.000000 0.000000 1.000000
0.998923 -0.032512 0.033097 -3.068986 0.030705 0.998083 0.053729 110.972725 -0.034780 -0.052655 0.998007 23.460224 0.000000 0.000000 0.000000 1.000000
0.997831 -0.030897 0.058133 -4.193167 0.027873 0.998251 0.052141 110.982071 -0.059643 -0.050407 0.996946 23.668896 0.000000 0.000000 0.000000 1.000000
0.996681 -0.032013 0.074849 -5.370770 0.028294 0.998336 0.050239 110.933334 -0.076333 -0.047955 0.995929 23.807615 0.000000 0.000000 0.000000 1.000000
0.995617 -0.035660 0.086462 -6.536369 0.031458 0.998279 0.049488 110.800293 -0.088078 -0.046551 0.995025 23.911386 0.000000 0.000000 0.000000 1.000000
0.994413 -0.041007 0.097271 -7.609511 0.036569 0.998227 0.046973 110.609344 -0.099025 -0.043153 0.994149 24.001308 0.000000 0.000000 0.000000 1.000000
0.992905 -0.046468 0.109459 -8.590497 0.041952 0.998185 0.043203 110.379463 -0.111268 -0.038305 0.993052 24.076132 0.000000 0.000000 0.000000 1.000000
0.990851 -0.051934 0.124570 -9.515039 0.046982 0.997997 0.042366 110.171371 -0.126521 -0.036126 0.991306 24.136160 0.000000 0.000000 0.000000 1.000000
0.988692 -0.058518 0.138068 -10.346609 0.053202 0.997705 0.041889 110.068352 -0.140203 -0.034070 0.989536 24.221918 0.000000 0.000000 0.000000 1.000000
0.987390 -0.064183 0.144712 -11.015347 0.059235 0.997511 0.038251 110.092331 -0.146807 -0.029196 0.988734 24.362516 0.000000 0.000000 0.000000 1.000000
0.986914 -0.067243 0.146554 -11.503751 0.062819 0.997424 0.034620 110.196213 -0.148505 -0.024961 0.988597 24.553568 0.000000 0.000000 0.000000 1.000000
0.986911 -0.068027 0.146215 -11.826815 0.063868 0.997414 0.032956 110.296997 -0.148079 -0.023186 0.988704 24.785933 0.000000 0.000000 0.000000 1.000000
0.987293 -0.066682 0.144240 -12.001253 0.062642 0.997511 0.032380 110.351402 -0.146040 -0.022933 0.989013 25.056761 0.000000 0.000000 0.000000 1.000000
0.987803 -0.065019 0.141485 -12.066139 0.060978 0.997603 0.032716 110.387901 -0.143273 -0.023690 0.989400 25.368517 0.000000 0.000000 0.000000 1.000000
0.987823 -0.066405 0.140701 -12.093128 0.062242 0.997489 0.033786 110.453606 -0.142592 -0.024617 0.989475 25.737278 0.000000 0.000000 0.000000 1.000000
0.987376 -0.070556 0.141813 -12.110380 0.066392 0.997218 0.033885 110.606178 -0.143809 -0.024042 0.989313 26.174259 0.000000 0.000000 0.000000 1.000000
0.987150 -0.074393 0.141423 -12.071114 0.070548 0.996994 0.032021 110.733505 -0.143380 -0.021632 0.989431 26.633858 0.000000 0.000000 0.000000 1.000000
0.987336 -0.076601 0.138925 -11.962719 0.073236 0.996888 0.029181 110.795334 -0.140728 -0.018637 0.989873 27.035486 0.000000 0.000000 0.000000 1.000000
0.987807 -0.076839 0.135397 -11.789051 0.073890 0.996909 0.026681 110.812675 -0.137029 -0.016351 0.990432 27.351311 0.000000 0.000000 0.000000 1.000000
0.988643 -0.074354 0.130599 -11.565619 0.071868 0.997134 0.023653 110.816742 -0.131984 -0.013999 0.991153 27.594387 0.000000 0.000000 0.000000 1.000000
0.989697 -0.069853 0.124983 -11.341490 0.067905 0.997496 0.019780 110.831779 -0.126052 -0.011089 0.991962 27.781713 0.000000 0.000000 0.000000 1.000000
0.990694 -0.065153 0.119497 -11.150982 0.063630 0.997837 0.016518 110.859184 -0.120315 -0.008760 0.992697 27.936699 0.000000 0.000000 0.000000 1.000000
0.991519 -0.061553 0.114459 -10.979795 0.060392 0.998082 0.013583 110.904442 -0.115076 -0.006555 0.993335 28.074944 0.000000 0.000000 0.000000 1.000000
0.992103 -0.059577 0.110372 -10.803020 0.058851 0.998218 0.009831 110.958267 -0.110761 -0.003258 0.993842 28.191992 0.000000 0.000000 0.000000 1.000000
0.992367 -0.058551 0.108533 -10.624845 0.058278 0.998284 0.005695 110.993973 -0.108680 0.000673 0.994077 28.281116 0.000000 0.000000 0.000000 1.000000
0.992345 -0.057197 0.109450 -10.462847 0.057339 0.998353 0.001853 111.006149 -0.109376 0.004437 0.993991 28.351580 0.000000 0.000000 0.000000 1.000000
0.992158 -0.055458 0.112009 -10.320935 0.056025 0.998428 -0.001910 111.010963 -0.111727 0.008171 0.993705 28.415035 0.000000 0.000000 0.000000 1.000000
0.991795 -0.053839 0.115946 -10.195791 0.054773 0.998487 -0.004878 111.021080 -0.115508 0.011189 0.993243 28.483519 0.000000 0.000000 0.000000 1.000000
0.991022 -0.052196 0.123089 -10.086514 0.053320 0.998560 -0.005856 111.040001 -0.122606 0.012367 0.992378 28.573423 0.000000 0.000000 0.000000 1.000000
0.989731 -0.050633 0.133676 -9.995207 0.051926 0.998632 -0.006201 111.056129 -0.133179 0.013079 0.991006 28.660511 0.000000 0.000000 0.000000 1.000000
0.988079 -0.049530 0.145760 -9.929700 0.051140 0.998665 -0.007317 111.057289 -0.145203 0.014684 0.989293 28.718782 0.000000 0.000000 0.000000 1.000000
0.986080 -0.048768 0.158957 -9.884576 0.050730 0.998678 -0.008306 111.043846 -0.158342 0.016255 0.987251 28.770323 0.000000 0.000000 0.000000 1.000000
0.983671 -0.047812 0.173510 -9.844862 0.050240 0.998691 -0.009628 111.018616 -0.172822 0.018188 0.984785 28.833473 0.000000 0.000000 0.000000 1.000000
0.981188 -0.046876 0.187279 -9.810390 0.049877 0.998691 -0.011343 110.990990 -0.186502 0.020470 0.982241 28.901358 0.000000 0.000000 0.000000 1.000000
0.979083 -0.046784 0.198011 -9.786492 0.050232 0.998660 -0.012424 110.964653 -0.197165 0.022110 0.980121 28.966751 0.000000 0.000000 0.000000 1.000000
0.977291 -0.047512 0.206507 -9.771211 0.051227 0.998607 -0.012680 110.931572 -0.205617 0.022971 0.978363 29.036087 0.000000 0.000000 0.000000 1.000000
0.975513 -0.048235 0.214588 -9.765147 0.052095 0.998566 -0.012368 110.893341 -0.213683 0.023244 0.976626 29.113808 0.000000 0.000000 0.000000 1.000000
0.973580 -0.049076 0.223009 -9.779549 0.053296 0.998495 -0.012936 110.844864 -0.222039 0.024480 0.974730 29.197430 0.000000 0.000000 0.000000 1.000000
0.971439 -0.051108 0.231719 -9.840847 0.056007 0.998323 -0.014608 110.768974 -0.230584 0.027168 0.972673 29.285799 0.000000 0.000000 0.000000 1.000000
0.968901 -0.053597 0.241574 -9.958652 0.058866 0.998158 -0.014641 110.683228 -0.240344 0.028407 0.970272 29.385286 0.000000 0.000000 0.000000 1.000000
0.965665 -0.055241 0.253849 -10.127543 0.060464 0.998088 -0.012812 110.610687 -0.252656 0.027721 0.967159 29.491449 0.000000 0.000000 0.000000 1.000000
0.961913 -0.056121 0.267533 -10.359366 0.061499 0.998038 -0.011760 110.547150 -0.266348 0.027765 0.963477 29.590931 0.000000 0.000000 0.000000 1.000000
0.958255 -0.056484 0.280280 -10.665461 0.062600 0.997955 -0.012907 110.479507 -0.278978 0.029914 0.959831 29.675276 0.000000 0.000000 0.000000 1.000000
0.954644 -0.056812 0.292279 -11.049873 0.064212 0.997811 -0.015781 110.388947 -0.290742 0.033834 0.956203 29.743666 0.000000 0.000000 0.000000 1.000000
0.950481 -0.057223 0.305468 -11.526001 0.066359 0.997603 -0.019602 110.271225 -0.303614 0.038901 0.952001 29.800964 0.000000 0.000000 0.000000 1.000000
0.945604 -0.057670 0.320168 -12.085344 0.068708 0.997365 -0.023277 110.147858 -0.317982 0.044009 0.947075 29.859520 0.000000 0.000000 0.000000 1.000000
0.940186 -0.059279 0.335463 -12.700101 0.072223 0.997043 -0.026231 110.040756 -0.332916 0.048890 0.941688 29.913080 0.000000 0.000000 0.000000 1.000000
0.934210 -0.062366 0.351229 -13.359036 0.077731 0.996529 -0.029802 109.958557 -0.348151 0.055143 0.935815 29.932266 0.000000 0.000000 0.000000 1.000000
0.927665 -0.065787 0.367573 -14.071794 0.084064 0.995883 -0.033917 109.901894 -0.363828 0.062363 0.929376 29.889988 0.000000 0.000000 0.000000 1.000000
0.921050 -0.069724 0.383152 -14.813112 0.090862 0.995164 -0.037326 109.857635 -0.378696 0.069193 0.922931 29.759789 0.000000 0.000000 0.000000 1.000000
0.914652 -0.074148 0.397384 -15.529642 0.099113 0.994163 -0.042625 109.808273 -0.391904 0.078373 0.916662 29.527346 0.000000 0.000000 0.000000 1.000000
0.907942 -0.077917 0.411789 -16.201340 0.109112 0.992628 -0.052757 109.725784 -0.404643 0.092832 0.909751 29.246622 0.000000 0.000000 0.000000 1.000000
0.901078 -0.080252 0.426166 -16.848150 0.119551 0.990616 -0.066233 109.586441 -0.416852 0.110630 0.902217 28.974127 0.000000 0.000000 0.000000 1.000000
0.895061 -0.080614 0.438598 -17.476479 0.129399 0.988159 -0.082447 109.412529 -0.426758 0.130549 0.894894 28.716043 0.000000 0.000000 0.000000 1.000000
0.891014 -0.078168 0.447195 -18.064573 0.137588 0.985232 -0.101923 109.256912 -0.432624 0.152343 0.888610 28.528610 0.000000 0.000000 0.000000 1.000000
0.890205 -0.073810 0.449540 -18.588785 0.142542 0.982368 -0.120975 109.159042 -0.432685 0.171771 0.885030 28.523165 0.000000 0.000000 0.000000 1.000000
0.892429 -0.070502 0.445646 -19.058588 0.144874 0.980191 -0.135049 109.173416 -0.427297 0.185084 0.884964 28.745504 0.000000 0.000000 0.000000 1.000000
0.895360 -0.068978 0.439969 -19.509426 0.146006 0.978795 -0.143674 109.372917 -0.420729 0.192878 0.886445 29.163345 0.000000 0.000000 0.000000 1.000000
0.897543 -0.068003 0.435652 -19.915833 0.146283 0.978000 -0.148716 109.675873 -0.415955 0.197207 0.887745 29.763397 0.000000 0.000000 0.000000 1.000000
0.899965 -0.066498 0.430861 -20.201511 0.144853 0.977762 -0.151658 109.828705 -0.411194 0.198898 0.889584 30.577322 0.000000 0.000000 0.000000 1.000000
0.904932 -0.065481 0.420487 -20.365507 0.142057 0.977894 -0.153438 109.776978 -0.401145 0.198584 0.894230 31.601604 0.000000 0.000000 0.000000 1.000000
0.913875 -0.066344 0.400538 -20.419600 0.138726 0.978206 -0.154494 109.604805 -0.381559 0.196753 0.903162 32.790146 0.000000 0.000000 0.000000 1.000000
0.925460 -0.067688 0.372750 -20.342325 0.133664 0.978974 -0.154089 109.358932 -0.354483 0.192426 0.915049 34.162399 0.000000 0.000000 0.000000 1.000000
0.937844 -0.067117 0.340506 -20.152306 0.125578 0.980269 -0.152655 109.066170 -0.323541 0.185927 0.927767 35.799576 0.000000 0.000000 0.000000 1.000000
0.950639 -0.065950 0.303210 -19.920828 0.116380 0.981601 -0.151378 108.767899 -0.287648 0.179194 0.940823 37.732399 0.000000 0.000000 0.000000 1.000000
0.963212 -0.067267 0.260188 -19.653547 0.108915 0.982803 -0.149116 108.509254 -0.245683 0.171968 0.953974 39.907345 0.000000 0.000000 0.000000 1.000000
0.974669 -0.070416 0.212278 -19.307262 0.102725 0.984051 -0.145230 108.259064 -0.198665 0.163357 0.966357 42.289627 0.000000 0.000000 0.000000 1.000000
0.984109 -0.071728 0.162436 -18.899122 0.095115 0.985413 -0.141116 107.986839 -0.149944 0.154324 0.976576 44.886410 0.000000 0.000000 0.000000 1.000000
0.991010 -0.070173 0.113906 -18.426973 0.085635 0.986851 -0.137086 107.671684 -0.102789 0.145607 0.983988 47.684299 0.000000 0.000000 0.000000 1.000000
0.995519 -0.066446 0.067285 -17.863997 0.074789 0.988663 -0.130203 107.270576 -0.057870 0.134652 0.989202 50.731373 0.000000 0.000000 0.000000 1.000000
0.997875 -0.060869 0.023243 -17.202703 0.063184 0.991106 -0.117114 106.728241 -0.015907 0.118334 0.992846 54.120991 0.000000 0.000000 0.000000 1.000000
0.997991 -0.061688 -0.014441 -16.476679 0.059920 0.993066 -0.101141 106.181114 0.020580 0.100072 0.994767 57.701965 0.000000 0.000000 0.000000 1.000000
0.996687 -0.072715 -0.036431 -15.801266 0.069205 0.993555 -0.089774 105.629776 0.042724 0.086955 0.995296 61.353085 0.000000 0.000000 0.000000 1.000000
0.995591 -0.082193 -0.045190 -15.168101 0.078454 0.993776 -0.079087 104.985641 0.051409 0.075193 0.995843 64.898155 0.000000 0.000000 0.000000 1.000000
0.994454 -0.081440 -0.066556 -14.524430 0.077557 0.995242 -0.058985 104.110641 0.071043 0.053496 0.996038 68.288864 0.000000 0.000000 0.000000 1.000000
0.990818 -0.079544 -0.109331 -13.992089 0.076175 0.996492 -0.034659 103.291328 0.111705 0.026013 0.993401 71.714157 0.000000 0.000000 0.000000 1.000000
0.985932 -0.080314 -0.146584 -13.792624 0.078883 0.996762 -0.015559 103.105125 0.147359 0.003777 0.989076 75.280678 0.000000 0.000000 0.000000 1.000000
0.984574 -0.072353 -0.159308 -13.904746 0.073350 0.997306 0.000382 103.600807 0.158851 -0.012062 0.987229 79.053032 0.000000 0.000000 0.000000 1.000000
0.986045 -0.054957 -0.157147 -14.206751 0.058199 0.998175 0.016098 104.298401 0.155975 -0.025019 0.987444 82.923378 0.000000 0.000000 0.000000 1.000000
0.987643 -0.037341 -0.152206 -14.648146 0.042454 0.998633 0.030482 104.892181 0.150860 -0.036567 0.987879 86.826950 0.000000 0.000000 0.000000 1.000000
0.989289 -0.022101 -0.144290 -15.202834 0.028143 0.998805 0.039968 105.325317 0.143234 -0.043601 0.988728 90.745270 0.000000 0.000000 0.000000 1.000000
0.991459 -0.007949 -0.130180 -15.884339 0.013380 0.999074 0.040899 105.469543 0.129734 -0.042292 0.990646 94.616760 0.000000 0.000000 0.000000 1.000000
0.993719 0.002758 -0.111874 -16.717936 0.001141 0.999395 0.034771 105.296410 0.111902 -0.034681 0.993114 98.451523 0.000000 0.000000 0.000000 1.000000
0.995706 0.005991 -0.092382 -17.679882 -0.003423 0.999604 0.027938 104.957565 0.092513 -0.027502 0.995332 102.298424 0.000000 0.000000 0.000000 1.000000
0.997655 -0.000780 -0.068446 -18.708347 0.002541 0.999668 0.025644 104.673279 0.068403 -0.025758 0.997325 106.167122 0.000000 0.000000 0.000000 1.000000
0.999233 -0.014554 -0.036343 -19.848862 0.015504 0.999542 0.026003 104.147141 0.035948 -0.026547 0.999001 110.269196 0.000000 0.000000 0.000000 1.000000
0.999651 -0.025566 -0.006603 -21.154678 0.025699 0.999452 0.020871 103.559555 0.006066 -0.021033 0.999760 114.452118 0.000000 0.000000 0.000000 1.000000
0.999623 -0.026523 0.007089 -22.701704 0.026414 0.999538 0.015023 102.821381 -0.007484 -0.014830 0.999862 118.785667 0.000000 0.000000 0.000000 1.000000
0.999488 -0.025297 0.019593 -24.415581 0.024889 0.999474 0.020793 101.964706 -0.020109 -0.020295 0.999592 123.465477 0.000000 0.000000 0.000000 1.000000
0.998681 -0.019438 0.047516 -26.044012 0.017885 0.999299 0.032879 101.606392 -0.048122 -0.031986 0.998329 127.899940 0.000000 0.000000 0.000000 1.000000
0.997452 0.000704 0.071343 -27.541822 -0.003642 0.999150 0.041057 101.418472 -0.071253 -0.041212 0.996606 131.850815 0.000000 0.000000 0.000000 1.000000
0.996317 0.026521 0.081540 -28.974428 -0.030308 0.998502 0.045557 101.254967 -0.080209 -0.047861 0.995628 135.501862 0.000000 0.000000 0.000000 1.000000
0.993969 0.041285 0.101594 -30.347624 -0.045944 0.997976 0.043959 101.251701 -0.099573 -0.048361 0.993854 138.861526 0.000000 0.000000 0.000000 1.000000
0.989994 0.046971 0.133063 -31.618561 -0.052704 0.997813 0.039891 101.663315 -0.130899 -0.046505 0.990304 142.084595 0.000000 0.000000 0.000000 1.000000
0.987066 0.046812 0.153329 -32.651119 -0.053187 0.997871 0.037744 102.432610 -0.151236 -0.045411 0.987454 145.197800 0.000000 0.000000 0.000000 1.000000
0.985923 0.037743 0.162881 -33.433617 -0.043441 0.998557 0.031565 103.324722 -0.161455 -0.038197 0.986141 148.271484 0.000000 0.000000 0.000000 1.000000
0.982496 0.027061 0.184310 -34.046738 -0.031648 0.999257 0.021989 104.197350 -0.183578 -0.027437 0.982622 151.300690 0.000000 0.000000 0.000000 1.000000
0.974247 0.022664 0.224342 -34.517033 -0.026187 0.999576 0.012741 104.984200 -0.223958 -0.018288 0.974427 154.287674 0.000000 0.000000 0.000000 1.000000
0.962190 0.020915 0.271576 -34.793480 -0.022815 0.999732 0.003838 105.747032 -0.271423 -0.009889 0.962409 157.276199 0.000000 0.000000 0.000000 1.000000
0.948049 0.021129 0.317422 -34.842659 -0.020480 0.999776 -0.005381 106.370346 -0.317465 -0.001399 0.948269 160.224594 0.000000 0.000000 0.000000 1.000000
0.931613 0.028988 0.362294 -34.681190 -0.025939 0.999575 -0.013279 106.527054 -0.362525 0.002973 0.931969 163.122681 0.000000 0.000000 0.000000 1.000000
0.911601 0.042363 0.408888 -34.392509 -0.042157 0.999066 -0.009522 106.070229 -0.408909 -0.008557 0.912535 165.997559 0.000000 0.000000 0.000000 1.000000
0.889773 0.043594 0.454316 -34.201889 -0.055559 0.998371 0.013014 105.775642 -0.453009 -0.036821 0.890745 168.627655 0.000000 0.000000 0.000000 1.000000
0.869862 0.022739 0.492770 -34.073910 -0.046710 0.998245 0.036389 105.310333 -0.491078 -0.054670 0.869398 171.171585 0.000000 0.000000 0.000000 1.000000
0.846674 0.000386 0.532112 -33.997231 -0.025592 0.998872 0.039996 104.707756 -0.531497 -0.047482 0.845729 173.513382 0.000000 0.000000 0.000000 1.000000
0.810147 -0.006578 0.586189 -33.946804 -0.018663 0.999141 0.037006 104.446648 -0.585929 -0.040920 0.809329 175.525757 0.000000 0.000000 0.000000 1.000000
0.759613 -0.011902 0.650267 -33.932266 -0.019568 0.998962 0.041142 104.761177 -0.650081 -0.043976 0.758591 177.359619 0.000000 0.000000 0.000000 1.000000
0.699753 -0.018842 0.714136 -33.947346 -0.021527 0.998642 0.047441 105.499916 -0.714060 -0.048570 0.698397 179.258377 0.000000 0.000000 0.000000 1.000000
0.630502 -0.020559 0.775916 -33.913956 -0.029914 0.998263 0.050758 106.188042 -0.775611 -0.055214 0.628791 181.217743 0.000000 0.000000 0.000000 1.000000
0.547258 -0.016281 0.836805 -33.852440 -0.044382 0.997840 0.048439 106.649498 -0.835786 -0.063648 0.545353 183.056183 0.000000 0.000000 0.000000 1.000000
0.446003 -0.011930 0.894952 -33.898869 -0.056714 0.997525 0.041561 106.908913 -0.893233 -0.069293 0.444222 184.684357 0.000000 0.000000 0.000000 1.000000
0.330756 -0.010321 0.943660 -34.104404 -0.060441 0.997656 0.032096 106.738029 -0.941779 -0.067652 0.329357 186.168381 0.000000 0.000000 0.000000 1.000000
0.212480 -0.004939 0.977153 -34.402809 -0.059572 0.998062 0.017999 106.272911 -0.975348 -0.062035 0.211774 187.532684 0.000000 0.000000 0.000000 1.000000
0.101551 0.005243 0.994817 -34.760311 -0.064770 0.997899 0.001353 105.823189 -0.992720 -0.064571 0.101677 188.770706 0.000000 0.000000 0.000000 1.000000
0.009739 0.009889 0.999904 -35.179749 -0.071197 0.997420 -0.009171 105.387688 -0.997415 -0.071101 0.010418 189.942932 0.000000 0.000000 0.000000 1.000000
-0.052577 0.006044 0.998599 -35.572247 -0.069171 0.997558 -0.009680 105.122772 -0.996218 -0.069583 -0.052030 190.865875 0.000000 0.000000 0.000000 1.000000
-0.090947 0.002323 0.995853 -35.719307 -0.062333 0.998023 -0.008021 105.337280 -0.993903 -0.062804 -0.090623 191.424713 0.000000 0.000000 0.000000 1.000000
-0.122669 0.002603 0.992444 -35.448364 -0.054948 0.998445 -0.009411 105.760262 -0.990925 -0.055687 -0.122335 191.752472 0.000000 0.000000 0.000000 1.000000
-0.159665 0.003553 0.987165 -34.825439 -0.045247 0.998916 -0.010914 106.024696 -0.986134 -0.046409 -0.159331 191.876678 0.000000 0.000000 0.000000 1.000000
-0.194618 0.007666 0.980849 -34.076340 -0.033186 0.999346 -0.014395 106.083542 -0.980318 -0.035352 -0.194236 191.727524 0.000000 0.000000 0.000000 1.000000
-0.209865 0.014956 0.977616 -33.391598 -0.022384 0.999547 -0.020096 106.043823 -0.977474 -0.026100 -0.209435 191.310959 0.000000 0.000000 0.000000 1.000000
-0.203546 0.017478 0.978909 -32.697330 -0.014575 0.999676 -0.020880 105.916634 -0.978957 -0.018518 -0.203225 190.636185 0.000000 0.000000 0.000000 1.000000
-0.191229 0.014244 0.981442 -31.848616 -0.010026 0.999814 -0.016465 105.612000 -0.981494 -0.012988 -0.191051 189.646729 0.000000 0.000000 0.000000 1.000000
-0.183341 0.010363 0.982995 -30.902122 -0.009855 0.999875 -0.012379 105.225220 -0.983000 -0.011957 -0.183216 188.325836 0.000000 0.000000 0.000000 1.000000
-0.176271 0.005917 0.984324 -29.941273 -0.012224 0.999892 -0.008200 104.866432 -0.984266 -0.013478 -0.176180 186.692383 0.000000 0.000000 0.000000 1.000000
-0.165425 0.001756 0.986221 -28.967907 -0.013194 0.999905 -0.003993 104.552971 -0.986134 -0.013673 -0.165386 184.768387 0.000000 0.000000 0.000000 1.000000
-0.152292 0.000555 0.988335 -27.994061 -0.014591 0.999890 -0.002810 104.341858 -0.988228 -0.014849 -0.152267 182.568039 0.000000 0.000000 0.000000 1.000000
-0.139992 -0.000640 0.990152 -27.079172 -0.019018 0.999817 -0.002042 104.210724 -0.989970 -0.019117 -0.139979 180.130768 0.000000 0.000000 0.000000 1.000000
-0.131945 -0.002951 0.991253 -26.259207 -0.020698 0.999786 0.000222 104.105270 -0.991041 -0.020488 -0.131978 177.677368 0.000000 0.000000 0.000000 1.000000
-0.126676 -0.000391 0.991944 -25.504818 -0.019709 0.999804 -0.002123 104.010742 -0.991748 -0.019819 -0.126659 175.367706 0.000000 0.000000 0.000000 1.000000
-0.112948 0.006115 0.993582 -24.790560 -0.023337 0.999689 -0.008806 103.904060 -0.993327 -0.024182 -0.112770 173.136505 0.000000 0.000000 0.000000 1.000000
-0.085520 0.011073 0.996275 -24.133387 -0.030482 0.999441 -0.013725 103.836678 -0.995870 -0.031542 -0.085134 170.995056 0.000000 0.000000 0.000000 1.000000
-0.050935 0.016832 0.998560 -23.497789 -0.036420 0.999162 -0.018700 103.875305 -0.998038 -0.037320 -0.050279 169.002151 0.000000 0.000000 0.000000 1.000000
-0.012853 0.026699 0.999561 -22.854692 -0.043567 0.998679 -0.027236 103.956497 -0.998968 -0.043898 -0.011673 167.234070 0.000000 0.000000 0.000000 1.000000
0.030247 0.038139 0.998815 -22.242159 -0.053662 0.997893 -0.036479 104.054131 -0.998101 -0.052495 0.032230 165.737411 0.000000 0.000000 0.000000 1.000000
0.077489 0.049568 0.995760 -21.692385 -0.063923 0.996955 -0.044653 104.174042 -0.994942 -0.060192 0.080421 164.483185 0.000000 0.000000 0.000000 1.000000
0.128453 0.062471 0.989746 -21.211386 -0.074274 0.995817 -0.053215 104.303658 -0.988930 -0.066677 0.132556 163.412537 0.000000 0.000000 0.000000 1.000000
0.185689 0.075374 0.979713 -20.746019 -0.083765 0.994638 -0.060646 104.439919 -0.979032 -0.070805 0.191007 162.492783 0.000000 0.000000 0.000000 1.000000
0.246886 0.085012 0.965308 -20.208965 -0.089666 0.993875 -0.064594 104.616310 -0.964887 -0.070608 0.252997 161.679398 0.000000 0.000000 0.000000 1.000000
0.304487 0.091074 0.948152 -19.561558 -0.092448 0.993545 -0.065745 104.855316 -0.948019 -0.067637 0.310941 160.948837 0.000000 0.000000 0.000000 1.000000
0.354925 0.096353 0.929916 -18.814890 -0.093605 0.993339 -0.067198 105.136703 -0.930197 -0.063195 0.361580 160.298767 0.000000 0.000000 0.000000 1.000000
0.401047 0.102390 0.910317 -17.966124 -0.092870 0.993158 -0.070793 105.440292 -0.911338 -0.056150 0.407812 159.759995 0.000000 0.000000 0.000000 1.000000
0.445792 0.106555 0.888772 -16.998798 -0.088782 0.993257 -0.074550 105.793640 -0.890723 -0.045673 0.452246 159.371063 0.000000 0.000000 0.000000 1.000000
0.489042 0.107920 0.865559 -15.943612 -0.081479 0.993630 -0.077853 106.167542 -0.868447 -0.032451 0.494719 159.196579 0.000000 0.000000 0.000000 1.000000
0.529180 0.109120 0.841464 -14.838318 -0.073732 0.993859 -0.082514 106.461609 -0.845300 -0.018378 0.533975 159.332672 0.000000 0.000000 0.000000 1.000000
0.565354 0.108620 0.817665 -13.676641 -0.065254 0.994074 -0.086937 106.687889 -0.822263 -0.004206 0.569092 159.842758 0.000000 0.000000 0.000000 1.000000
0.600500 0.102332 0.793050 -12.441730 -0.053110 0.994692 -0.088136 106.957420 -0.797859 0.010807 0.602747 160.722412 0.000000 0.000000 0.000000 1.000000
0.638344 0.092837 0.764133 -11.148219 -0.039732 0.995351 -0.087738 107.186462 -0.768726 0.025646 0.639064 161.985519 0.000000 0.000000 0.000000 1.000000
0.678438 0.084980 0.729726 -9.870154 -0.032433 0.995783 -0.085811 107.287201 -0.733941 0.034550 0.678334 163.664810 0.000000 0.000000 0.000000 1.000000
0.717731 0.074040 0.692373 -8.664247 -0.029312 0.996662 -0.076195 107.364922 -0.695704 0.034393 0.717505 165.778687 0.000000 0.000000 0.000000 1.000000
0.755253 0.061604 0.652532 -7.575556 -0.028693 0.997726 -0.060983 107.448013 -0.654805 0.027335 0.755304 168.347458 0.000000 0.000000 0.000000 1.000000
0.791628 0.053999 0.608612 -6.696798 -0.032066 0.998386 -0.046874 107.299957 -0.610161 0.017591 0.792082 171.232773 0.000000 0.000000 0.000000 1.000000
0.825202 0.048270 0.562772 -6.045644 -0.035121 0.998799 -0.034171 106.896805 -0.563745 0.008433 0.825906 174.006653 0.000000 0.000000 0.000000 1.000000
0.857685 0.042455 0.512420 -5.512274 -0.035686 0.999097 -0.023046 106.483093 -0.512936 0.001480 0.858426 176.461548 0.000000 0.000000 0.000000 1.000000
0.892228 0.037279 0.450043 -4.979547 -0.034138 0.999303 -0.015097 106.335342 -0.450292 -0.001893 0.892879 178.649124 0.000000 0.000000 0.000000 1.000000
0.927321 0.029205 0.373127 -4.252382 -0.027323 0.999573 -0.010332 106.686272 -0.373269 -0.000614 0.927723 180.770691 0.000000 0.000000 0.000000 1.000000
0.957837 0.019806 0.286630 -3.238548 -0.018124 0.999799 -0.008519 107.582474 -0.286741 0.002965 0.958004 183.012497 0.000000 0.000000 0.000000 1.000000
0.979973 0.013396 0.198681 -2.105276 -0.011428 0.999874 -0.011050 108.702728 -0.198804 0.008558 0.980002 185.428406 0.000000 0.000000 0.000000 1.000000
0.993469 0.009978 0.113667 -1.000987 -0.007774 0.999773 -0.019818 109.730232 -0.113839 0.018805 0.993321 188.045578 0.000000 0.000000 0.000000 1.000000
0.999411 0.006836 0.033631 0.087403 -0.005713 0.999427 -0.033357 110.407372 -0.033840 0.033145 0.998877 190.885010 0.000000 0.000000 0.000000 1.000000</float_array>
        <technique_common>
          <accessor source="#mixamorig_Hips-Matrix-animation-output-transform-array" count="192" stride="16">
            <param type="float4x4"/>
          </accessor>
        </technique_common>
      </source>
      <source id="mixamorig_Hips-Interpolations">
        <Name_array id="mixamorig_Hips-Interpolations-array" count="192">
 LINEAR LINEAR LINEAR LINEAR LINEAR LINEAR LINEAR LINEAR LINEAR LINEAR LINEAR
LINEAR LINEAR LINEAR LINEAR LINEAR LINEAR LINEAR LINEAR LINEAR LINEAR LINEAR LINEAR
LINEAR LINEAR LINEAR LINEAR LINEAR LINEAR LINEAR LINEAR LINEAR LINEAR LINEAR LINEAR
LINEAR LINEAR LINEAR LINEAR LINEAR LINEAR LINEAR LINEAR LINEAR LINEAR LINEAR LINEAR
LINEAR LINEAR LINEAR LINEAR LINEAR LINEAR LINEAR LINEAR LINEAR LINEAR LINEAR LINEAR
LINEAR LINEAR LINEAR LINEAR LINEAR LINEAR LINEAR LINEAR LINEAR LINEAR LINEAR LINEAR
LINEAR LINEAR LINEAR LINEAR LINEAR LINEAR LINEAR LINEAR LINEAR LINEAR LINEAR LINEAR
LINEAR LINEAR LINEAR LINEAR LINEAR LINEAR LINEAR LINEAR LINEAR LINEAR LINEAR LINEAR
LINEAR LINEAR LINEAR LINEAR LINEAR LINEAR LINEAR LINEAR LINEAR LINEAR LINEAR LINEAR
LINEAR LINEAR LINEAR LINEAR LINEAR LINEAR LINEAR LINEAR LINEAR LINEAR LINEAR LINEAR
LINEAR LINEAR LINEAR LINEAR LINEAR LINEAR LINEAR LINEAR LINEAR LINEAR LINEAR LINEAR
LINEAR LINEAR LINEAR LINEAR LINEAR LINEAR LINEAR LINEAR LINEAR LINEAR LINEAR LINEAR
LINEAR LINEAR LINEAR LINEAR LINEAR LINEAR LINEAR LINEAR LINEAR LINEAR LINEAR LINEAR
LINEAR LINEAR LINEAR LINEAR LINEAR LINEAR LINEAR LINEAR LINEAR LINEAR LINEAR LINEAR
LINEAR LINEAR LINEAR LINEAR LINEAR LINEAR LINEAR LINEAR LINEAR LINEAR LINEAR LINEAR
LINEAR LINEAR LINEAR LINEAR LINEAR LINEAR LINEAR LINEAR LINEAR LINEAR LINEAR LINEAR
LINEAR</Name_array>
        <technique_common>
          <accessor source="#mixamorig_Hips-Interpolations-array" count="192">
            <param type="name"/>
          </accessor>
        </technique_common>
      </source>
      <sampler id="mixamorig_Hips-Matrix-animation-transform">
        <input semantic="INPUT" source="#mixamorig_Hips-Matrix-animation-input"/>
        <input semantic="OUTPUT" source="#mixamorig_Hips-Matrix-animation-output-transform"/>
        <input semantic="INTERPOLATION" source="#mixamorig_Hips-Interpolations"/>
      </sampler>
      <channel source="#mixamorig_Hips-Matrix-animation-transform" target="mixamorig_Hips/matrix"/>
    </animation>
    <animation id="mixamorig_Spine-anim" name="mixamorig_Spine">
      <source id="mixamorig_Spine-Matrix-animation-input">
        <float_array id="mixamorig_Spine-Matrix-animation-input-array" count="192">

0.000000 0.033333 0.066667 0.100000 0.133333 0.166667 0.200000 0.233333 0.266667 0.300000 0.333333 0.366667 0.400000 0.433333 0.466667 0.500000
0.533333 0.566667 0.600000 0.633333 0.666667 0.700000 0.733333 0.766667 0.800000 0.833333 0.866667 0.900000 0.933333 0.966667 1.000000 1.033333
1.066667 1.100000 1.133333 1.166667 1.200000 1.233333 1.266667 1.300000 1.333333 1.366667 1.400000 1.433333 1.466667 1.500000 1.533333 1.566667
1.600000 1.633333 1.666667 1.700000 1.733333 1.766667 1.800000 1.833333 1.866667 1.900000 1.933333 1.966667 2.000000 2.033333 2.066667 2.100000
2.133333 2.166667 2.200000 2.233333 2.266667 2.300000 2.333333 2.366667 2.400000 2.433333 2.466667 2.500000 2.533333 2.566667 2.600000 2.633333
2.666667 2.700000 2.733333 2.766667 2.800000 2.833333 2.866667 2.900000 2.933333 2.966667 3.000000 3.033333 3.066667 3.100000 3.133333 3.166667
3.200000 3.233333 3.266667 3.300000 3.333333 3.366667 3.400000 3.433333 3.466667 3.500000 3.533333 3.566667 3.600000 3.633333 3.666667 3.700000
3.733333 3.766667 3.800000 3.833333 3.866667 3.900000 3.933333 3.966667 4.000000 4.033333 4.066667 4.100000 4.133333 4.166667 4.200000 4.233333
4.266667 4.300000 4.333333 4.366667 4.400000 4.433333 4.466667 4.500000 4.533333 4.566667 4.600000 4.633333 4.666667 4.700000 4.733333 4.766667
4.800000 4.833333 4.866667 4.900000 4.933333 4.966667 5.000000 5.033333 5.066667 5.100000 5.133333 5.166667 5.200000 5.233333 5.266667 5.300000
5.333333 5.366667 5.400000 5.433333 5.466667 5.500000 5.533333 5.566667 5.600000 5.633333 5.666667 5.700000 5.733333 5.766667 5.800000 5.833333
5.866667 5.900000 5.933333 5.966667 6.000000 6.033333 6.066667 6.100000 6.133333 6.166667 6.200000 6.233333 6.266667 6.300000 6.333333 6.366667</float_array>
        <technique_common>
          <accessor source="#mixamorig_Spine-Matrix-animation-input-array" count="192">
            <param name="TIME" type="float"/>
          </accessor>
        </technique_common>
      </source>
      <source id="mixamorig_Spine-Matrix-animation-output-transform">
        <float_array id="mixamorig_Spine-Matrix-animation-output-transform-array" count="3072">

0.999752 -0.004693 -0.021758 0.000400 0.002439 0.994733 -0.102472 10.664600 0.022124 0.102394 0.994498 -0.060300 0.000000 0.000000 0.000000 1.000000
0.999856 -0.001440 -0.016880 0.000400 -0.000451 0.993768 -0.111470 10.664600 0.016935 0.111461 0.993624 -0.060300 0.000000 0.000000 0.000000 1.000000
0.999927 0.003466 -0.011573 0.000400 -0.004810 0.992973 -0.118245 10.664600 0.011082 0.118292 0.992917 -0.060300 0.000000 0.000000 0.000000 1.000000
0.999923 0.008782 -0.008821 0.000400 -0.009797 0.992412 -0.122563 10.664600 0.007678 0.122639 0.992422 -0.060300 0.000000 0.000000 0.000000 1.000000
0.999881 0.012247 -0.009387 0.000400 -0.013332 0.991957 -0.125868 10.664600 0.007770 0.125978 0.992003 -0.060300 0.000000 0.000000 0.000000 1.000000
0.999843 0.013497 -0.011451 0.000400 -0.014835 0.991885 -0.126271 10.664600 0.009654 0.126421 0.991930 -0.060300 0.000000 0.000000 0.000000 1.000000
0.999851 0.012235 -0.012204 0.000400 -0.013641 0.992351 -0.122692 10.664600 0.010610 0.122841 0.992370 -0.060300 0.000000 0.000000 0.000000 1.000000
0.999871 0.011094 -0.011646 0.000400 -0.012403 0.992796 -0.119176 10.664600 0.010240 0.119305 0.992805 -0.060300 0.000000 0.000000 0.000000 1.000000
0.999731 0.018420 -0.014064 0.000400 -0.019964 0.992698 -0.118962 10.664600 0.011770 0.119210 0.992799 -0.060300 0.000000 0.000000 0.000000 1.000000
0.999338 0.031311 -0.018550 0.000400 -0.033367 0.991780 -0.123525 10.664600 0.014530 0.124062 0.992168 -0.060300 0.000000 0.000000 0.000000 1.000000
0.999101 0.038671 -0.017353 0.000400 -0.040616 0.990543 -0.131057 10.664600 0.012121 0.131644 0.991223 -0.060300 0.000000 0.000000 0.000000 1.000000
0.999145 0.039703 -0.011539 0.000400 -0.040919 0.989524 -0.138451 10.664600 0.005921 0.138805 0.990302 -0.060300 0.000000 0.000000 0.000000 1.000000
0.999159 0.039330 -0.011622 0.000400 -0.040607 0.988452 -0.145993 10.664600 0.005746 0.146342 0.989217 -0.060300 0.000000 0.000000 0.000000 1.000000
0.998770 0.045607 -0.019456 0.000400 -0.048093 0.986539 -0.156292 10.664600 0.012066 0.157035 0.987519 -0.060300 0.000000 0.000000 0.000000 1.000000
0.997815 0.060214 -0.027185 0.000400 -0.063969 0.983417 -0.169704 10.664600 0.016516 0.171072 0.985120 -0.060300 0.000000 0.000000 0.000000 1.000000
0.996352 0.078060 -0.034485 0.000400 -0.083107 0.979351 -0.184294 10.664600 0.019387 0.186487 0.982266 -0.060300 0.000000 0.000000 0.000000 1.000000
0.994773 0.089484 -0.049184 0.000400 -0.097412 0.976080 -0.194366 10.664600 0.030615 0.198141 0.979695 -0.060300 0.000000 0.000000 0.000000 1.000000
0.993572 0.090112 -0.068519 0.000400 -0.102088 0.974798 -0.198359 10.664600 0.048918 0.204079 0.977731 -0.060300 0.000000 0.000000 0.000000 1.000000
0.993305 0.083788 -0.079529 0.000400 -0.098309 0.974641 -0.201022 10.664600 0.060669 0.207494 0.976353 -0.060300 0.000000 0.000000 0.000000 1.000000
0.993926 0.077389 -0.078241 0.000400 -0.091927 0.974709 -0.203693 10.664600 0.060499 0.209649 0.975903 -0.060300 0.000000 0.000000 0.000000 1.000000
0.994734 0.072476 -0.072460 0.000400 -0.085968 0.974988 -0.204960 10.664600 0.055793 0.210110 0.976084 -0.060300 0.000000 0.000000 0.000000 1.000000
